   0.00000000       1.00000000       0.00000000    
   1.9999999552965164E-002  0.99993750320623120        0.0000000000000000        4.9997435015036731E-005
   2.9999999329447746E-002  0.99975002563790605        4.9997435265148667E-005   1.9997948967516167E-004
   3.9999999105930328E-002  0.99943760573282170        1.9997949217579242E-004   4.4991541374264090E-004
   4.9999998882412910E-002  0.99900030754874058        4.4991542649458342E-004   7.9975396100753218E-004
   5.9999998658895493E-002  0.99843822075271926        7.9975400600876202E-004   1.2494233978245896E-003
   6.9999998435378075E-002  0.99775146060390485        1.2494235230568701E-003   1.7988315168761205E-003
   7.9999998211860657E-002  0.99694016792979323        1.7988318122689735E-003   2.4478656561654159E-003
   8.9999997988343239E-002  0.99600450909594429        2.4478662735203894E-003   3.1963927232445677E-003
   9.9999997764825821E-002  0.99494467596915226        3.1963939000973591E-003   4.0442592246781933E-003
  0.10999999754130840       0.99376088587406974        4.0442613120715504E-003   4.9912913007442057E-003
  0.11999999731779099       0.99245338154328866        4.9912947948786883E-003   6.0372947653690723E-003
  0.12999999709427357       0.99102243106088050        6.0373003430950313E-003   7.1820551512955973E-003
  0.13999999687075615       0.98946832779940186        7.1820637094038142E-003   8.4253377604785133E-003
  0.14999999664723873       0.98779139035037389        8.4253504587421361E-003   9.7668877197008910E-003
  0.15999999642372131       0.98599196244824483        9.7669060276172025E-003   1.1206430041404137E-002
  0.16999999620020390       0.98407041288784802        1.1206455788579145E-002   1.2743669689721583E-002
  0.17999999597668648       0.98202713543536946        1.2743705119836034E-002   1.4378291651704435E-002
  0.18999999575316906       0.97986254873284140        1.4378339479995039E-002   1.6109961013726883E-002
  0.19999999552965164       0.97757709619618116        1.6110024487912031E-002   1.7938323043055072E-002
  0.20999999530613422       0.97517124590679460        1.7938406007630341E-002   1.9863003274564320E-002
  0.21999999508261681       0.97264549049676841        1.9863110238387532E-002   2.1883607602585276E-002
  0.22999999485909939       0.97000034702767579        2.1883743809667587E-002   2.3999722377859370E-002
  0.23999999463558197       0.96723635686302312        2.3999893881274215E-002   2.6210914509581507E-002
  0.24999999441206455       0.96435408553436708        2.6211128248399058E-002   2.8516731572506337E-002
  0.25999999418854713       0.96135412260113429        2.8516995451657316E-002   3.0916701919092571E-002
  0.26999999396502972       0.95823708150417697        3.0917024892061315E-002   3.3410334796658427E-002
  0.27999999374151230       0.95500359941310187        3.3410726950901033E-002   3.5997120469518508E-002
  0.28999999351799488       0.95165433706740976        3.5997593114498780E-002   3.8676530346072192E-002
  0.29999999329447746       0.94818997861148735        3.8677096103803994E-002   4.1448017110810122E-002
  0.30999999307096004       0.94461123142349368        4.1448690008791728E-002   4.4311014861205061E-002
  0.31999999284744263       0.94091882593818721        4.4311810427627524E-002   4.7264939249450237E-002
  0.32999999262392521       0.93711351546373978        4.7265874610559221E-002   5.0309187629008184E-002
  0.33999999240040779       0.93319607599258803        5.0310281608495086E-002   5.3443139205929580E-002
  0.34999999217689037       0.92916730600637332        5.3444412426225156E-002   5.6666155194901348E-002
  0.35999999195337296       0.92502802627502512        5.6667630180242484E-002   5.9977578979979906E-002
  0.36999999172985554       0.92077907965004258        5.9979280261117755E-002   6.3376736279965942E-002
  0.37999999150633812       0.91642133085203370        6.3378690500381002E-002   6.6862935318373048E-002
  0.38999999128282070       0.91195566625257207        6.6865171341860236E-002   7.0435466997942342E-002
  0.39999999105930328       0.90738299365043373        7.0438016017428343E-002   7.4093605079653013E-002
  0.40999999083578587       0.90270424204227850        7.4096500727104719E-002   7.7836606366177202E-002
  0.41999999061226845       0.89792036138784304        7.7839884823459382E-002   8.1663710889725571E-002
  0.42999999038875103       0.89303232236971319        8.1667411000264298E-002   8.5574142104229450E-002
  0.43999999016523361       0.88804111614774817        8.5578305485335696E-002   8.9567107081801475E-002
  0.44999998994171619       0.88294775410822657        8.9571778237509461E-002   9.3641796713418754E-002
  0.45999998971819878       0.87775326760779193        9.3647023147690675E-002   9.7797385913766466E-002
  0.46999998949468136       0.87245870771227152        9.7803218243916953E-002  0.10203303383018279     
  0.47999998927116394       0.86706514493044873       0.10203952590037341       0.10634788405564102     
  0.48999998904764652       0.86157366894286835       0.10635509305029554       0.11074106484570533     
  0.49999998882412910       0.85598538832575710       0.11074905140269740       0.11521168933939432     
  0.50999998860061169       0.85030143027014360       0.11522051766285668       0.11975885578388512     
  0.51999998837709427       0.84452294029626207       0.11976859375649214       0.12438164776299035     
  0.52999998815357685       0.83865108196332905       0.12439236705756346       0.12907913442933677     
  0.53999998793005943       0.83268703657477994       0.12909091061962513       0.13385037074017606     
  0.54999998770654202       0.82663200287905725       0.13386328341066367       0.13869439769675421     
  0.55999998748302460       0.82048719676604254       0.13870853055134633       0.14361024258716598     
  0.56999998725950718       0.81425385095922465       0.14362568355660846       0.14859691923262028     
  0.57999998703598976       0.80793321470370039       0.14861376058050710       0.15365342823703970     
  0.58999998681247234       0.80152655345010337       0.15367176666426419       0.15877875723991730     
  0.59999998658895493       0.79503514853455948       0.15879869398742505       0.16397188117235242     
  0.60999998636543751       0.78846029685476748       0.16399352212205612       0.16923176251618602     
  0.61999998614192009       0.78180331054230523       0.16925521828990142       0.17455735156615582     
  0.62999998591840267       0.77506551663126411       0.17458273762242435       0.17994758669498873     
  0.63999998569488525       0.76824825672331265       0.17997502342365121       0.18540139462134989     
  0.64999998547136784       0.76135288664929524       0.18543100743573906       0.19091769068056383     
  0.65999998524785042       0.75438077612746923       0.19094961010718650       0.19649537909802461     
  0.66999998502433300       0.74733330841848722       0.19652974086360689       0.20213335326521023     
  0.67999998480081558       0.74021187997723137       0.20217029838097997       0.20783049601821491     
  0.68999998457729816       0.73301790010160717       0.20787017086130294       0.21358567991871427     
  0.69999998435378075       0.72575279057840558       0.21362823631055453       0.21939776753727555     
  0.70999998413026333       0.71841798532634271       0.21944336281888965       0.22526561173892584     
  0.71999998390674591       0.71101493003638749       0.22531440884298135       0.23118805597089001     
  0.72999998368322849       0.70354508180948760       0.23124022349042497       0.23716393455240992     
  0.73999998345971107       0.69600990879180524       0.23721964680611865       0.24319207296655582     
  0.74999998323619366       0.68841088980757537       0.24325151006053614       0.24927128815393973     
  0.75999998301267624       0.68074951398969752       0.24933463603980580       0.25540038880824201     
  0.76999998278915882       0.67302728040817494       0.25546783933750994       0.26157817567346003     
  0.77999998256564140       0.66524569769651465       0.26164992664811837       0.26780344184278831     
  0.78999998234212399       0.65740628367620091       0.26787969706196962       0.27407497305903927     
  0.79999998211860657       0.64951056497935689       0.27415594236171298       0.28039154801651450     
  0.80999998189508915       0.64156007666970871       0.28047744732012608       0.28675193866423304     
  0.81999998167157173       0.63355636186196496       0.28684298999922003       0.29315491051042802     
  0.82999998144805431       0.62550097133972760       0.29325134205054476       0.29959922292821795     
  0.83999998122453690       0.61739546317204796       0.29970126901661021       0.30608362946236167     
  0.84999998100101948       0.60924140232874202       0.30619153063333254       0.31260687813700638     
  0.85999998077750206       0.60104036029458008       0.31272088113342450       0.31916771176433595     
  0.86999998055398464       0.59279391468246467       0.31928806955063538       0.32576486825402828     
  0.87999998033046722       0.58450364884571115       0.32589184002476307       0.33239708092343112     
  0.88999998010694981       0.57617115148954501       0.33253093210734386       0.33906307880836400     
  0.89999997988343239       0.56779801628192961       0.33920408106793770       0.34576158697445636     
  0.90999997965991497       0.55938584146383785       0.34591001820092465       0.35249132682892975     
  0.91999997943639755       0.55093622945908116       0.35264747113272005       0.35925101643273510     
  0.92999997921288013       0.54245078648380829       0.35941516412933305       0.36603937081295340     
  0.93999997898936272       0.53393112215578675       0.36621181840417205       0.37285510227537061     
  0.94999997876584530       0.52537884910357857       0.37303615242602228       0.37969692071713718     
  0.95999997854232788       0.51679558257572167       0.37988688222710393       0.38656353393942267     
  0.96999997831881046       0.50818294005002862       0.38676272171113124       0.39345364795997712     
  0.97999997809529305       0.49954254084311178       0.39366238296128553       0.40036596732551061     
  0.98999997787177563       0.49087600572024609       0.40058457654802226       0.40729919542380311     
  0.99999997764825821       0.48218495650567744       0.40752801183662701       0.41425203479545802     
   1.0099999774247408       0.47347101569348554       0.41449139729443812       0.42122318744521153     
   1.0199999772012234       0.46473580605910919       0.42147344079765658       0.42821135515271269     
   1.0299999769777060       0.45598095027164037       0.42847284993765983       0.43521523978268778     
   1.0399999767541885       0.44720807050699385       0.43548833232673650       0.44223354359440492     
   1.0499999765306711       0.43841878806205736       0.44251859590317161       0.44926496955035411     
   1.0599999763071537       0.42961472296992703       0.44956234923558702       0.45630822162405843     
   1.0699999760836363       0.42079749361633173       0.45661830182647611       0.46336200510693470     
   1.0799999758601189       0.41196871635734911       0.46368516441483820       0.47042502691412075     
   1.0899999756366014       0.40313000513851510       0.47076164927784592       0.47749599588918790     
   1.0999999754130840       0.39428297111542798       0.47784647053146456       0.48457362310765761     
   1.1099999751895666       0.38542922227594673       0.48493834442994738       0.49165662217924261     
   1.1199999749660492       0.37657036306408315       0.49203598966412915       0.49874370954873354     
   1.1299999747425318       0.36770799400568493       0.49913812765844962       0.50583360479545214     
   1.1399999745190144       0.35884371133600740       0.50624348286662191       0.51292503093119401     
   1.1499999742954969       0.34997910662926951       0.51335078306588411       0.52001671469658450     
   1.1599999740719795       0.34111576643028890       0.52045875964975141       0.52710738685576897     
   1.1699999738484621       0.33225527188828979       0.52756614791920331       0.53419578248936817     
   1.1799999736249447       0.32339919839297687       0.53467168737223092       0.54128064128561848     
   1.1899999734014273       0.31454911521296597       0.54177412199167341       0.54836070782962720     
   1.1999999731779099       0.30570658513666282       0.54887220053127839       0.55543473189066972     
   1.2099999729543924       0.29687316411567888       0.55596467679990969       0.56250146870745688     
   1.2199999727308750       0.28805040091087236       0.56305030994384153       0.56955967927130213     
   1.2299999725073576       0.27923983674110175       0.57012786472706600       0.57660813060711857     
   1.2399999722838402       0.27044300493477780       0.57719611180955088       0.58364559605217781     
   1.2499999720603228       0.26166143058429858       0.58425382802337755       0.59067085553256116     
   1.2599999718368053       0.25289663020345132       0.59129979664669818       0.59768269583723899     
   1.2699999716132879       0.24415011138786355       0.59833280767544528       0.60467991088970918     
   1.2799999713897705       0.23542337247858458       0.60535165809272939       0.61166130201713242     
   1.2899999711662531       0.22671790222887764       0.61235515213586367       0.61862567821689796     
   1.2999999709427357       0.21803517947430134       0.61934210156095326       0.62557185642055890     
   1.3099999707192183       0.20937667280615838       0.62631132590498351       0.63249866175507341     
   1.3199999704957008       0.20074384024838776       0.63326165274535540       0.63940492780128988     
   1.3299999702721834       0.19213812893797599       0.64019191795679931       0.64628949684961923     
   1.3399999700486660       0.18356097480896125       0.64710096596561417       0.65315122015283100     
   1.3499999698251486       0.17501380228010338       0.65398765000116943       0.65998895817591741     
   1.3599999696016312       0.16649802394629171       0.66085083234461706       0.66680158084296670     
   1.3699999693781137       0.15801504027376057       0.66768938457475713       0.67358796778099161     
   1.3799999691545963       0.14956623929918236       0.67450218781098781       0.68034700856065422     
   1.3899999689310789       0.14115299633270598       0.68128813295331192       0.68707760293383524     
   1.3999999687075615       0.13277667366500734       0.68804612091931550       0.69377866106799413     
   1.4099999684840441       0.12443862027841789       0.69477506287808766       0.70044910377726577     
   1.4199999682605267       0.11614017156219521       0.70147388048101711       0.70708786275024382     
   1.4299999680370092       0.10788264903199930       0.70814150608941961       0.71369388077440066     
   1.4399999678134918        9.9667360053636161E-002  0.71477688299893982       0.72026611195709112     
   1.4499999675899744        9.1495597571129697E-002  0.72137896566068349       0.72680352194309628     
   1.4599999673664570        8.3368639839181441E-002  0.72794671989902560       0.73330508812865491     
   1.4699999671429396        7.5287750160076397E-002  0.73447912312604946       0.73976979987193892     
   1.4799999669194221        6.7254176625092227E-002  0.74097516455257095       0.74619665869992624     
   1.4899999666959047        5.9269151860467585E-002  0.74743384539568702       0.75258467851162603     
   1.4999999664723873        5.1333892777984412E-002  0.75385417908282581       0.75893288577761253     
   1.5099999662488699        4.3449600330217573E-002  0.76023519145223584       0.76524031973582596     
   1.5199999660253525        3.5617459270504144E-002  0.76657592094986760       0.77150603258359673     
   1.5299999658018351        2.7838637917683356E-002  0.77287541882262334       0.77772908966585330     
   1.5399999655783176        2.0114287925657018E-002  0.77913274930790910       0.78390856965947442     
   1.5499999653548002        1.2445544057818976E-002  0.78534698981946693       0.79004356475374493     
   1.5599999651312828        4.8335239664009707E-003  0.79151723112942440       0.79613318082687923     
   1.5699999649077654       -2.7206720232190191E-003  0.79764257754655299       0.80217653761857532     
   1.5799999646842480       -1.0215961123201039E-002  0.80372214709065370       0.80817276889856093     
   1.5899999644607306       -1.7651278288876436E-002  0.80975507166307703       0.81412102263110120     
   1.5999999642372131       -2.5025576419287737E-002  0.81574049721330322       0.82002046113543026     
   1.6099999640136957       -3.2337826552593998E-002  0.82167758390156231       0.82587026124207519     
   1.6199999637901783       -3.9587018056301763E-002  0.82756550625746172       0.83166961444504151     
   1.6299999635666609       -4.6772158812282992E-002  0.83340345333457500       0.83741772704982642     
   1.6399999633431435       -5.3892275396542622E-002  0.83919062886096496       0.84311382031723425     
   1.6499999631196260       -6.0946413253699649E-002  0.84492625138561073       0.84875713060295976     
   1.6599999628961086       -6.7933636866147021E-002  0.85060955442069330       0.85434690949291758     
   1.6699999626725912       -7.4853029917856667E-002  0.85623978657973032       0.85988242393428538     
   1.6799999624490738       -8.1703695452797626E-002  0.86181621171150158       0.86536295636223814     
   1.6899999622255564       -8.8484756027936234E-002  0.86733810902976405       0.87078780482234908     
   1.6999999620020390       -9.5195353860788742E-002  0.87280477323871075       0.87615628308863114     
   1.7099999617785215      -0.10183465097149824       0.87821551465414771       0.88146772077719859     
   1.7199999615550041      -0.10840182931940866       0.88356965932036646       0.88672146345552694     
   1.7299999613314867      -0.11489609093411045       0.88886654912268881       0.89191687274728837     
   1.7399999611079693      -0.12131665804093350       0.89410554189565561       0.89705332643274682     
   1.7499999608844519      -0.12766277318086447       0.89928601152683196       0.90213021854469155     
   1.7599999606609344      -0.13393369932486682       0.90440734805620993       0.90714695945989343     
   1.7699999604374170      -0.14012871998258350       0.90946895777120451       0.91210297598606693     
   1.7799999602138996      -0.14624713930540331       0.91447026329718206       0.91699771144432263     
   1.7899999599903822      -0.15228828218387375       0.91941070368355160       0.92183062574709906     
   1.7999999597668648      -0.15825149433944399       0.92428973448535201       0.92660119547155517     
   1.8099999595433474      -0.16413614241052366       0.92910682784036636       0.93130891392841897     
   1.8199999593198299      -0.16994161403284413       0.93386147254170193       0.93595329122627546     
   1.8299999590963125      -0.17566731791411069       0.93855317410585670       0.94053385433128855     
   1.8399999588727951      -0.18131268390293490       0.94318145483623750       0.94505014712234792     
   1.8499999586492777      -0.18687716305203894       0.94774585388213095       0.94950173044163122     
   1.8599999584257603      -0.19236022767572397       0.95224592729309798       0.95388818214057913     
   1.8699999582022429      -0.19776137140159694       0.95668124806880739       0.95820909712127755     
   1.8799999579787254      -0.20308010921655137       0.96105140620427332       0.96246408737324107     
   1.8899999577552080      -0.20831597750699904       0.96535600873051353       0.96665278200559934     
   1.8999999575316906      -0.21346853409335159       0.96959467975059599       0.97077482727468123     
   1.9099999573081732      -0.21853735825875156       0.97376706047109174       0.97482988660700132     
   1.9199999570846558      -0.22352205077205509       0.97787280922891695       0.97881764061764409     
   1.9299999568611383      -0.22842223390506905       0.98191160151356949       0.98273778712405524     
   1.9399999566376209      -0.23323755144404765       0.98588312998474870       0.98659004115523818     
   1.9499999564141035      -0.23796766869545449       0.98978710448536489       0.99037413495636351     
   1.9599999561905861      -0.24261227248599829       0.99362325204994129       0.99408981798879870     
   1.9699999559670687      -0.24717107115695131       0.99739131690840976       0.99773685692556102     
   1.9799999557435513      -0.25164379455276176        1.0010910604852983        1.0013150356422096     
   1.9899999555200338      -0.25603019400397287        1.0047222613943176        1.0048241552031782     
   1.9999999552965164      -0.26033004230446233        1.0082847154283696        1.0082640338435700     
   2.0099999550729990      -0.26454313368301841        1.0117782355449516        1.0116345069464148     
   2.0199999548494816      -0.26866928376926991        1.0152026518470030        1.0149354270154161     
   2.0299999546259642      -0.27270832955398888        1.0185578115591754        1.0181666636431912     
   2.0399999544024467      -0.27666012934378692        1.0218435789995572        1.0213281034750297     
   2.0499999541789293      -0.28052456271022702        1.0250598355468590        1.0244196501681817     
   2.0599999539554119      -0.28430153043337497        1.0282064796030668        1.0274412243466999     
   2.0699999537318945      -0.28799095443981598        1.0312834265515975        1.0303927635518528     
   2.0799999535083771      -0.29159277773516290        1.0342906087109534        1.0332742221881304     
   2.0899999532848597      -0.29510696433108569        1.0372279752839151        1.0360855714648687     
   2.0999999530613422      -0.29853349916689170        1.0400954923022714        1.0388267993335134     
   2.1099999528378248      -0.30187238802568905        1.0428931425671286        1.0414979104205513     
   2.1199999526143074      -0.30512365744516673        1.0456209255848083        1.0440989259561335     
   2.1299999523907900      -0.30828735462302626        1.0482788574983650        1.0466298836984211     
   2.1399999521672726      -0.31136354731710192        1.0508669710147405        1.0490908378536816     
   2.1499999519437551      -0.31435232374020827        1.0533853153276032        1.0514818589921668     
   2.1599999517202377      -0.31725379244975399        1.0558339560358718        1.0538030339598032     
   2.1699999514967203      -0.32006808223216465        1.0582129750579754        1.0560544657857318     
   2.1799999512732029      -0.32279534198215692        1.0605224705418794        1.0582362735857256     
   2.1899999510496855      -0.32543574057690927        1.0627625567708969        1.0603485924615275     
   2.1999999508261681      -0.32798946674517510        1.0649333640653320        1.0623915733961400     
   2.2099999506026506      -0.33045672893138656        1.0670350386799878        1.0643653831451094     
   2.2199999503791332      -0.33283775515479824        1.0690677426975799        1.0662702041238388     
   2.2299999501556158      -0.33513279286372150        1.0710316539180735        1.0681062342909773     
   2.2399999499320984      -0.33734210878490212        1.0729269657440219        1.0698736870279217     
   2.2499999497085810      -0.33946598876809508        1.0747538870619056        1.0715727910144761     
   2.2599999494850636      -0.34150473762589195        1.0765126421195490        1.0732037901007137     
   2.2699999492615461      -0.34345867896885757        1.0782034703996297        1.0747669431750861     
   2.2799999490380287      -0.34532815503603442        1.0798266264893495        1.0762625240288277     
   2.2899999488145113      -0.34711352652087479        1.0813823799463005        1.0776908212166998     
   2.2999999485909939      -0.34881517239266135        1.0828710151605705        1.0790521379141291     
   2.3099999483674765      -0.35043348971347904        1.0842928312131519        1.0803467917707834     
   2.3199999481439590      -0.35196889345080196        1.0856481417306847        1.0815751147606416     
   2.3299999479204416      -0.35342181628576103        1.0869372747366028        1.0827374530286089     
   2.3399999476969242      -0.35479270841715810        1.0881605724987229        1.0838341667337266     
   2.3499999474734068      -0.35608203736129551        1.0893183913733353        1.0848656298890365     
   2.3599999472498894      -0.35729028774768923        1.0904111016458493        1.0858322301981513     
   2.3699999470263720      -0.35841796111073687        1.0914390873680631        1.0867343688885895     
   2.3799999468028545      -0.35946557567741139        1.0924027461920744        1.0875724605419292     
   2.3899999465793371      -0.36043366615105399        1.0933024892009529        1.0883469329208431     
   2.3999999463558197      -0.36132278349133978        1.0941387407361676        1.0890582267930717     
   2.4099999461323023      -0.36213349469049161        1.0949119382218846        1.0897067957523934     
   2.4199999459087849      -0.36286638254581782        1.0956225319861594        1.0902931060366543     
   2.4299999456852674      -0.36352204542865196        1.0962709850790917        1.0908176363429216     
   2.4399999454617500      -0.36410109704977206        1.0968577730880453        1.0912808776398177     
   2.4499999452382326      -0.36460416622137948        1.0973833839499181        1.0916833329771036     
   2.4599999450147152      -0.36503189661571706        1.0978483177606160        1.0920255172925737     
   2.4699999447911978      -0.36538494652040837        1.0982530865817319        1.0923079572163268     
   2.4799999445676804      -0.36566398859059995        1.0985982142445219        1.0925311908724800     
   2.4899999443441629      -0.36586970959798981        1.0988842361512525        1.0926957676783917     
   2.4999999441206455      -0.36600281017682612        1.0991116990739689        1.0928022481414608     
   2.5099999438971281      -0.36606400456696048        1.0992811609507702        1.0928512036535685     
   2.5199999436736107      -0.36605402035404189        1.0993931906796430        1.0928432162832336     
   2.5299999434500933      -0.36597359820693720        1.0994483679099505        1.0927788785655499     
   2.5399999432265759      -0.36582349161246519        1.0994472828316202        1.0926587932899723     
   2.5499999430030584      -0.36560446660753193        1.0993905359621141        1.0924835732860256     
   2.5599999427795410      -0.36531730150875569        1.0992787379312705        1.0922538412070046     
   2.5699999425560236      -0.36496278663967008        1.0991125092640488        1.0919702293117362     
   2.5799999423325062      -0.36454172405559515        1.0988924801612983        1.0916333792444761     
   2.5899999421089888      -0.36405492726626637        1.0986192902785876        1.0912439418130131     
   2.5999999418854713      -0.36350322095631143        1.0982935885031935        1.0908025767650491     
   2.6099999416619539      -0.36288744070366652        1.0979160327293132        1.0903099525629334     
   2.6199999414384365      -0.36220843269602276        1.0974872896315662        1.0897667461568183     
   2.6299999412149191      -0.36146705344539476        1.0970080344368909        1.0891736427563159     
   2.6399999409914017      -0.36066416950090324        1.0964789506948771        1.0885313356007227     
   2.6499999407678843      -0.35980065715986415        1.0959007300466332        1.0878405257278914     
   2.6599999405443668      -0.35887740217727654        1.0952740719922609        1.0871019217418212     
   2.6699999403208494      -0.35789529947380239        1.0945996836570007        1.0863162395790418     
   2.6799999400973320      -0.35685525284233116        1.0938782795561530        1.0854842022738651     
   2.6899999398738146      -0.35575817465322213        1.0931105813588153        1.0846065397225777     
   2.6999999396502972      -0.35460498555831815        1.0922973176505477        1.0836839884466547     
   2.7099999394267797      -0.35339661419382384        1.0914392236950197        1.0827172913550591     
   2.7199999392032623      -0.35213399688214170        1.0905370411947310        1.0817071975057135     
   2.7299999389797449      -0.35081807733275971        1.0895915180508720        1.0806544618662077     
   2.7399999387562275      -0.34944980634228362        1.0886034081224081        1.0795598450738269     
   2.7499999385327101      -0.34803014149370720        1.0875734709844675        1.0784241131949659     
   2.7599999383091927      -0.34656004685501418        1.0865024716861027        1.0772480374840114     
   2.7699999380856752      -0.34504049267720427        1.0853911805075098        1.0760323941417635     
   2.7799999378621578      -0.34347245509183677        1.0842403727167738        1.0747779640734696     
   2.7899999376386404      -0.34185691580818445        1.0830508283262361        1.0734855326465476     
   2.7999999374151230      -0.34019486181008990        1.0818233318485280        1.0721558894480718     
   2.8099999371916056      -0.33848728505261705        1.0805586720523850        1.0707898280420938     
   2.8199999369680882      -0.33673518215858961        1.0792576417182924        1.0693881457268717     
   2.8299999367445707      -0.33493955411510823        1.0779210373940418        1.0679516432920868     
   2.8399999365210533      -0.33310140597013754        1.0765496591502890        1.0664811247761101     
   2.8499999362975359      -0.33122174652925424        1.0751443103361653        1.0649773972234033     
   2.8599999360740185      -0.32930158805264648        1.0737057973350408        1.0634412704421172     
   2.8699999358505011      -0.32734194595245480        1.0722349293205020        1.0618735567619637     
   2.8799999356269836      -0.32534383849054438        1.0707325180126139        1.0602750707924355     
   2.8899999354034662      -0.32330828647679732        1.0691993774345525        1.0586466291814378     
   2.8999999351799488      -0.32123631296801403        1.0676363236696753        1.0569890503744113     
   2.9099999349564314      -0.31912894296751115        1.0660441746191009        1.0553031543740090     
   2.9199999347329140      -0.31698720312550444        1.0644237497598721        1.0535897625004036     
   2.9299999345093966      -0.31481212144036219        1.0627758699037728        1.0518496971522897     
   2.9399999342858791      -0.31260472696081681        1.0611013569568799        1.0500837815686535     
   2.9499999340623617      -0.31036604948921886        1.0594010336799025        1.0482928395913751     
   2.9599999338388443      -0.30809711928591949        1.0576757234493954        1.0464776954287356     
   2.9699999336153269      -0.30579896677486462        1.0559262500199120        1.0446391734198917     
   2.9799999333918095      -0.30347262225048532        1.0541534372871533        1.0427780978003882     
   2.9899999331682920      -0.30111911558596582        1.0523581090522096        1.0408952924687727     
   2.9999999329447746      -0.29873947594297251        1.0505410887869255        1.0389915807543779     
   3.0099999327212572      -0.29633473148292389        1.0487031994004923        1.0370677851863392     
   3.0199999324977398      -0.29390590907988279        1.0468452630073044        1.0351247272639064     
   3.0299999322742224      -0.29145403403514974        1.0449681006961575        1.0331632272281197     
   3.0399999320507050      -0.28898012979363646        1.0430725323008649        1.0311841038349092     
   3.0499999318271875      -0.28648521766209706        1.0411593761723328        1.0291881741296778     
   3.0599999316036701      -0.28397031652929422        1.0392294489521703        1.0271762532234354     
   3.0699999313801527      -0.28143644258817618        1.0372835653478989        1.0251491540705409     
   3.0799999311566353      -0.27888460906013945        1.0353225379098232        1.0231076872481115     
   3.0899999309331179      -0.27631582592145149        1.0333471768096103        1.0210526607371613     
   3.0999999307096004      -0.27373109963190695        1.0313582896206557        1.0189848797055256     
   3.1099999304860830      -0.27113143286578895        1.0293566811002837        1.0169051462926313     
   3.1199999302625656      -0.26851782424520726        1.0273431529738459        1.0148142593961660     
   3.1299999300390482      -0.26589126807588326        1.0253185037207735        1.0127130144607066     
   3.1399999298155308      -0.26325275408545085        1.0232835283626320        1.0106022032683606     
   3.1499999295920134      -0.26060326716434196        1.0212390182532509        1.0084826137314735     
   3.1599999293684959      -0.25794378710932303        1.0191857608709693        1.0063550296874586     
   3.1699999291449785      -0.25527528836974900        1.0171245396130588        1.0042202306957992     
   3.1799999289214611      -0.25259873979659980        1.0150561335923614        1.0020789918372799     
   3.1899999286979437      -0.24991510439436304        1.0129813174362261       0.99993208351549046     
   3.1999999284744263      -0.24722533907582570        1.0109008610877548       0.99778027126066060     
   3.2099999282509089      -0.24453039441983659        1.0088155296094401       0.99562431553586928     
   3.2199999280273914      -0.24183121443210023        1.0067260829892259       0.99346497154568025     
   3.2299999278038740      -0.23912873630906120        1.0046332759490508       0.99130298904724912     
   3.2399999275803566      -0.23642389020493768        1.0025378577559061       0.98913911216395012     
   3.2499999273568392      -0.23371759900196096        1.0004405720354701       0.98697407920156877     
   3.2599999271333218      -0.23101077808387704       0.99834215658835468       0.98480862246710166     
   3.2699999269098043      -0.22830433511276502       0.99624334320901065       0.98264346809021197     
   3.2799999266862869      -0.22559916980922581       0.99414485750733672       0.98047933584738078     
   3.2899999264627695      -0.22289617373599371       0.99204741873302305       0.97831693898879513     
   3.2999999262392521      -0.22019623008502187       0.98995173960269389       0.97615698406801743     
   3.3099999260157347      -0.21750021346809162       0.98785852612986425       0.97400017077447343     
   3.3199999257922173      -0.21480898971099446       0.98576847745776341       0.97184719176879553     
   3.3299999255686998      -0.21212341565133425       0.98368228569505534       0.96969873252106753     
   3.3399999253451824      -0.20944433893999559       0.98160063575451151       0.96755547115199647     
   3.3499999251216650      -0.20677259784632387       0.97952420519462757       0.96541807827705917     
   3.3599999248981476      -0.20410902106706028       0.97745366406429091       0.96328721685364815     
   3.3699999246746302      -0.20145442753907458       0.97538967475044469       0.96116354203125975     
   3.3799999244511127      -0.19880962625593671       0.97333289182886829       0.95904770100474934     
   3.3899999242275953      -0.19617541608836714       0.97128396191803101       0.95694033287069369     
   3.3999999240040779      -0.19355258560860483       0.96924352353610199       0.95484206848688391     
   3.4099999237805605      -0.19094191291872994       0.96721220696111798       0.95275353033498400     
   3.4199999235570431      -0.18834416548297739       0.96519063409434780       0.95067533238638191     
   3.4299999233335257      -0.18576009996407614       0.96317941832688059       0.94860807997126084     
   3.4399999231100082      -0.18319046206364761       0.96117916440945228       0.94655236965091805     
   3.4499999228864908      -0.18063598636669531       0.95919046832555710       0.94450878909335634     
   3.4599999226629734      -0.17809739619021642       0.95721391716785131       0.94247791695217309     
   3.4699999224394560      -0.17557540343596512       0.95525008901786779       0.94046032274877212     
   3.4799999222159386      -0.17307070844739542       0.95329955282908418       0.93845656675791644     
   3.4899999219924212      -0.17058399987081066       0.95136286831335004       0.93646719989664862     
   3.4999999217689037      -0.16811595452074490       0.94944058583068947       0.93449276361659595     
   3.5099999215453863      -0.16566723724960050       0.94753324628251090       0.93253378979968038     
   3.5199999213218689      -0.16323850082156455       0.94564138100823003       0.93059080065725164     
   3.5299999210983515      -0.16083038579082568       0.94376551168532685       0.92866430863266070     
   3.5399999208748341      -0.15844352038411136       0.94190615023286073       0.92675481630728918     
   3.5499999206513166      -0.15607852038756417       0.94006379871843193       0.92486281631005129     
   3.5599999204277992      -0.15373598903797467       0.93823894926864171       0.92298879123037969     
   3.5699999202042818      -0.15141651691838667       0.93643208398301359       0.92113321353470945     
   3.5799999199807644      -0.14912068185808972       0.93464367485144018       0.91929654548647177     
   3.5899999197572470      -0.14684904883701172       0.93287418367512720       0.91747923906960949     
   3.5999999195337296      -0.14460216989452399       0.93112406199105424       0.91568173591561919     
   3.6099999193102121      -0.14238058404266879       0.92939375099995891       0.91390446723413510     
   3.6199999190866947      -0.14018481718381898       0.92768368149786751       0.91214785374705520     
   3.6299999188631773      -0.13801538203277705       0.92599427381114863       0.91041230562622166     
   3.6399999186396599      -0.13587277804332029       0.92432593773511007       0.90869822243465626     
   3.6499999184161425      -0.13375749133919679       0.92267907247615188       0.90700599307135743     
   3.6599999181926250      -0.13166999464957621       0.92105406659745637       0.90533599571966106     
   3.6699999179691076      -0.12961074724895733       0.91945129796822900       0.90368859779916599     
   3.6799999177455902      -0.12758019490153327       0.91787113371649665       0.90206415592122657     
   3.6899999175220728      -0.12557876981001417       0.91631393018543750       0.90046301584801136     
   3.6999999172985554      -0.12360689056890500       0.91478003289327692       0.89888551245512405     
   3.7099999170750380      -0.12166496212223567       0.91326977649670826       0.89733196969778861     
   3.7199999168515205      -0.11975337572573856       0.91178348475786553       0.89580270058059086     
   3.7299999166280031      -0.11787250891346772       0.91032147051481715       0.89429800713077423     
   3.7399999164044857      -0.11602272546885220       0.90888403565560560       0.89281818037508176     
   3.7499999161809683      -0.11420437540017497       0.90747147109578397       0.89136350032014000     
   3.7599999159574509      -0.11241779492046734       0.90608405675948178       0.88993423593637400     
   3.7699999157339334      -0.11066330643180745       0.90472206156397128       0.88853064514544600     
   3.7799999155104160      -0.10894121851401012       0.90338574340771338       0.88715297481120814     
   3.7899999152868986      -0.10725182591769405       0.90207534916190080       0.88580146073415522     
   3.7999999150633812      -0.10559540956171085       0.90079111466545447       0.88447632764936879     
   3.8099999148398638      -0.10397223653491916       0.89953326472349038       0.88317778922793533     
   3.8199999146163464      -0.10238256010228605       0.89830201310921032       0.88190604808182893     
   3.8299999143928289      -0.10082661971529590       0.89709756256923023       0.88066129577223673     
   3.8399999141693115       -9.9304641026646462E-002  0.89592010483231188       0.87944371282131728     
   3.8499999139457941       -9.7816835909209976E-002  0.89476982062148380       0.87825346872736798     
   3.8599999137222767       -9.6363402479236082E-002  0.89364687966953971       0.87709072198338900     
   3.8699999134987593       -9.4944525123772022E-002  0.89255144073788950       0.87595562009901762     
   3.8799999132752419       -9.3560374532274254E-002  0.89148365163873911       0.87484829962581934     
   3.8899999130517244       -9.2211107732384515E-002  0.89044364926058395       0.87376888618590776     
   3.8999999128282070       -9.0896868129841948E-002  0.88943155959699693       0.87271749450387359     
   3.9099999126046896       -8.9617785552501716E-002  0.88844749777868071       0.87169422844200151     
   3.9199999123811722       -8.8373976298429385E-002  0.88749156810875407       0.87069918103874366     
   3.9299999121576548       -8.7165543188038999E-002  0.88656386410126964       0.86973243455043114     
   3.9399999119341373       -8.5992575620241749E-002  0.88566446852291270       0.86879406049619345     
   3.9499999117106199       -8.4855149632570737E-002  0.88479345343787152       0.86788411970605661     
   3.9599999114871025       -8.3753327965246316E-002  0.88395088025584045       0.86700266237219703     
   3.9699999112635851       -8.2687160129145315E-002  0.88313679978313397       0.86614972810331625     
   3.9799999110400677       -8.1656682477636230E-002  0.88235125227687905       0.86532534598210897     
   3.9899999108165503       -8.0661918282241354E-002  0.88159426750225955       0.86452953462579318     
   3.9999999105930328       -7.9702877812085779E-002  0.88086586479277540       0.86376230224966877     
   4.0099999103695154       -7.8779558417091999E-002  0.88016605311348695       0.86302364673367371     
   4.0199999101459980       -7.7891944614877834E-002  0.87949483112721827       0.86231355569190227     
   4.0299999099224806       -7.7040008181314221E-002  0.87885218726367631       0.86163200654505145     
   4.0399999096989632       -7.6223708244698568E-002  0.87823809979145562       0.86097896659575890     
   4.0499999094754457       -7.5442991383498068E-002  0.87765253689289346       0.86035439310679840     
   4.0599999092519283       -7.4697791727616536E-002  0.87709545674174361       0.85975823338209334     
   4.0699999090284109       -7.3988031063137380E-002  0.87656680758362338       0.85919042485050989     
   4.0799999088048935       -7.3313618940494069E-002  0.87606652781920258       0.85865089515239534     
   4.0899999085813761       -7.2674452786018834E-002  0.87559454609009857       0.85813956222881504     
   4.0999999083578587       -7.2070418016819099E-002  0.87515078136743341       0.85765633441345523     
   4.1099999081343412       -7.1501388158930548E-002  0.87473514304300948       0.85720111052714454     
   4.1199999079108238       -7.0967224968694412E-002  0.87434753102307872       0.85677377997495552     
   4.1299999076873064       -7.0467778557306085E-002  0.87398783582465112       0.85637422284584486     
   4.1399999074637890       -7.0002887518481077E-002  0.87365593867430624       0.85600231001478488     
   4.1499999072402716       -6.9572379059183551E-002  0.87335171160946168       0.85565790324734692     
   4.1599999070167542       -6.9176069133361870E-002  0.87307501758206207       0.85534085530668946     
   4.1699999067932367       -6.8813762578634724E-002  0.87282571056463942       0.85505101006290785     
   4.1799999065697193       -6.8485253255870820E-002  0.87260363565870969       0.85478820260469668     
   4.1899999063462019       -6.8190324191604076E-002  0.87240862920544338       0.85455225935328327     
   4.1999999061226845       -6.7928747723225810E-002  0.87224051889858933       0.85434299817858061     
   4.2099999058991671       -6.7700285646894551E-002  0.87209912389958000       0.85416022851751561     
   4.2199999056756496       -6.7504689368103457E-002  0.87198425495480003       0.85400375149448282     
   4.2299999054521322       -6.7341700054844675E-002  0.87189571451494430       0.85387336004387571     
   4.2399999052286148       -6.7211048793309289E-002  0.87183329685643574       0.85376883903464751     
   4.2499999050050974       -6.7112456746061019E-002  0.87179678820485584       0.85368996539684883     
   4.2599999047815800       -6.7045635312621116E-002  0.87178596686031851       0.85363650825009696     
   4.2699999045580626       -6.7010286292401383E-002  0.87180060332477805       0.85360822903392108     
   4.2799999043345451       -6.7006102049921648E-002  0.87184046043117625       0.85360488163993742     
   4.2899999041110277       -6.7032765682247711E-002  0.87190529347441426       0.85362621254579829     
   4.2999999038875103       -6.7089951188584990E-002  0.87199485034408586       0.85367196095086806     
   4.3099999036639929       -6.7177323641962841E-002  0.87210887165892093       0.85374185891357035     
   4.3199999034404755       -6.7294539362944050E-002  0.87224709090288943       0.85383563149035524     
   4.3299999032169580       -6.7441246095293478E-002  0.87240923456292252       0.85395299687623494     
   4.3399999029934406       -6.7617083183539567E-002  0.87259502226818642       0.85409366654683172     
   4.3499999027699232       -6.7821681752362015E-002  0.87280416693087226       0.85425734540188969     
   4.3599999025464058       -6.8054664887738425E-002  0.87303637488843655       0.85444373191019085     
   4.3699999023228884       -6.8315647819782777E-002  0.87329134604724723       0.85465251825582633     
   4.3799999020993710       -6.8604238107207782E-002  0.87356877402758826       0.85488339048576634     
   4.3899999018758535       -6.8920035823343453E-002  0.87386834630995791       0.85513602865867488     
   4.3999999016523361       -6.9262633743643470E-002  0.87418974438261199       0.85541010699491482     
   4.4099999014288187       -6.9631617534611015E-002  0.87453264389031427       0.85570529402768880     
   4.4199999012053013       -7.0026565944075539E-002  0.87489671478421216       0.85602125275526042     
   4.4299999009817839       -7.0447050992751559E-002  0.87528162147280819       0.85635764079420129     
   4.4399999007582664       -7.0892638167010608E-002  0.87568702297397272       0.85671411053360846     
   4.4499999005347490       -7.1362886612797272E-002  0.87611257306791945       0.85709030929023788     
   4.4599999003112316       -7.1857349330620227E-002  0.87655792045112668       0.85748587946449628     
   4.4699999000877142       -7.2375573371548874E-002  0.87702270889111844       0.85790045869723919     
   4.4799998998641968       -7.2917100034146504E-002  0.87750657738207560       0.85833368002731714     
   4.4899998996406794       -7.3481465062270518E-002  0.87800916030120613       0.85878517204981653     
   4.4999998994171619       -7.4068198843670441E-002  0.87853008756582329       0.85925455907493642     
   4.5099998991936445       -7.4676826609314434E-002  0.87906898479109319       0.85974146128745166     
   4.5199998989701271       -7.5306868633375060E-002  0.87962547344837350       0.86024549490670010     
   4.5299998987466097       -7.5957840433805074E-002  0.88019917102411060       0.86076627234704406     
   4.5399998985230923       -7.6629252973434162E-002  0.88078969117922390       0.86130340237874747     
   4.5499998982995749       -7.7320612861517632E-002  0.88139664390893824       0.86185649028921407     
   4.5599998980760574       -7.8031422555668195E-002  0.88201963570300213       0.86242513804453458     
   4.5699998978525400       -7.8761180564102126E-002  0.88265826970623429       0.86300894445128185     
   4.5799998976290226       -7.9509381648131303E-002  0.88331214587935680       0.86360750531850516     
   4.5899998974055052       -8.0275517024832752E-002  0.88398086116005170       0.86422041361986635     
   4.5999998971819878       -8.1059074569827638E-002  0.88466400962418723       0.86484725965586218     
   4.6099998969584703       -8.1859539020101860E-002  0.88536118264716601       0.86548763121608152     
   4.6199998967349529       -8.2676392176800562E-002  0.88607196906534025       0.86614111374144054     
   4.6299998965114355       -8.3509113107929356E-002  0.88679595533743127       0.86680729048634353     
   4.6399998962879181       -8.4357178350895234E-002  0.88753272570592123       0.86748574268071621     
   4.6499998960644007       -8.5220062114820375E-002  0.88828186235834172       0.86817604969185647     
   4.6599998958408833       -8.6097236482562747E-002  0.88904294558841523       0.86887778918605019     
   4.6699998956173658       -8.6988171612377305E-002  0.88981555395701128       0.86959053728990188     
   4.6799998953938484       -8.7892335939152397E-002  0.89059926445283666       0.87031386875132188     
   4.6899998951703310       -8.8809196375156108E-002  0.89139365265283055       0.87104735710012493     
   4.6999998949468136       -8.9738218510227813E-002  0.89219829288220998       0.87179057480818223     
   4.7099998947232962       -9.0678866811350775E-002  0.89301275837410254       0.87254309344908065     
   4.7199998944997787       -9.1630604821541756E-002  0.89383662142872888       0.87330448385723347     
   4.7299998942762613       -9.2592895357994476E-002  0.89466945357207472       0.87407431628639554     
   4.7399998940527439       -9.3565200709413973E-002  0.89551082571400686       0.87485216056753112     
   4.7499998938292265       -9.4546982832479656E-002  0.89636030830578628       0.87563758626598376     
   4.7599998936057091       -9.5537703547375147E-002  0.89721747149691777       0.87643016283790021     
   4.7699998933821917       -9.6536824732323750E-002  0.89808188529129707       0.87722945978585898     
   4.7799998931586742       -9.7543808517068953E-002  0.89895311970260916       0.87803504681365530     
   4.7899998929351568       -9.8558117475239751E-002  0.89983074490890935       0.87884649398019177     
   4.7999998927116394       -9.9579214815541564E-002  0.90071433140636792       0.87966337185243337     
   4.8099998924881220      -0.10060656457171366       0.90160345016210430       0.88048525165737090     
   4.8199998922646046      -0.10163963179119513       0.90249767276608561       0.88131170543295623     
   4.8299998920410872      -0.10267788272244174       0.90339657158202280       0.88214230617795342     
   4.8399998918175697      -0.10372078500083685       0.90429971989723579       0.88297662800066945     
   4.8499998915940523      -0.10476780783314024       0.90520669207142845       0.88381424626651217     
   4.8599998913705349      -0.10581842218041934       0.90611706368433442       0.88465473774433545     
   4.8699998911470175      -0.10687210093940820       0.90703041168219167       0.88549768075152668     
   4.8799998909235001      -0.10792831912224006       0.90794631452299412       0.88634265529779199     
   4.8899998906999826      -0.10898655403450030       0.90886435232047869       0.88718924322760029     
   4.8999998904764652      -0.11004628545154740       0.90978410698681955       0.88803702836123799     
   4.9099998902529478      -0.11110699579304992       0.91070516237395249       0.88888559663444000     
   4.9199998900294304      -0.11216817029568878       0.91162710441352846       0.88973453623655097     
   4.9299998898059130      -0.11322929718397461       0.91254952125542432       0.89058343774717974     
   4.9399998895823956      -0.11428986783913084       0.91347200340478119       0.89143189427130476     
   4.9499998893588781      -0.11534937696599411       0.91439414385753837       0.89227950157279534     
   4.9599998891353607      -0.11640732275788424       0.91531553823440448       0.89312585820630730     
   4.9699998889118433      -0.11746320705939706       0.91623578491324209       0.89397056564751765     
   4.9799998886883259      -0.11851653552707413       0.91715448515982023       0.89481322842165933     
   4.9899998884648085      -0.11956681778790429       0.91807124325690670       0.89565345423032350     
   4.9999998882412910      -0.12061356759561290       0.91898566663163939       0.89649085407649032     
   5.0099998880177736      -0.12165630298469549       0.91989736598117700       0.89732504238775646     
   5.0199998877942562      -0.12269454642215351       0.92080595539655985       0.89815563713772295     
   5.0299998875707388      -0.12372782495689072       0.92171105248475904       0.89898225996551262     
   5.0399998873472214      -0.12475567036672972       0.92261227848889216       0.89980453629338375     
   5.0499998871237040      -0.12577761930300904       0.92350925840654063       0.90062209544240734     
   5.0599998869001865      -0.12679321343272240       0.92440162110617363       0.90143457074617794     
   5.0699998866766691      -0.12780199957816218       0.92528899944161636       0.90224159966252993     
   5.0799998864531517      -0.12880352985403073       0.92617103036454584       0.90304282388322454     
   5.0899998862296343      -0.12979736180198367       0.92704735503498226       0.90383788944158694     
   5.0999998860061169      -0.13078305852257055       0.92791761892974589       0.90462644681805637     
   5.1099998857825994      -0.13176018880453930       0.92878147194884031       0.90540815104363137     
   5.1199998855590820      -0.13272832725147146       0.92963856851975590       0.90618266180117724     
   5.1299998853355646      -0.13368705440571704       0.93048856769964416       0.90694964352457363     
   5.1399998851120472      -0.13463595686959776       0.93133113327534378       0.90770876549567836     
   5.1499998848885298      -0.13557462742384960       0.93216593386124480       0.90845970193907977     
   5.1599998846650124      -0.13650266514327580       0.93299264299493800       0.90920213211462064     
   5.1699998844414949      -0.13741967550958281       0.93381093923065950       0.90993574040766634     
   5.1799998842179775      -0.13832527052137275       0.93462050623047699       0.91066021641709816     
   5.1899998839944601      -0.13921906880126697       0.93542103285321798       0.91137525504101358     
   5.1999998837709427      -0.14010069570013639       0.93621221324109583       0.91208055656010922     
   5.2099998835474253      -0.14096978339841512       0.93699374690404791       0.91277582671873214     
   5.2199998833239079      -0.14182597100447542       0.93776533880171198       0.91346077680358029     
   5.2299998831003904      -0.14266890465004262       0.93852669942308009       0.91413512372003414     
   5.2399998828768730      -0.14349823758263019       0.93927754486377690       0.91479859006610420     
   5.2499998826533556      -0.14431363025497565       0.94001759690094333       0.91545090420398056     
   5.2599998824298382      -0.14511475041145980       0.94074658306573511       0.91609180032916793     
   5.2699998822063208      -0.14590127317149218       0.94146423671339163       0.91672101853719379     
   5.2799998819828033      -0.14667288110984719       0.94217029709087785       0.91733830488787782     
   5.2899998817592859      -0.14742926433393641       0.94286450940208344       0.91794341146714908     
   5.2999998815357685      -0.14817012055800322       0.94354662487055863       0.91853609644640266     
   5.3099998813122511      -0.14889515517422783       0.94421640079978508       0.91911612413938237     
   5.3199998810887337      -0.14960408132073102       0.94487360063095882       0.91968326505658493     
   5.3299998808652163      -0.15029661994646673       0.94551799399828829       0.92023729595717352     
   5.3399998806416988      -0.15097249987299399       0.94614935678178813       0.92077799989839526     
   5.3499998804181814      -0.15163145785312085       0.94676747115756743       0.92130516628249670     
   5.3599998801946640      -0.15227323862641279       0.94737212564559348       0.92181859090113027     
   5.3699998799711466      -0.15289759497156025       0.94796311515494280       0.92231807597724824     
   5.3799998797476292      -0.15350428775560057       0.94854024102651335       0.92280343020448052     
   5.3899998795241117      -0.15409308597999077       0.94910331107321821       0.92327446878399266     
   5.3999998793005943      -0.15466376682352859       0.94965213961762052       0.92373101345882302     
   5.4099998790770769      -0.15521611568212063       0.95018654752705078       0.92417289254569646     
   5.4199998788535595      -0.15574992620539735       0.95070636224616545       0.92459994096431797     
   5.4299998786300421      -0.15626500033017571       0.95121141782697338       0.92501200026414065     
   5.4399998784065247      -0.15676114831077129       0.95170155495631337       0.92540891864861718     
   5.4499998781830072      -0.15723818874616319       0.95217662098079681       0.92579055099693053     
   5.4599998779594898      -0.15769594860401562       0.95263646992919615       0.92615675888321258     
   5.4699998777359724      -0.15813426324156155       0.95308096253231200       0.92650741059324915     
   5.4799998775124550      -0.15855297642335450       0.95350996624029483       0.92684238113868356     
   5.4899998772889376      -0.15895194033589613       0.95392335523744121       0.92716155226871688     
   5.4999998770654202      -0.15933101559914764       0.95432101045446360       0.92746481247931811     
   5.5099998768419027      -0.15969007127493492       0.95470281957825009       0.92775205701994801     
   5.5199998766183853      -0.16002898487225767       0.95506867705909593       0.92802318789780613     
   5.5299998763948679      -0.16034764234951421       0.95541848411544950       0.92827811387961146     
   5.5399998761713505      -0.16064593811365455       0.95575214873615799       0.92851675049092364     
   5.5499998759478331      -0.16092377501627556       0.95606958568022637       0.92873902001302044     
   5.5599998757243156      -0.16118106434667256       0.95637071647410143       0.92894485147733796     
   5.5699998755007982      -0.16141772582186362       0.95665546940650525       0.92913418065749098     
   5.5799998752772808      -0.16163368757360250       0.95692377952080143       0.92930695005888198     
   5.5899998750537634      -0.16182888613239887       0.95717558860494323       0.92946310890591910     
   5.5999998748302460      -0.16200326640856377       0.95741084517898289       0.92960261312685111     
   5.6099998746067286      -0.16215678167030032       0.95762950448018502       0.92972542533624025     
   5.6199998743832111      -0.16228939351886038       0.95783152844574659       0.92983151481508830     
   5.6299998741596937      -0.16240107186078875       0.95801688569313193       0.92992085748863096     
   5.6399998739361763      -0.16249179487727733       0.95818555149806650       0.92999343590182182     
   5.6499998737126589      -0.16256154899065300       0.95833750777017801       0.93004923919252258     
   5.6599998734891415      -0.16261032882802354       0.95847274302632079       0.93008826306241899     
   5.6699998732656240      -0.16263813718210690       0.95859125236160425       0.93011050974568554     
   5.6799998730421066      -0.16264498496927027       0.95869303741812961       0.93011598797541639     
   5.6899998728185892      -0.16263089118480581       0.95877810635148575       0.93010471294784469     
   5.6999998725950718      -0.16259588285547147       0.95884647379498511       0.93007670628437722     
   5.7099998723715544      -0.16253999498932536       0.95889816082171042       0.93003199599146036     
   5.7199998721480370      -0.16246327052288387       0.95893319490434803       0.92997061641830714     
   5.7299998719245195      -0.16236576026563365       0.95895160987287287       0.92989260821250697     
   5.7399998717010021      -0.16224752284192936       0.95895344587007747       0.92979801827354347     
   5.7499998714774847      -0.16210862463030909       0.95893874930500211       0.92968689970424734     
   5.7599998712539673      -0.16194913970026045       0.95890757280425565       0.92955931176020834     
   5.7699998710304499      -0.16176914974647144       0.95885997516129240       0.92941531979717729     
   5.7799998708069324      -0.16156874402060031       0.95879602128364372       0.92925499521648036     
   5.7899998705834150      -0.16134801926059991       0.95871578213814113       0.92907841540847991     
   5.7999998703598976      -0.16110707961763263       0.95861933469417471       0.92888566369410608     
   5.8099998701363802      -0.16084603658061250       0.95850676186499106       0.92867682926449013     
   5.8199998699128628      -0.16056500889841216       0.95837815244707969       0.92845200711872966     
   5.8299998696893454      -0.16026412249977265       0.95823360105766653       0.92821129799981827     
   5.8399998694658279      -0.15994351041095495       0.95807320807035790       0.92795480832876409     
   5.8499998692423105      -0.15960331267117281       0.95789707954896808       0.92768265013693840     
   5.8599998690187931      -0.15924367624584676       0.95770532717952694       0.92739494099667741     
   5.8699998687952757      -0.15886475493772031       0.95749806820056571       0.92709180395017621     
   5.8799998685717583      -0.15846670929587955       0.95727542533165011       0.92677336743670369     
   5.8899998683482409      -0.15804970652271788       0.95703752670023401       0.92643976521817428     
   5.8999998681247234      -0.15761392037888880       0.95678450576685636       0.92609113630311113     
   5.9099998679012060      -0.15715953108628933       0.95651650124871446       0.92572762486903137     
   5.9199998676776886      -0.15668672522911786       0.95623365704164887       0.92534938018329427     
   5.9299998674541712      -0.15619569565305061       0.95593612214057821       0.92495655652244047     
   5.9399998672306538      -0.15568664136258087       0.95562405055842858       0.92454931309006472     
   5.9499998670071363      -0.15515976741656654       0.95529760124356411       0.92412781393325327     
   5.9599998667836189      -0.15461528482203121       0.95495693799580428       0.92369222785762506     
   5.9699998665601015      -0.15405341042626469       0.95460222938101147       0.92324272834101184     
   5.9799998663365841      -0.15347436680726947       0.95423364864433113       0.92277949344581567     
   5.9899998661130667      -0.15287838216259997       0.95385137362209282       0.92230270573008011     
   5.9999998658895493      -0.15226569019664132       0.95345558665243213       0.92181255215731306     
   6.0099998656660318      -0.15163653000637581       0.95304647448464885       0.92130922400510062     
   6.0199998654425144      -0.15099114596568419       0.95262422818736270       0.92079291677254749     
   6.0299998652189970      -0.15032978760823063       0.95218904305550045       0.92026383008658452     
   6.0399998649954796      -0.14965270950897930       0.95174111851613408       0.91972216760718339     
   6.0499998647719622      -0.14896017116439189       0.95128065803324213       0.91916813693151367     
   6.0599998645484447      -0.14825243687135459       0.95080786901140668       0.91860194949708363     
   6.0699998643249273      -0.14752977560488420       0.95032296269850458       0.91802382048390729     
   6.0799998641014099      -0.14679246089466286       0.94982615408741855       0.91743396871573035     
   6.0899998638778925      -0.14604077070045104       0.94931766181682298       0.91683261656036086     
   6.0999998636543751      -0.14527498728642887       0.94879770807107333       0.91621998982914321     
   6.1099998634308577      -0.14449539709451584       0.94826651847924393       0.91559631767561267     
   6.1199998632073402      -0.14370229061671924       0.94772432201336154       0.91496183249337548     
   6.1299998629838228      -0.14289596226656170       0.94717135088586557       0.91431676981324950     
   6.1399998627603054      -0.14207671024963853       0.94660784044633661       0.91366136819971089     
   6.1499998625367880      -0.14124483643335525       0.94603402907755141       0.91299586914668418     
   6.1599998623132706      -0.14040064621589637       0.94545015809087407       0.91232051697271721     
   6.1699998620897532      -0.13954444839447594       0.94485647162106368       0.91163555871558077     
   6.1799998618662357      -0.13867655503292084       0.94425321652050076       0.91094124402633669     
   6.1899998616427183      -0.13779728132863781       0.94364064225290678       0.91023782506291040     
   6.1999998614192009      -0.13690694547901497       0.94301900078657241       0.90952555638321209     
   6.2099998611956835      -0.13600586854730862       0.94238854648715775       0.90880469483784698     
   6.2199998609721661      -0.13509437432806648       0.94174953601008493       0.90807549946245314     
   6.2299998607486486      -0.13417278921213793       0.94110222819258227       0.90733823136971026     
   6.2399998605251312      -0.13324144205132216       0.94044688394541454       0.90659315364105775     
   6.2499998603016138      -0.13230066402270477       0.93978376614432946       0.90584053121816377     
   6.2599998600780964      -0.13135078849273360       0.93911313952128062       0.90508063079418699     
   6.2699998598545790      -0.13039215088108411       0.93843527055546128       0.90431372070486737     
   6.2799998596310616      -0.12942508852436468       0.93775042736417347       0.90354007081949173     
   6.2899998594075441      -0.12844994053971218       0.93705887959360112       0.90275995243176976     
   6.2999998591840267      -0.12746704768832745       0.93636089830950775       0.90197363815066200     
   6.3099998589605093      -0.12647675223900121       0.93565675588789998       0.90118140179120099     
   6.3199998587369919      -0.12547939783167933       0.93494672590571137       0.90038351826534346     
   6.3299998585134745      -0.12447532934111741       0.93423108303152791       0.89958026347289399     
   6.3399998582899570      -0.12346489274067367       0.93351010291640713       0.89877191419253899     
   6.3499998580664396      -0.12244843496628920       0.93278406208483355       0.89795874797303132     
   6.3599998578429222      -0.12142630378070418       0.93205323782582994       0.89714104302456343     
   6.3699998576194048      -0.12039884763795869       0.93131790808429249       0.89631907811036704     
   6.3799998573958874      -0.11936641554822597       0.93057835135255540       0.89549313243858075     
   6.3899998571723700      -0.11832935694302622       0.92983484656225757       0.89466348555442099     
   6.3999998569488525      -0.11728802154086833       0.92908767297652617       0.89383041723269463     
   6.4099998567253351      -0.11624275921336663       0.92833711008251651       0.89299420737069335     
   6.4199998565018177      -0.11519391985187966       0.92758343748436556       0.89215513588150375     
   6.4299998562783003      -0.11414185323471719       0.92682693479656564       0.89131348258777376     
   6.4399998560547829      -0.11308690889496174       0.92606788153782493       0.89046952711596949     
   6.4499998558312654      -0.11202943598895010       0.92530655702543552       0.88962354879116001     
   6.4599998556077480      -0.11096978316546016       0.92454324027017942       0.88877582653236820     
   6.4699998553842306      -0.10990829843564798       0.92377820987182924       0.88792663874851852     
   6.4799998551607132      -0.10884532904377925       0.92301174391526519       0.88707626323502342     
   6.4899998549371958      -0.10778122133879926       0.92224411986723498       0.88622497707103942     
   6.4999998547136784      -0.10671632064678477       0.92147561447381887       0.88537305651742781     
   6.5099998544901609      -0.10565097114432072       0.92070650365860207       0.88452077691545661     
   6.5199998542666435      -0.10458551573284439       0.91993706242161233       0.88366841258627549     
   6.5299998540431261      -0.10352029591399879       0.91916756473904793       0.88281623673119902     
   6.5399998538196087      -0.10245565166603698       0.91839828346382502       0.88196452133282977     
   6.5499998535960913      -0.10139192132131802       0.91762949022698159       0.88111353705705442     
   6.5599998533725739      -0.10032944144493508       0.91686145533997787       0.88026355315594818     
   6.5699998531490564       -9.9268546714515474E-002  0.91609444769790183       0.87941483737161252     
   6.5799998529255390       -9.8209569801231952E-002  0.91532873468364095       0.87856765584098562     
   6.5899998527020216       -9.7152841252063818E-002  0.91456458207302671       0.87772227300165118     
   6.5999998524785042       -9.6098689373346022E-002  0.91380225394099812       0.87687895149867678     
   6.6099998522549868       -9.5047440115643755E-002  0.91304201256879769       0.87603795209251512     
   6.6199998520314693       -9.3999416959989396E-002  0.91228411835225598       0.87519953356799152     
   6.6299998518079519       -9.2954940805517972E-002  0.91152882971115812       0.87436395264441436     
   6.6399998515844345       -9.1914329858536911E-002  0.91077640299975104       0.87353146388682967     
   6.6499998513609171       -9.0877899523064937E-002  0.91002709241840429       0.87270231961845202     
   6.6599998511373997       -8.9845962292874476E-002  0.90928114992645714       0.87187676983429963     
   6.6699998509138823       -8.8818827645071249E-002  0.90853882515626794       0.87105506211605699     
   6.6799998506903648       -8.7796801935243973E-002  0.90780036532851238       0.87023744154819527     
   6.6899998504668474       -8.6780188294216506E-002  0.90706601516873397       0.86942415063537326     
   6.6999998502433300       -8.5769286526434091E-002  0.90633601682519349       0.86861542922114732     
   6.7099998500198126       -8.4764393010014469E-002  0.90561060978801400       0.86781151440801152     
   6.7199998497962952       -8.3765800598494242E-002  0.90489003080967723       0.86701264047879545     
   6.7299998495727777       -8.2773798524299780E-002  0.90417451382687075       0.86621903881943985     
   6.7399998493492603       -8.1788672303971605E-002  0.90346428988372784       0.86543093784317726     
   6.7499998491257429       -8.0810703645170054E-002  0.90275958705645154       0.86464856291613601     
   6.7599998489022255       -7.9840170355489778E-002  0.90206063037938655       0.86387213628439197     
   6.7699998486787081       -7.8877346253109298E-002  0.90136764177252859       0.86310187700248753     
   6.7799998484551907       -7.7922501079301681E-002  0.90068083997049286       0.86233800086344137     
   6.7899998482316732       -7.6975900412831103E-002  0.90000044045299032       0.86158072033026500     
   6.7999998480081558       -7.6037805586259694E-002  0.89932665537678758       0.86083024446900769     
   6.8099998477846384       -7.5108473604188139E-002  0.89865969350921127       0.86008677888335050     
   6.8199998475611210       -7.4188157063452539E-002  0.89799976016318250       0.85935052565076209     
   6.8299998473376036       -7.3277104075299679E-002  0.89734705713381158       0.85862168326023980     
   6.8399998471140862       -7.2375558189561595E-002  0.89670178263658706       0.85790044655164932     
   6.8499998468905687       -7.1483758320849883E-002  0.89606413124713147       0.85718700665667991     
   6.8599998466670513       -7.0601938676789211E-002  0.89543429384258788       0.85648155094143130     
   6.8699998464435339       -6.9730328688308682E-002  0.89481245754461824       0.85578426295064691     
   6.8799998462200165       -6.8869152942009002E-002  0.89419880566404397       0.85509532235360719     
   6.8899998459964991       -6.8018631114622488E-002  0.89359351764713724       0.85441490489169802     
   6.8999998457729816       -6.7178977909582160E-002  0.89299676902357605       0.85374318232766577     
   6.9099998455494642       -6.6350402995715360E-002  0.89240873135607290       0.85308032239657239     
   6.9199998453259468       -6.5533110948076512E-002  0.89182957219169834       0.85242648875846128     
   6.9299998451024294       -6.4727301190932673E-002  0.89125945501490134       0.85178184095274612     
   6.9399998448789120       -6.3933167942915051E-002  0.89069853920223352       0.85114653435433218     
   6.9499998446553946       -6.3150900164348281E-002  0.89014697997879966       0.85052072013147861     
   6.9599998444318771       -6.2380681506769037E-002  0.88960492837643756       0.84990454520541536     
   6.9699998442083597       -6.1622690264644182E-002  0.88907253119362595       0.84929815221171534     
   6.9799998439848423       -6.0877099329298134E-002  0.88854993095714563       0.84870167946343855     
   6.9899998437613249       -6.0144076145058199E-002  0.88803726588549170       0.84811526091604661     
   6.9999998435378075       -5.9423782667625769E-002  0.88753466985403784       0.84753902613410070     
   7.0099998433142900       -5.8716375324680430E-002  0.88704227236196920       0.84697310025974437     
   7.0199998430907726       -5.8022004978723236E-002  0.88656019850098733       0.84641760398297861     
   7.0299998428672552       -5.7340816892164484E-002  0.88608856892578525       0.84587265351373164     
   7.0399998426437378       -5.6672950694660600E-002  0.88562749982629696       0.84533836055572853     
   7.0499998424202204       -5.6018540352703740E-002  0.88517710290173468       0.84481483228216314     
   7.0599998421967030       -5.5377714141467069E-002  0.88473748533640784       0.84430217131317375     
   7.0699998419731855       -5.4750594618907626E-002  0.88430874977732477       0.84380047569512606     
   7.0799998417496681       -5.4137298602128070E-002  0.88389099431358209       0.84330983888170241     
   7.0899998415261507       -5.3537937145997562E-002  0.88348431245754921       0.84283034971679816     
   7.0999998413026333       -5.2952615524031355E-002  0.88308879312782496       0.84236209241922522     
   7.1099998410791159       -5.2381433211527745E-002  0.88270452063399507       0.84190514656922222     
   7.1199998408555984       -5.1824483870960281E-002  0.88233157466317469       0.84145958709676827     
   7.1299998406320810       -5.1281855339622207E-002  0.88197003026832010       0.84102548427169777     
   7.1399998404085636       -5.0753629619519416E-002  0.88161995785834646       0.84060290369561563     
   7.1499998401850462       -5.0239882869507264E-002  0.88128142318999758       0.84019190629560581     
   7.1599998399615288       -4.9740685399665849E-002  0.88095448736151083       0.83979254831973271     
   7.1699998397380114       -4.9256101667907538E-002  0.88063920680804408       0.83940488133432611     
   7.1799998395144939       -4.8786190278809698E-002  0.88033563329886200       0.83902895222304774     
   7.1899998392909765       -4.8331003984664805E-002  0.88004381393629794       0.83866480318773184     
   7.1999998390674591       -4.7890589688739341E-002  0.87976379115645076       0.83831247175099155     
   7.2099998388439417       -4.7464988450732028E-002  0.87949560273164562       0.83797199076058571     
   7.2199998386204243       -4.7054235494421254E-002  0.87923928177462052       0.83764338839553698     
   7.2299998383969069       -4.6658360217490695E-002  0.87899485674445321       0.83732668817399247     
   7.2399998381733894       -4.6277386203521440E-002  0.87876235145420556       0.83702190896281725     
   7.2499998379498720       -4.5911331236138046E-002  0.87854178508028546       0.83672906498891053     
   7.2599998377263546       -4.5560207315295378E-002  0.87833317217350881       0.83644816585223636     
   7.2699998375028372       -4.5224020675692159E-002  0.87813652267186182       0.83617921654055383     
   7.2799998372793198       -4.4902771807296522E-002  0.87795184191493436       0.83592221744583728     
   7.2899998370558023       -4.4596455477968068E-002  0.87777913066004065       0.83567716438237449     
   7.2999998368322849       -4.4305060758160271E-002  0.87761838509998435       0.83544404860652832     
   7.3099998366087675       -4.4028571047686302E-002  0.87746959688247517       0.83522285683814901     
   7.3199998363852501       -4.3766964104530640E-002  0.87733275313118730       0.83501357128362452     
   7.3299998361617327       -4.3520212075688153E-002  0.87720783646842448       0.83481616966055050     
   7.3399998359382153       -4.3288281530011678E-002  0.87709482503940339       0.83463062522400944     
   7.3499998357146978       -4.3071133493048350E-002  0.87699369253811510       0.83445690679443862     
   7.3599998354911804       -4.2868723483844386E-002  0.87690440823477867       0.83429497878707548     
   7.3699998352676630       -4.2681001553697251E-002  0.87682693700483516       0.83414480124295776     
   7.3799998350441456       -4.2507912326833576E-002  0.87676123935950623       0.83400632986146683     
   7.3899998348206282       -4.2349395042990470E-002  0.87670727147786331       0.83387951603439248     
   7.3999998345971107       -4.2205383601877373E-002  0.87666498524041492       0.83376430688150194     
   7.4099998343735933       -4.2075806609494754E-002  0.87663432826418586       0.83366064528759587     
   7.4199998341500759       -4.1960587426285632E-002  0.87661524393926971       0.83356846994102851     
   7.4299998339265585       -4.1859644217095052E-002  0.87660767146683105       0.83348771537367616     
   7.4399998337030411       -4.1772890002912191E-002  0.87661154589855428       0.83341831200232974     
   7.4499998334795237       -4.1700232714369186E-002  0.87662679817750011       0.83336018617149543     
   7.4599998332560062       -4.1641575246970174E-002  0.87665335518036425       0.83331326019757612     
   7.4699998330324888       -4.1596815518023536E-002  0.87669113976110813       0.83327745241441886     
   7.4799998328089714       -4.1565846525249688E-002  0.87674007079594651       0.83325267722019980     
   7.4899998325854540       -4.1548556407036405E-002  0.87680006322967308       0.83323884512562918     
   7.4999998323619366       -4.1544828504313007E-002  0.87687102812328488       0.83323586280345041     
   7.5099998321384192       -4.1554541424014275E-002  0.87695287270291566       0.83324363313921157     
   7.5199998319149017       -4.1577569104104532E-002  0.87704550041002216       0.83326205528328368     
   7.5299998316913843       -4.1613780880131720E-002  0.87714881095281982       0.83329102470410543     
   7.5399998314678669       -4.1663041553281016E-002  0.87726270035893861       0.83333043324262490     
   7.5499998312443495       -4.1725211459896897E-002  0.87738706102928110       0.83338016916791757     
   7.5599998310208321       -4.1800146542442261E-002  0.87752178179304408       0.83344011723395384     
   7.5699998307973146       -4.1887698421862726E-002  0.87766674796389976       0.83351015873749024     
   7.5799998305737972       -4.1987714471323823E-002  0.87782184139729758       0.83359017157705917     
   7.5899998303502798       -4.2100037891288411E-002  0.87798694054885951       0.83368003031303073     
   7.5999998301267624       -4.2224507785901262E-002  0.87816192053386288       0.83377960622872116     
   7.6099998299032450       -4.2360959240647353E-002  0.87834665318775307       0.83388876739251794     
   7.6199998296797276       -4.2509223401250136E-002  0.87854100712769700       0.83400737872100006     
   7.6299998294562101       -4.2669127553775617E-002  0.87874484781512308       0.83413530204302055     
   7.6399998292326927       -4.2840495205907783E-002  0.87895803761922475       0.83427239616472626     
   7.6499998290091753       -4.3023146169360614E-002  0.87918043588142702       0.83441851693548852     
   7.6599998287856579       -4.3216896643391609E-002  0.87941189898074312       0.83457351731471341     
   7.6699998285621405       -4.3421559299381469E-002  0.87965228040003818       0.83473724743950517     
   7.6799998283386230       -4.3636943366444289E-002  0.87990143079314542       0.83490955469315553     
   7.6899998281151056       -4.3862854718032349E-002  0.88015919805282072       0.83509028377442596     
   7.6999998278915882       -4.4099095959499429E-002  0.88042542737949048       0.83527927676759950     
   7.7099998276680708       -4.4345466516586204E-002  0.88069996135079331       0.83547637321326895     
   7.7199998274445534       -4.4601762724791195E-002  0.88098263999185489       0.83568141017983300     
   7.7299998272210360       -4.4867777919590429E-002  0.88127330084628885       0.83589422233567245     
   7.7399998269975185       -4.5143302527468919E-002  0.88157177904789019       0.83611464202197527     
   7.7499998267740011       -4.5428124157726742E-002  0.88187790739298400       0.83634249932618143     
   7.7599998265504837       -4.5722027695022406E-002  0.88219151641341531       0.83657762215601794     
   7.7699998263269663       -4.6024795392616155E-002  0.88251243445013583       0.83681983631409285     
   7.7799998261034489       -4.6336206966275495E-002  0.88284048772736312       0.83706896557302035     
   7.7899998258799314       -4.6656039688805322E-002  0.88317550042729254       0.83732483175104433     
   7.7999998256564140       -4.6984068485164870E-002  0.88351729476531971       0.83758725478813190     
   7.8099998254328966       -4.7320066028133524E-002  0.88386569106574209       0.83785605282250675     
   7.8199998252093792       -4.7663802834487595E-002  0.88422050783792461       0.83813104226759005     
   7.8299998249858618       -4.8015047361649986E-002  0.88458156185288683       0.83841203788932006     
   7.8399998247623444       -4.8373566104774758E-002  0.88494866822028206       0.83869885288381996     
   7.8499998245388269       -4.8739123694228399E-002  0.88532164046574890       0.83899129895538282     
   7.8599998243153095       -4.9111482993429767E-002  0.88570029060859212       0.83928918639474392     
   7.8699998240917921       -4.9490405197010548E-002  0.88608442923976671       0.83959232415760854     
   7.8799998238682747       -4.9875649929258130E-002  0.88647386560014618       0.83990051994340653     
   7.8899998236447573       -5.0266975342802805E-002  0.88686840765902031       0.84021358027424231     
   7.8999998234212399       -5.0664138217511270E-002  0.88726786219282372       0.84053131057400909     
   7.9099998231977224       -5.1066894059548409E-002  0.88767203486403679       0.84085351524763885     
   7.9199998229742050       -5.1474997200569458E-002  0.88808073030024004       0.84117999776045560     
   7.9299998227506876       -5.1888200897004688E-002  0.88849375217330506       0.84151056071760388     
   7.9399998225271702       -5.2306257429398852E-002  0.88891090327865840       0.84184500594351919     
   7.9499998223036528       -5.2728918201767769E-002  0.88933198561462912       0.84218313456141436     
   7.9599998220801353       -5.3155933840934456E-002  0.88975680046181649       0.84252474707274760     
   7.9699998218566179       -5.3587054295807506E-002  0.89018514846246810       0.84286964343664605     
   7.9799998216331005       -5.4022028936564374E-002  0.89061682969982303       0.84321762314925142     
   7.9899998214095831       -5.4460606653702531E-002  0.89105164377740820       0.84356848532296214     
   7.9999998211860657       -5.4902535956921551E-002  0.89148938989824844       0.84392202876553724     
