   0.00000000       1.00000000       0.00000000    
   1.0099999774247408       0.99993762065180170        0.0000000000000000        4.9903478558643857E-005
   1.0199999772012234       0.99975049871812038        4.9997441274987175E-005   1.9960102550369287E-004
   1.0299999769777060       0.99943867920105867        1.9997954068857348E-004   4.4905663915306704E-004
   1.0399999767541885       0.99900223265304589        4.4991562850542723E-004   7.9821387756329187E-004
   1.0499999765306711       0.99844125515318560        7.9975459940065309E-004   1.2469958774515178E-003
   1.0599999763071537       0.99775586827720120        1.2494249275050238E-003   1.7953053782390428E-003
   1.0699999760836363       0.99694621906099845        1.7988346865933302E-003   2.4430247512012395E-003
   1.0799999758601189       0.99601247995786479        2.4478715754052828E-003   3.1900160337081651E-003
   1.0899999756366014       0.99495484878932816        3.1964029480870482E-003   4.0361209685374714E-003
   1.0999999754130840       0.99377354868969803        4.0442758497401983E-003   4.9811610482415787E-003
   1.1099999751895666       0.99246882804431336        4.9913170570635322E-003   6.0249375645493155E-003
   1.1199999749660492       0.99104096042152523        6.0373331240719218E-003   7.1672316627798167E-003
   1.1299999747425318       0.98949024449844014        7.1821104328751145E-003   8.4078044012478870E-003
   1.1399999745190144       0.98781700398045524        8.4254152494980649E-003   9.7463968156358063E-003
   1.1499999742954969       0.98602158751461488        9.7669937847232793E-003   1.1182729988308094E-002
   1.1599999740719795       0.98410436859682160        1.1206572259934209E-002   1.2716505122542722E-002
   1.1699999738484621       0.98206574547293457        1.2743856977937775E-002   1.4347403621652344E-002
   1.1799999736249447       0.97990614103379048        1.4378534398742662E-002   1.6075087172967618E-002
   1.1899999734014273       0.97762600270418354        1.6110271220269003E-002   1.7899197836653169E-002
   1.1999999731779099       0.97522580232584188        1.7938714463963879E-002   1.9819358139326494E-002
   1.2099999729543924       0.97270603603443895        1.9863491565295783E-002   2.1835171172448844E-002
   1.2199999727308750       0.97006722413068036        2.1884210469100246E-002   2.3946220695455711E-002
   1.2299999725073576       0.96730991094550778        2.4000459729747580E-002   2.6152071243593780E-002
   1.2399999722838402       0.96443466469946171        2.6211808616102526E-002   2.8452268240430637E-002
   1.2499999720603228       0.96144207735624743        2.8517807221244713E-002   3.0846338115002061E-002
   1.2599999718368053       0.95833276447054927        3.0917986576917404E-002   3.3333788423560586E-002
   1.2699999716132879       0.95510736503013860        3.3411858772671416E-002   3.5914107975889120E-002
   1.2799999713897705       0.95176654129232363        3.5998917079669429E-002   3.8586766966141099E-002
   1.2899999711662531       0.94831097861478897        3.8678636079115418E-002   4.1351217108168831E-002
   1.2999999709427357       0.94474138528087426        4.1450471795272489E-002   4.4206891775300600E-002
   1.3099999707192183       0.94105849231934324        4.4313861833031765E-002   4.7153206144525409E-002
   1.3199999704957008       0.93726305331869386        4.7268225519993448E-002   5.0189557345044912E-002
   1.3299999702721834       0.93335584423606333        5.0312964053020499E-002   5.3315324611149344E-002
   1.3399999700486660       0.92933766320078115        5.3447460649224711E-002   5.6529869439375081E-002
   1.3499999698251486       0.92520933031262509        5.6671080701342975E-002   5.9832535749899933E-002
   1.3599999696016312       0.92097168743483604        5.9983171937461589E-002   6.3222650052131166E-002
   1.3699999693781137       0.91662559798194898        6.3383064585045029E-002   6.6699521614440815E-002
   1.3799999691545963       0.91217194670249757        6.6870071539224515E-002   7.0262442638001951E-002
   1.3899999689310789       0.90761163945665091        7.0443488535300913E-002   7.3910688434679281E-002
   1.3999999687075615       0.90294560298884341        7.4102594325415813E-002   7.7643517608925280E-002
   1.4099999684840441       0.89817478469545742        7.7846650859343211E-002   8.1460172243634069E-002
   1.4199999682605267       0.89330015238762150        8.1674903469353480E-002   8.5359878089902808E-002
   1.4299999680370092       0.88832269404918607        8.5586581059100636E-002   8.9341844760651157E-002
   1.4399999678134918       0.88324341758994129        8.9580896296482582E-002   9.3405265928046974E-002
   1.4499999675899744       0.87806335059414053        9.3657045810423556E-002   9.7549319524687580E-002
   1.4599999673664570       0.87278354006439651        9.7814210391526088E-002  0.10177316794848279     
   1.4699999671429396       0.86740505216101560       0.10205155519654123       0.10607595827118753     
   1.4799999669194221       0.86192897193683804       0.10636822995660099       0.11045682245052957     
   1.4899999666959047       0.85635640306765226       0.11076336918916076       0.11491487754587820     
   1.4999999664723873       0.85068846757825356       0.11523609241359439       0.11944922593739715     
   1.5099999662488699       0.84492630556421611       0.11978550437038663       0.12405895554862711     
   1.5199999660253525       0.83907107490944988       0.12441069524386510       0.12874314007244012     
   1.5299999658018351       0.83312395099961523       0.12911074088841365       0.13350083920030784     
   1.5399999655783176       0.82708612643146684       0.13388470305810912       0.13833109885482653     
   1.5499999653548002       0.82095881071820198       0.13873162963971974       0.14323295142543843     
   1.5599999651312828       0.81474322999088677       0.14365055488900638       0.14820541600729059     
   1.5699999649077654       0.80844062669603711       0.14864049967026419       0.15324749864317033     
   1.5799999646842480       0.80205225928943025       0.15370047169904227       0.15835819256845582     
   1.5899999644607306       0.79557940192622401       0.15882946578797824       0.16353647845902081     
   1.5999999642372131       0.78902334414746256       0.16402646409568400       0.16878132468202997     
   1.6099999640136957       0.78238539056304779       0.16929043637861727       0.17409168754956178     
   1.6199999637901783       0.77566686053125555       0.17462034024587364       0.17946651157499557     
   1.6299999635666609       0.76886908783487906       0.18001512141683282       0.18490472973209676     
   1.6399999633431435       0.76199342035407935       0.18547371398159038       0.19040526371673652     
   1.6499999631196260       0.75504121973602711       0.19099504066411038       0.19596702421117831     
   1.6599999628961086       0.74801386106141809       0.19657801308802531       0.20158891115086552     
   1.6699999626725912       0.74091273250794709       0.20222153204501722       0.20726981399364233     
   1.6799999624490738       0.73373923501082527       0.20792448776570921       0.21300861199133980     
   1.6899999622255564       0.72649478192042638       0.21368576019299387       0.21880417446365891     
   1.6999999620020390       0.71918079865715012       0.21950421925773062       0.22465536107427991     
   1.7099999617785215       0.71179872236358810       0.22537872515673446       0.23056102210912954     
   1.7199999615550041       0.70435000155408256       0.23130812863298816       0.23651999875673396     
   1.7299999613314867       0.69683609576176619       0.23729127125799979       0.24253112339058705     
   1.7399999611079693       0.68925847518317329       0.24332698571623076       0.24859321985346139     
   1.7499999608844519       0.68161862032051268       0.24941409609152385       0.25470510374358984     
   1.7599999606609344       0.67391802162169434       0.25555141815544796       0.26086558270264454     
   1.7699999604374170       0.66615817911820185       0.26173775965748824       0.26707345670543853     
   1.7799999602138996       0.65834060206090361       0.26797192061700253       0.27332751835127711     
   1.7899999599903822       0.65046680855389660       0.27425269361686444       0.27962655315688273     
   1.7999999597668648       0.64253832518647735       0.28057886409871691       0.28596933985081813     
   1.8099999595433474       0.63455668666333453       0.28694921065975548       0.29235465066933236     
   1.8199999593198299       0.62652343543306055       0.29336250535096164       0.29878125165355157     
   1.8299999590963125       0.61844012131507664       0.29981751397670597       0.30524790294793869     
   1.8399999588727951       0.61030830112507040       0.30631299639564014       0.31175335909994373     
   1.8499999586492777       0.60212953829904248       0.31284770682279578       0.31829636936076605     
   1.8599999584257603       0.59390540251606105       0.31942039413280932       0.32487567798715117     
   1.8699999582022429       0.58563746931982341       0.32602980216418892       0.33149002454414128     
   1.8799999579787254       0.57732731973912388       0.33267467002454221       0.33813814420870092     
   1.8899999577552080       0.56897653990732810       0.33935373239667793       0.34481876807413753     
   1.8999999575316906       0.56058672068095439       0.34606571984550527       0.35153062345523650     
   1.9099999573081732       0.55215945725746329       0.35280935912563527       0.35827243419402938     
   1.9199999570846558       0.54369634879235751       0.35958337348961117       0.36504292096611402     
   1.9299999568611383       0.53519899801569237       0.36638648299667581       0.37184080158744615     
   1.9399999566376209       0.52666901084810180       0.37321740482199173       0.37866479132151859     
   1.9499999564141035       0.51810799601644042       0.38007485356623161       0.38551360318684769     
   1.9599999561905861       0.50951756466914655       0.38695754156545215       0.39238594826468276     
   1.9699999559670687       0.50089932999142806       0.39386417920115863       0.39928053600685759     
   1.9799999557435513       0.49225490682037643       0.40079347521048736       0.40619607454369888     
   1.9899999555200338       0.48358591126011224       0.40774413699640677       0.41313127099191027     
   1.9999999552965164       0.47489396029706604       0.41471487093785969       0.42008483176234712     
   2.0099999550729990       0.46618067141549996       0.42170438269975247       0.42705546286760010     
   2.0199999548494816       0.45744766221337413       0.42871137754271166       0.43404187022930074     
   2.0299999546259642       0.44869655001866260       0.43573456063251609       0.44104275998506992     
   2.0399999544024467       0.43992895150622413       0.44277263734912209       0.44805683879502073     
   2.0499999541789293       0.43114648231533209       0.44982431359518765       0.45508281414773433     
   2.0599999539554119       0.42235075666796895       0.45688829610401971       0.46211939466562485     
   2.0699999537318945       0.41354338698798992       0.46396329274684844       0.46916529040960814     
   2.0799999535083771       0.40472598352126066       0.47104801283934394       0.47621921318299149     
   2.0899999532848597       0.39590015395687383       0.47814116744729757       0.48327987683450097     
   2.0999999530613422       0.38706750304954901       0.48524146969136617       0.49034599756036085     
   2.1099999528378248       0.37822963224332018       0.49234763505080831       0.49741629420534389     
   2.1199999526143074       0.36938813929661563       0.49945838166611634       0.50448948856270748     
   2.1299999523907900       0.36054461790883308       0.50657243064046642       0.51156430567293354     
   2.1399999521672726       0.35170065734851474       0.51368850633989538       0.51863947412118827     
   2.1499999519437551       0.34285784208322501       0.52080533669212303       0.52571372633342006     
   2.1599999517202377       0.33401775141123324       0.52792165348393572       0.53278579887101341     
   2.1699999514967203       0.32518195909510517       0.53503619265704583       0.53985443272391587     
   2.1799999512732029       0.31635203299730358       0.54214769460234369       0.54691837360215723     
   2.1899999510496855       0.30752953471790084       0.54925490445246017       0.55397637222567941     
   2.1999999508261681       0.29871601923450325       0.55635657237256042       0.56102718461239742     
   2.2099999506026506       0.28991303454448775       0.56345145384927664       0.56806957236440980     
   2.2199999503791332       0.28112212130965103       0.57053830997771404       0.57510230295227915     
   2.2299999501556158       0.27234481250336928       0.57761590774643456       0.58212414999730455     
   2.2399999499320984       0.26358263306036689       0.58468302032034802       0.58913389355170653     
   2.2499999497085810       0.25483709952919209       0.59173842732143100       0.59613032037664637     
   2.2599999494850636       0.24610971972749507       0.59878091510718823       0.60311222421800403     
   2.2699999492615461       0.23740199240020532       0.60580927704678578       0.61007840607983577     
   2.2799999490380287       0.22871540688070224       0.61282231379477947       0.61702767449543827     
   2.2899999488145113       0.22005144275507327       0.61981883356235523       0.62395884579594141     
   2.2999999485909939       0.21141156952955226       0.62679765238601559       0.63087074437635826     
   2.3099999483674765       0.20279724630122997       0.63375759439363100       0.63776220295901609     
   2.3199999481439590       0.19420992143212742       0.64069749206778914       0.64463206285429808     
   2.3299999479204416       0.18565103222672183       0.64761618650636021       0.65147917421862256     
   2.3399999476969242       0.17712200461301356       0.65451252768022394       0.65830239630958920     
   2.3499999474734068       0.16862425282722160       0.66138537468806535       0.66510059773822272     
   2.3599999472498894       0.16015917910219335       0.66823359600819399       0.67187265671824536     
   2.3699999470263720       0.15172817335961400       0.67505606974729915       0.67861746131230882     
   2.3799999468028545       0.14333261290609861       0.68185168388608275       0.68533390967512120     
   2.3899999465793371       0.13497386213324952       0.68861933652171570       0.69202091029340052     
   2.3999999463558197       0.12665327222175973       0.69535793610702001       0.69867738222259224     
   2.4099999461323023       0.11837218084964163       0.70206640168635437       0.70530225532028679     
   2.4199999459087849       0.11013191190465943       0.70874366312811210       0.71189447047627252     
   2.4299999456852674       0.10193377520104160       0.71538866135377732       0.71845297983916678     
   2.4399999454617500        9.3779066200548433E-002  0.72200034856349471       0.72497674703956128     
   2.4499999452382326        8.5669065737968356E-002  0.72857768845806448       0.73146474740962530     
   2.4599999450147152        7.7605039751115018E-002  0.73511965645734056       0.73791596819910810     
   2.4699999447911978        6.9588239015395473E-002  0.74162523991494567       0.74432940878768372     
   2.4799999445676804        6.1619898883018318E-002  0.74809343832927433       0.75070408089358542     
   2.4899999443441629        5.3701239026909042E-002  0.75452326355070820       0.75703900877847285     
   2.4999999441206455        4.5833463189398030E-002  0.76091373998501100       0.76333322944848159     
   2.5099999438971281        3.8017758935745112E-002  0.76726390479284257       0.76958579285140394     
   2.5199999436736107        3.0255297412562797E-002  0.77357280808534512       0.77579576206994982     
   2.5299999434500933        2.2547233111198651E-002  0.77983951311575450       0.78196221351104112     
   2.5399999432265759        1.4894703636135459E-002  0.78606309646699735       0.78808423709109166     
   2.5499999430030584        7.2988294784661406E-003  0.79224264823521395       0.79416093641722707     
   2.5599999427795410       -2.3928620550147696E-004  0.79837727220918309       0.80019142896440121     
   2.5699999425560236       -7.7185578104566272E-003  0.80446608604559378       0.80617484624836533     
   2.5799999423325062       -1.5137917493062812E-002  0.81050822144013013       0.81211033399445032     
   2.5899999421089888       -2.2496315377650507E-002  0.81650282429432541       0.81799705230212050     
   2.5999999418854713       -2.9792719756577501E-002  0.82244905487815945       0.82383417580526208     
   2.6099999416619539       -3.7026117285210811E-002  0.82834608798835230       0.82962089382816873     
   2.6199999414384365       -4.4195513171486012E-002  0.83419311310232225       0.83535641053718879     
   2.6299999412149191       -5.1299931360001695E-002  0.83998933452778302       0.84103994508800151     
   2.6399999409914017       -5.8338414710608591E-002  0.84573397154794727       0.84667073176848684     
   2.6499999407678843       -6.5310025171454816E-002  0.85142625856229415       0.85224802013716394     
   2.6599999405443668       -7.2213843946450626E-002  0.85706544522289596       0.85777107515716056     
   2.6699999403208494       -7.9048971657117856E-002  0.86265079656625554       0.86323917732569433     
   2.6799999400973320       -8.5814528498791232E-002  0.86818159314064558       0.86865162279903307     
   2.6899999398738146       -9.2509654391140547E-002  0.87365713112891552       0.87400772351291245     
   2.6999999396502972       -9.9133509122984687E-002  0.87907672246675539       0.87930680729838784     
   2.7099999394267797      -0.10568527249137030       0.88443969495638208       0.88454821799309635     
   2.7199999392032623      -0.11216414443488994       0.88974539237564854       0.88973131554791207     
   2.7299999389797449      -0.11856934516121614       0.89499317458253735       0.89485547612897298     
   2.7399999387562275      -0.12490011526883027       0.90018241761503703       0.89992009221506430     
   2.7499999385327101      -0.13115571586292624       0.90531251378639077       0.90492457269034099     
   2.7599999383091927      -0.13733542866547174       0.91038287177568322       0.90986834293237751     
   2.7699999380856752      -0.14343855611941098       0.91539291671378409       0.91475084489552883     
   2.7799999378621578      -0.14946442148699510       0.92034209026461022       0.91957153718959617     
   2.7899999376386404      -0.15541236894222832       0.92522985070172370       0.92432989515378283     
   2.7999999374151230      -0.16128176365741947       0.93005567298023406       0.92902541092593571     
   2.8099999371916056      -0.16707199188383076       0.93481904880402111       0.93365759350706468     
   2.8199999369680882      -0.17278246102641728       0.93951948668826457       0.93822596882113385     
   2.8299999367445707      -0.17841259971265253       0.94415651201727180       0.94273007977012202     
   2.8399999365210533      -0.18396185785543720       0.94872966709762130       0.94716948628434983     
   2.8499999362975359      -0.18942970671009049       0.95323851120659908       0.95154376536807250     
   2.8599999360740185      -0.19481563892542425       0.95768262063594678       0.95585251114033953     
   2.8699999358505011      -0.20011916858890308       0.96206158873092562       0.96009533487112242     
   2.8799999356269836      -0.20533983126589447       0.96637502592468150       0.96427186501271567     
   2.8899999354034662      -0.21047718403301527       0.97062255976793954       0.96838174722641224     
   2.8999999351799488      -0.21553080550558235       0.97480383495402390       0.97242464440446597     
   2.9099999349564314      -0.22050029585917708       0.97891851333921387       0.97640023668734166     
   2.9199999347329140      -0.22538527684533499       0.98296627395844194       0.98030822147626806     
   2.9299999345093966      -0.23018539180137373       0.98694681303635312       0.98414831344109899     
   2.9399999342858791      -0.23490030565437409       0.99085984399373161       0.98792024452349936     
   2.9499999340623617      -0.23952970491933032       0.99470509744931312       0.99162376393546436     
   2.9599999338388443      -0.24407329769148822       0.99848232121699099       0.99525863815319049     
   2.9699999336153269      -0.24853081363289026        1.0021912802984412       0.99882465090631234     
   2.9799999333918095      -0.25290200395314943        1.0058317568711719        1.0023216031625197     
   2.9899999331682920      -0.25718664138447467        1.0094035502720371        1.0057493131075799     
   2.9999999329447746      -0.26138452015097235        1.0129064769762000        1.0091076161207779     
   3.0099999327212572      -0.26549545593225005        1.0163403705716128        1.0123963647458001     
   3.0199999324977398      -0.26951928582134999        1.0197050817289863        1.0156154286570800     
   3.0299999322742224      -0.27345586827704194        1.0230004781673088        1.0187646946216338     
   3.0399999320507050      -0.27730508307050544        1.0262264446149265        1.0218440664564044     
   3.0499999318271875      -0.28106683122643444        1.0293828827662101        1.0248534649811476     
   3.0599999316036701      -0.28474103495859726        1.0324697112338255        1.0277928279668778     
   3.0699999313801527      -0.28832763759988772        1.0354868654966578        1.0306621100799103     
   3.0799999311566353      -0.29182660352690337        1.0384342978434036        1.0334612828215228     
   3.0899999309331179      -0.29523791807908939        1.0413119773118553        1.0361903344632715     
   3.0999999307096004      -0.29856158747248707        1.0441198896239223        1.0388492699779897     
   3.1099999304860830      -0.30179763870812815        1.0468580371164156        1.0414381109665027     
   3.1199999302625656      -0.30494611947511691        1.0495264386676264        1.0439568955800935     
   3.1299999300390482      -0.30800709804844345        1.0521251296197351        1.0464056784387548     
   3.1399999298155308      -0.31098066318157325        1.0546541616970817        1.0487845305452586     
   3.1499999295920134      -0.31386692399385890        1.0571136029203390        1.0510935391950873     
   3.1599999293684959      -0.31666600985282184        1.0595035375166262        1.0533328078822575     
   3.1699999291449785      -0.31937807025135201        1.0618240658255969        1.0555024562010817     
   3.1799999289214611      -0.32200327467987655        1.0640753042015274        1.0576026197439015     
   3.1899999286979437      -0.32454181249354769        1.0662573849114858        1.0596334499948383     
   3.1999999284744263      -0.32699389277450280        1.0683704560295655        1.0615951142196023     
   3.2099999282509089      -0.32935974418925013        1.0704146813272724        1.0634877953514001     
   3.2199999280273914      -0.33163961484123489        1.0723902401600822        1.0653116918729879     
   3.2299999278038740      -0.33383377211864196        1.0742973273502252        1.0670670176949135     
   3.2399999275803566      -0.33594250253749181        1.0761361530657252        1.0687540020299935     
   3.2499999273568392      -0.33796611158008827        1.0779069426957553        1.0703728892640707     
   3.2599999271333218      -0.33990492352887752        1.0796099367223464        1.0719239388231021     
   3.2699999269098043      -0.34175928129577826        1.0812453905884980        1.0734074250366228     
   3.2799999266862869      -0.34352954624704501        1.0828135745627354        1.0748236369976361     
   3.2899999264627695      -0.34521609802372710        1.0843147736001615        1.0761728784189817     
   3.2999999262392521      -0.34681933435778622        1.0857492872000589        1.0774554674862291     
   3.3099999260157347      -0.34833967088393819        1.0871174292600849        1.0786717367071506     
   3.3199999257922173      -0.34977754094728364        1.0884195279271081        1.0798220327578270     
   3.3299999255686998      -0.35113339540679461        1.0896559254447415        1.0809067163254358     
   3.3399999253451824      -0.35240770243472452        1.0908269779976301        1.0819261619477796     
   3.3499999251216650      -0.35360094731200986        1.0919330555525186        1.0828807578496080     
   3.3599999248981476      -0.35471363221973323        1.0929745416962067        1.0837709057757867     
   3.3699999246746302      -0.35574627602671771        1.0939518334703620        1.0845970208213742     
   3.3799999244511127      -0.35669941407332395        1.0948653412033473        1.0853595312586592     
   3.3899999242275953      -0.35757359795152205        1.0957154883390210        1.0860588783612177     
   3.3999999240040779      -0.35836939528131118        1.0965027112626313        1.0866955162250489     
   3.4099999237805605      -0.35908738948356034        1.0972274591238276        1.0872699115868483     
   3.4199999235570431      -0.35972817954934516        1.0978901936568701        1.0877825436394761     
   3.4299999233335257      -0.36029237980585616        1.0984913889980654        1.0882339038446849     
   3.4399999231100082      -0.36078061967895403        1.0990315315005135        1.0886244957431632     
   3.4499999228864908      -0.36119354345244958        1.0995111195462086        1.0889548347619598     
   3.4599999226629734      -0.36153181002418538        1.0999306633555672        1.0892254480193484     
   3.4699999224394560      -0.36179609265899770        1.1002906847944203        1.0894368741271983     
   3.4799999222159386      -0.36198707873863761        1.1005917171785555        1.0895896629909101     
   3.4899999219924212      -0.36210546950873118        1.1008343050758578        1.0896843756069849     
   3.4999999217689037      -0.36215197982285907        1.1010190041061070        1.0897215838582874     
   3.5099999215453863      -0.36212733788383633        1.1011463807385038        1.0897018703070691     
   3.5199999213218689      -0.36203228498227430        1.1012170120869731        1.0896258279858195     
   3.5299999210983515      -0.36186757523250679        1.1012314857033276        1.0894940601860055     
   3.5399999208748341      -0.36163397530596308        1.1011903993683372        1.0893071802447705     
   3.5499999206513166      -0.36133226416207154        1.1010943608807700        1.0890658113296572     
   3.5599999204277992      -0.36096323277677750        1.1009439878444893        1.0887705862214221     
   3.5699999202042818      -0.36052768386875966        1.1007399074536293        1.0884221470950077     
   3.5799999199807644      -0.36002643162343040        1.1004827562759711        1.0880211452987443     
   3.5899999197572470      -0.35946030141480473        1.1001731800345356        1.0875682411318439     
   3.5999999195337296      -0.35883012952532434        1.0998118333874805        1.0870641036202595     
   3.6099999193102121      -0.35813676286372265        1.0993993797063712        1.0865094102909783     
   3.6199999190866947      -0.35738105868101733        1.0989364908528834        1.0859048469448138     
   3.6299999188631773      -0.35656388428471791        1.0984238469540100        1.0852511074277744     
   3.6399999186396599      -0.35568611675133532        1.0978621361758281        1.0845488934010683     
   3.6499999184161425      -0.35474864263728118        1.0972520544959166        1.0837989141098250     
   3.6599999181926250      -0.35375235768824514        1.0965943054744725        1.0830018861505961     
   3.6699999179691076      -0.35269816654713843        1.0958896000241951        1.0821585332377108     
   3.6799999177455902      -0.35158698246069187        1.0951386561790228        1.0812695859685535     
   3.6899999175220728      -0.35041972698479773        1.0943421988617668        1.0803357815878383     
   3.6999999172985554      -0.34919732968868405        1.0935009596507423        1.0793578637509473     
   3.7099999170750380      -0.34792072785801070        1.0926156765454305        1.0783365822864086     
   3.7199999168515205      -0.34659086619697660        1.0916870937312628        1.0772726929575813     
   3.7299999166280031      -0.34520869652952746        1.0907159613436042        1.0761669572236219     
   3.7399999164044857      -0.34377517749975400        1.0897030352309807        1.0750201419998031     
   3.7499999161809683      -0.34229127427156969        1.0886490767176362        1.0738330194172558     
   3.7599999159574509      -0.34075795822775840        1.0875548523654881        1.0726063665822068     
   3.7699999157339334      -0.33917620666848125        1.0864211337355565        1.0713409653347850     
   3.7799999155104160      -0.33754700250933273        1.0852486971489108        1.0700376020074662     
   3.7899999152868986      -0.33587133397903568        1.0840383234472488        1.0686970671832285     
   3.7999999150633812      -0.33415019431686471        1.0827907977531324        1.0673201554534919     
   3.8099999148398638      -0.33238458146988781        1.0815069092299816        1.0659076651759103     
   3.8199999146163464      -0.33057549779011558        1.0801874508418818        1.0644603982320926     
   3.8299999143928289      -0.32872394973164754        1.0788332191132832        1.0629791597853182     
   3.8399999141693115      -0.32683094754790443        1.0774450138886535        1.0614647580383234     
   3.8499999139457941      -0.32489750498903575        1.0760236380921571        1.0599180039912286     
   3.8599999137222767      -0.32292463899959112        1.0745698974874425        1.0583397111996729     
   3.8699999134987593      -0.32091336941654414        1.0730846004375865        1.0567306955332352     
   3.8799999132752419      -0.31886471866775673        1.0715685576652818        1.0550917749342055     
   3.8899999130517244      -0.31677971147097228        1.0700225820133227        1.0534237691767778     
   3.8999999128282070      -0.31465937453342474        1.0684474882054840        1.0517274996267398     
   3.9099999126046896      -0.31250473625215119        1.0668440926078342        1.0500037890017209     
   3.9199999123811722      -0.31031682641509462        1.0652132129905585        1.0482534611320757     
   3.9299999121576548      -0.30809667590308309        1.0635556682903751        1.0464773407224666     
   3.9399999119341373      -0.30584531639277190        1.0618722783736010        1.0446762531142175     
   3.9499999117106199      -0.30356378006063339        1.0601638637999318        1.0428510240485067     
   3.9599999114871025      -0.30125309928807986        1.0584312455870168        1.0410024794304640     
   3.9699999112635851      -0.29891430636780408        1.0566752449758843        1.0391314450942433     
   3.9799999110400677      -0.29654843321142088        1.0548966831972875        1.0372387465691368     
   3.9899999108165503      -0.29415651105849339        1.0530963812390453        1.0353252088467948     
   3.9999999105930328      -0.29173957018702673        1.0512751596144343        1.0333916561496215     
   4.0099999103695154      -0.28929863962551056        1.0494338381317048        1.0314389117004086     
   4.0199999101459980      -0.28683474686659249        1.0475732356647742        1.0294677974932740     
   4.0299999099224806      -0.28434891758246256        1.0456941699251900        1.0274791340659701     
   4.0399999096989632      -0.28184217534202893        1.0437974572353892        1.0254737402736234     
   4.0499999094754457      -0.27931554132996361        1.0418839123033481        1.0234524330639709     
   4.0599999092519283      -0.27677003406769712        1.0399543479986808        1.0214160272541577     
   4.0699999090284109      -0.27420666913643904        1.0380095751302278        1.0193653353091514     
   4.0799999088048935      -0.27162645890230142        1.0360504022252306        1.0173011671218413     
   4.0899999085813761      -0.26903041224360114        1.0340776353101246        1.0152243297948809     
   4.0999999083578587      -0.26641953428041587        1.0320920776930311        1.0131356274243328     
   4.1099999081343412      -0.26379482610646771        1.0300945297479935        1.0110358608851742     
   4.1199999079108238      -0.26115728452340786        1.0280857887010311        1.0089258276187263     
   4.1299999076873064      -0.25850790177757427        1.0260666484180621        1.0068063214220595     
   4.1399999074637890      -0.25584766529929348        1.0240378991947556        1.0046781322394349     
   4.1499999072402716      -0.25317755744479709        1.0220003275483682        1.0025420459558376     
   4.1599999070167542      -0.25049855524082154        1.0199547160116231        1.0003988441926575     
   4.1699999067932367      -0.24781163013195981        1.0179018429286923       0.99824930410556778     
   4.1799999065697193      -0.24511774773083170        1.0158424822533347       0.99609419818466538     
   4.1899999063462019      -0.24241786757113876        1.0137774033492333       0.99393429405691114     
   4.1999999061226845      -0.23971294286366882        1.0117073707926096       0.99177035429093507     
   4.2099999058991671      -0.23700392025531344        1.0096331441771398       0.98960313620425078     
   4.2199999056756496      -0.23429173959116142        1.0075554779212499       0.98743339167292921     
   4.2299999054521322      -0.23157733367972899        1.0054751210778201       0.98526186694378315     
   4.2399999052286148      -0.22886162806138755        1.0033928171463635       0.98308930244911008     
   4.2499999050050974      -0.22614554078004739        1.0013093038877254       0.98091643262403805     
   4.2599999047815800      -0.22342998215815560       0.99922531314133256       0.97874398572652455     
   4.2699999045580626      -0.22071585457506415       0.99714157064508346       0.97657268366005145     
   4.2799999043345451      -0.21800405224882385       0.99505879585787194       0.97440324179905913     
   4.2899999041110277      -0.21529546102145791       0.99297770178483047       0.97223636881716635     
   4.2999999038875103      -0.21259095814776774       0.99089899480531940       0.97007276651821428     
   4.3099999036639929      -0.20989141208772247       0.98882337450371338       0.96791312967017795     
   4.3199999034404755      -0.20719768230248228       0.98675153350301248       0.96575814584198594     
   4.3299999032169580      -0.20451061905410411       0.98468415730134240       0.96360849524328340     
   4.3399999029934406      -0.20183106320897720       0.98262192411136529       0.96146485056718189     
   4.3499999027699232      -0.19915984604503453       0.98056550470264825       0.95932787683602772     
   4.3599999025464058      -0.19649778906278473       0.97851556224702552       0.95719823125022785     
   4.3699999023228884      -0.19384570380020777       0.97647275216699370       0.95507656304016619     
   4.3799999020993710      -0.19120439165155642       0.97443772198717105       0.95296351332124518     
   4.3899999018758535      -0.18857464369010379       0.97241111118886725       0.95085971495208321     
   4.3999999016523361      -0.18595724049487616       0.97039355106777658       0.94876579239590098     
   4.4099999014288187      -0.18335295198140877       0.96838566459485254       0.94668236158512709     
   4.4199999012053013      -0.18076253723656086       0.96638806628037610       0.94461002978924880     
   4.4299999009817839      -0.17818674435742454       0.96440136204124960       0.94254939548593963     
   4.4399999007582664      -0.17562631029436143       0.96242614907156943       0.94050104823548919     
   4.4499999005347490      -0.17308196069819831       0.96046301571646009       0.93846556855855878     
   4.4599999003112316      -0.17055440977161290       0.95851254134924324       0.93644352781729046     
   4.4699999000877142      -0.16804436012473850       0.95657529625193982       0.93443548809979093     
   4.4799998998641968      -0.16555250263501517       0.95465184149913762       0.93244200210801209     
   4.4899998996406794      -0.16307951631131370       0.95274272884524858       0.93046361304905101     
   4.4999998994171619      -0.16062606816235692       0.95084850061517212       0.92850085452988551     
   4.5099998991936445      -0.15819281306946162       0.94896968959839734       0.92655425045556938     
   4.5199998989701271      -0.15578039366362295       0.94710681894655191       0.92462431493089847     
   4.5299998987466097      -0.15338944020696149       0.94526040207442219       0.92271155216556933     
   4.5399998985230923      -0.15102057047855180       0.94343094256445714       0.92081645638284160     
   4.5499998982995749      -0.14867438966465008       0.94161893407478470       0.91893951173172006     
   4.5599998980760574      -0.14635149025333638       0.93982486025073819       0.91708119220266904     
   4.5699998978525400      -0.14405245193358640       0.93804919463991965       0.91524196154686921     
   4.5799998976290226      -0.14177784149878536       0.93629240061080465       0.91342227319902836     
   4.5899998974055052      -0.13952821275469576       0.93455493127491085       0.91162257020375659     
   4.5999998971819878      -0.13730410643188892       0.93283722941252378       0.90984328514551116     
   4.6099998969584703      -0.13510605010264920       0.93113972740200690       0.90808484008211932     
   4.6199998967349529      -0.13293455810235771       0.92946284715269090       0.90634764648188626     
   4.6299998965114355      -0.13079013145536150       0.92780700004134986       0.90463210516428916     
   4.6399998962879181      -0.12867325780533240       0.92617258685228232       0.90293860624426603     
   4.6499998960644007      -0.12658441135011841       0.92455999772098740       0.90126752908009478     
   4.6599998958408833      -0.12452405278108901       0.92296961208143491       0.89961924222487122     
   4.6699998956173658      -0.12249262922697436       0.92140179861696025       0.89799410338157948     
   4.6799998953938484      -0.12049057420219712       0.91985691521474666       0.89639245936175771     
   4.6899998951703310      -0.11851830755969379       0.91833530892391613       0.89481464604775507     
   4.6999998949468136      -0.11657623544822160       0.91683731591723361       0.89326098835857737     
   4.7099998947232962      -0.11466475027414506       0.91536326145639746       0.89173180021931620     
   4.7199998944997787      -0.11278423066769534       0.91391345986093897       0.89022738453415640     
   4.7299998942762613      -0.11093504145369393       0.91248821448070228       0.88874803316295514     
   4.7399998940527439      -0.10911753362673085       0.91108781767191382       0.88729402690138481     
   4.7499998938292265      -0.10733204433078626       0.90971255077683388       0.88586563546462915     
   4.7599998936057091      -0.10557889684328288       0.90836268410696741       0.88446311747462636     
   4.7699998933821917      -0.10385840056355553       0.90703847692983819       0.88308672045084435     
   4.7799998931586742      -0.10217085100572239       0.90574017745931901       0.88173668080457801     
   4.7899998929351568      -0.10051652979594165       0.90446802284947958       0.88041322383675336     
   4.7999998927116394       -9.8895704674035620E-002  0.90322223919197731       0.87911656373922842     
   4.8099998924881220       -9.7308629499463117E-002  0.90200304151694088       0.87784690359957063     
   4.8199998922646046       -9.5755544261619863E-002  0.90081063379736093       0.87660443540929589     
   4.8299998920410872       -9.4236675094444985E-002  0.89964520895694566       0.87538934007555602     
   4.8399998918175697       -9.2752234295310779E-002  0.89850694888144722       0.87420178743624877     
   4.8499998915940523       -9.1302420348171404E-002  0.89739602443342115       0.87304193627853710     
   4.8599998913705349       -8.9887417950945098E-002  0.89631259547041009       0.87190993436075603     
   4.8699998911470175       -8.8507398047103142E-002  0.89525681086652975       0.87080591843768262     
   4.8799998909235001       -8.7162517861437583E-002  0.89422880853743547       0.86973001428914998     
   4.8899998906999826       -8.5852920939978677E-002  0.89322871546863780       0.86868233675198303     
   4.8999998904764652       -8.4578737194031653E-002  0.89225664774716718       0.86766298975522538     
   4.9099998902529478       -8.3340082948301183E-002  0.89131271059652750       0.86667206635864091     
   4.9199998900294304       -8.2137060993071040E-002  0.89039699841494824       0.86570964879445678     
   4.9299998898059130       -8.0969760640404953E-002  0.88950959481688585       0.86477580851232405     
   4.9399998895823956       -7.9838257784333705E-002  0.88865057267775205       0.86387060622746703     
   4.9499998893588781       -7.8742614964992436E-002  0.88781999418184998       0.86299409197199395     
   4.9599998891353607       -7.7682881436670778E-002  0.88701791087347548       0.86214630514933666     
   4.9699998889118433       -7.6659093239737686E-002  0.88624436371115711       0.86132727459179026     
   4.9799998886883259       -7.5671273276401399E-002  0.88549938312500975       0.86053701862112109     
   4.9899998884648085       -7.4719431390264227E-002  0.88478298907716857       0.85977554511221133     
   4.9999998882412910       -7.3803564449630529E-002  0.88409519112525115       0.85904285155970439     
   5.0099998880177736       -7.2923656434525377E-002  0.88343598848885119       0.85833892514762045     
   5.0199998877942562       -7.2079678527380425E-002  0.88280537011899063       0.85766374282190450     
   5.0299998875707388       -7.1271589207342306E-002  0.88220331477051939       0.85701727136587391     
   5.0399998873472214       -7.0499334348158096E-002  0.88162979107741879       0.85639946747852658     
   5.0499998871237040       -6.9762847319591273E-002  0.88108475763096139       0.85581027785567310     
   5.0599998869001865       -6.9062049092320818E-002  0.88056816306071517       0.85524963927385667     
   5.0699998866766691       -6.8396848346274949E-002  0.88007994611832141       0.85471747867701997     
   5.0799998864531517       -6.7767141582350227E-002  0.87962003576402914       0.85421371326588025     
   5.0899998862296343       -6.7172813237465864E-002  0.87918835125593831       0.85373825058997266     
   5.0999998860061169       -6.6613735802902127E-002  0.87878480224191591       0.85329098864232178     
   5.1099998857825994       -6.6089769945870833E-002  0.87840928885412228       0.85287181595669681     
   5.1199998855590820       -6.5600764634265243E-002  0.87806170180614229       0.85248061170741229     
   5.1299998853355646       -6.5146557264535707E-002  0.87774192249264316       0.85211724581162862     
   5.1399998851120472       -6.4726973792636561E-002  0.87744982309153130       0.85178157903410934     
   5.1499998848885298       -6.4341828867989240E-002  0.87718526666856933       0.85147346309439154     
   5.1599998846650124       -6.3990925970405427E-002  0.87694810728438799       0.85119274077632445     
   5.1699998844414949       -6.3674057549913662E-002  0.87673819010387011       0.85093924603993099     
   5.1799998842179775       -6.3391005169431885E-002  0.87655535150784591       0.85071280413554562     
   5.1899998839944601       -6.3141539650227826E-002  0.87639941920705788       0.85051323172018223     
   5.1999998837709427       -6.2925421220108219E-002  0.87627021235833735       0.85034033697608669     
   5.2099998835474253       -6.2742399664277512E-002  0.87616754168297828       0.85019391973142211     
   5.2199998833239079       -6.2592214478805808E-002  0.87609120958720232       0.85007377158304465     
   5.2299998831003904       -6.2474595026645152E-002  0.87604101028472392       0.84997967602131619     
   5.2399998828768730       -6.2389260696132924E-002  0.87601672992133628       0.84991140855690639     
   5.2499998826533556       -6.2335921061920187E-002  0.87601814670146316       0.84986873684953612     
   5.2599998824298382       -6.2314276048262486E-002  0.87604503101664943       0.84985142083860998     
   5.2699998822063208       -6.2324016094609976E-002  0.87609714557591389       0.84985921287568800     
   5.2799998819828033       -6.2364822323433239E-002  0.87617424553793588       0.84989185785874666     
   5.2899998817592859       -6.2436366710220632E-002  0.87627607864500401       0.84994909336817648     
   5.2999998815357685       -6.2538312255582540E-002  0.87640238535869130       0.85003064980446608     
   5.3099998813122511       -6.2670313159397500E-002  0.87655289899719335       0.85013625052751807     
   5.3199998810887337       -6.2832014996934596E-002  0.87672734587427981       0.85026561199754769     
   5.3299998808652163       -6.3023054896886213E-002  0.87692544543980766       0.85041844391750898     
   5.3399998806416988       -6.3243061721244886E-002  0.87714691042174564       0.85059444937699602     
   5.3499998804181814       -6.3491656246957434E-002  0.87739144696964511       0.85079332499756599     
   5.3599998801946640       -6.3768451349289379E-002  0.87765875479951716       0.85101476107943153     
   5.3699998799711466       -6.4073052186832305E-002  0.87794852734005058       0.85125844174946586     
   5.3799998797476292       -6.4405056388086371E-002  0.87826045188011903       0.85152404511046920     
   5.3899998795241117       -6.4764054239550187E-002  0.87859420971754065       0.85181124339164027     
   5.3999998793005943       -6.5149628875249624E-002  0.87894947630898967       0.85211970310019969     
   5.4099998790770769       -6.5561356467637277E-002  0.87932592142106203       0.85244908517411000     
   5.4199998788535595       -6.5998806419793832E-002  0.87972320928239911       0.85279904513583515     
   5.4299998786300421       -6.6461541558862497E-002  0.88014099873682494       0.85316923324709004     
   5.4399998784065247       -6.6949118330647484E-002  0.88057894339745557       0.85355929466451796     
   5.4499998781830072       -6.7461086995307382E-002  0.88103669180170274       0.85396886959624596     
   5.4599998779594898       -6.7996991824074121E-002  0.88151388756712634       0.85439759345925936     
   5.4699998777359724       -6.8556371296928195E-002  0.88201016954809142       0.85484509703754252     
   5.4799998775124550       -6.9138758301160647E-002  0.88252517199315217       0.85531100664092863     
   5.4899998772889376       -6.9743680330752400E-002  0.88305852470312340       0.85579494426460201     
   5.4999998770654202       -7.0370659686501288E-002  0.88360985318977359       0.85629652774920106     
   5.5099998768419027       -7.1019213676827425E-002  0.88417877883510232       0.85681537094146210     
   5.5199998766183853       -7.1688854819187284E-002  0.88476491905111276       0.85735108385534975     
   5.5299998763948679       -7.2379091042027111E-002  0.88536788744005979       0.85790327283362167     
   5.5399998761713505       -7.3089425887206266E-002  0.88598729395509646       0.85847154070976517     
   5.5499998759478331       -7.3819358712821220E-002  0.88662274506127237       0.85905548697025713     
   5.5599998757243156       -7.4568384896361001E-002  0.88727384389681652       0.85965470791708887     
   5.5699998755007982       -7.5335996038125075E-002  0.88794019043467398       0.86026879683050006     
   5.5799998752772808       -7.6121680164834837E-002  0.88862138164420912       0.86089734413186791     
   5.5899998750537634       -7.6924921933369958E-002  0.88931701165305355       0.86153993754669589     
   5.5999998748302460       -7.7745202834561114E-002  0.89002667190901474       0.86219616226764895     
   5.6099998746067286       -7.8582001396970927E-002  0.89074995134201174       0.86286560111757682     
   5.6199998743832111       -7.9434793390595088E-002  0.89148643652597837       0.86354783471247609     
   5.6299998741596937       -8.0303052030415878E-002  0.89223571184066652       0.86424244162433261     
   5.6399998739361763       -8.1186248179740808E-002  0.89299735963332305       0.86494899854379259     
   5.6499998737126589       -8.2083850553259202E-002  0.89377096038016146       0.86566708044260743     
   5.6599998734891415       -8.2995325919749993E-002  0.89455609284758142       0.86639626073580001     
   5.6699998732656240       -8.3920139304374350E-002  0.89535233425310468       0.86713611144349945     
   5.6799998730421066       -8.4857754190487203E-002  0.89615926042592886       0.86788620335238975     
   5.6899998728185892       -8.5807632720901944E-002  0.89697644596710824       0.86864610617672156     
   5.6999998725950718       -8.6769235898543379E-002  0.89780346440924963       0.86941538871883484     
   5.7099998723715544       -8.7742023786423984E-002  0.89863988837571795       0.87019361902913916     
   5.7199998721480370       -8.8725455706879494E-002  0.89948528973926634       0.87098036456550365     
   5.7299998719245195       -8.9718990439999827E-002  0.90033923978007335       0.87177519235199985     
   5.7399998717010021       -9.0722086421192435E-002  0.90120130934310083       0.87257766913695400     
   5.7499998714774847       -9.1734201937815146E-002  0.90207106899476242       0.87338736155025209     
   5.7599998712539673       -9.2754795324816550E-002  0.90294808917881264       0.87420383625985321     
   5.7699998710304499       -9.3783325159322292E-002  0.90383194037144265       0.87502666012745789     
   5.7799998708069324       -9.4819250454106385E-002  0.90472219323551462       0.87585540036328513     
   5.7899998705834150       -9.5862030849887148E-002  0.90561841877388816       0.87668962467990985     
   5.7999998703598976       -9.6911126806388179E-002  0.90652018848180427       0.87752890144511064     
   5.8099998701363802       -9.7965999792105199E-002  0.90742707449826643       0.87837279983368421     
   5.8199998699128628       -9.9026112472720432E-002  0.90833864975637790       0.87922088997817649     
   5.8299998696893454      -0.10009092889810689       0.90925448813258680       0.88007274311848560     
   5.8399998694658279      -0.10115991468786552       0.91017416459480405       0.88092793175029238     
   5.8499998692423105      -0.10223253721533897       0.91109725534934372       0.88178602977227127     
   5.8599998690187931      -0.10330826579004646       0.91202333798662261       0.88264661263203714     
   5.8699998687952757      -0.10438657183848504       0.91295199162561869       0.88350925747078812     
   5.8799998685717583      -0.10546692908324320       0.91388279705700459       0.88437354326659467     
   5.8899998683482409      -0.10654881372037361       0.91481533688493621       0.88523905097629896     
   5.8999998681247234      -0.10763170459497275       0.91574919566744828       0.88610536367597836     
   5.9099998679012060      -0.10871508337491562       0.91668396005542063       0.88697206669993245     
   5.9199998676776886      -0.10979843472269508       0.91761921893006948       0.88783874777815608     
   5.9299998674541712      -0.11088124646531568       0.91855456353892173       0.88870499717225260     
   5.9399998672306538      -0.11196300976219306       0.91948958763025612       0.88957040780975449     
   5.9499998670071363      -0.11304321927101092       0.92042388758592952       0.89043457541680882     
   5.9599998667836189      -0.11412137331148803       0.92135706255260807       0.89129709864919049     
   5.9699998665601015      -0.11519697402700911       0.92228871457130879       0.89215757922160732     
   5.9799998663365841      -0.11626952754407419       0.92321844870526359       0.89301562203525942     
   5.9899998661130667      -0.11733854412952172       0.92414587316603547       0.89387083530361733     
   5.9999998658895493      -0.11840353834548215       0.92507059943788184       0.89472283067638581     
   6.0099998656660318      -0.11946402920201914       0.92599224240030198       0.89557122336161532     
   6.0199998654425144      -0.12051954030741688       0.92691042044875926       0.89641563224593357     
   6.0299998652189970      -0.12156960001607275       0.92782475561354272       0.89725568001285838     
   6.0399998649954796      -0.12261374157395567       0.92873487367671526       0.89809099325916453     
   6.0499998647719622      -0.12365150326159148       0.92964040428715222       0.89892120260927322     
   6.0599998645484447      -0.12468242853453748       0.93054098107360650       0.89974594282763010     
   6.0699998643249273      -0.12570606616130969       0.93143624175580020       0.90056485292904775     
   6.0799998641014099      -0.12672197035872684       0.93232582825349219       0.90137757628698145     
   6.0899998638778925      -0.12772970092463681       0.93320938679350873       0.90218376073970941     
   6.0999998636543751      -0.12872882336799144       0.93408656801470313       0.90298305869439321     
   6.1099998634308577      -0.12971890903623762       0.93495702707081918       0.90377512722899012     
   6.1199998632073402      -0.13069953523999284       0.93582042373123997       0.90455962819199431     
   6.1299998629838228      -0.13167028537497466       0.93667642247959015       0.90533622829997984     
   6.1399998627603054      -0.13263074904115502       0.93752469261016358       0.90610459923292419     
   6.1499998625367880      -0.13358052215911059       0.93836490832217923       0.90686441772728854     
   6.1599998623132706      -0.13451920708354248       0.93919674881180215       0.90761536566683398     
   6.1699998620897532      -0.13544641271393829       0.94001989836195576       0.90835713017115072     
   6.1799998618662357      -0.13636175460235225       0.94083404642986024       0.90908940368188196     
   6.1899998616427183      -0.13726485505827879       0.94163888773231608       0.90981188404662316     
   6.1999998614192009      -0.13815534325059681       0.94243412232868384       0.91052427460047758     
   6.2099998611956835      -0.13903285530656284       0.94321945570156873       0.91122628424525021     
   6.2199998609721661      -0.13989703440783227       0.94399459883516779       0.91191762752626593     
   6.2299998607486486      -0.14074753088348885       0.94475926829128620       0.91259802470679119     
   6.2399998605251312      -0.14158400230006418       0.94551318628299630       0.91326720184005128     
   6.2499998603016138      -0.14240611354852936       0.94625608074592094       0.91392489083882344     
   6.2599998600780964      -0.14321353692824276       0.94698768540713807       0.91457082954259428     
   6.2699998598545790      -0.14400595222783844       0.94770773985169399       0.91520476178227084     
   6.2799998596310616      -0.14478304680304097       0.94841598958669793       0.91582643744243275     
   6.2899998594075441      -0.14554451565139404       0.94911218610300685       0.91643561252111538     
   6.2999998591840267      -0.14629006148389015       0.94979608693448292       0.91703204918711223     
   6.3099998589605093      -0.14701939479349133       0.95046745571480029       0.91761551583479306     
   6.3199998587369919      -0.14773223392053045       0.95112606223182716       0.91818578713642440     
   6.3299998585134745      -0.14842830511498495       0.95177168247953059       0.91874264409198791     
   6.3399998582899570      -0.14910734259561517       0.95240409870744025       0.91928587407649209     
   6.3499998580664396      -0.14976908860596080       0.95302309946763719       0.91981527088476867     
   6.3599998578429222      -0.15041329346719035       0.95362847965926989       0.92033063477375243     
   6.3699998576194048      -0.15103971562779894       0.95422004057060428       0.92083177250223924     
   6.3799998573958874      -0.15164812171015171       0.95479758991858044       0.92131849736812144     
   6.3899998571723700      -0.15223828655387034       0.95536094188590148       0.92179062924309629     
   6.3999998569488525      -0.15280999325606187       0.95590991715563434       0.92224799460484952     
   6.4099998567253351      -0.15336303320838987       0.95644434294332414       0.92269042656671196     
   6.4199998565018177      -0.15389720613098898       0.95696405302663190       0.92311776490479114     
   6.4299998562783003      -0.15441232010322520       0.95746888777247907       0.92352985608258020     
   6.4399998560547829      -0.15490819159130512       0.95795869416172130       0.92392655327304407     
   6.4499998558312654      -0.15538464547273836       0.95843332581133744       0.92430771637819076     
   6.4599998556077480      -0.15584151505765872       0.95889264299413834       0.92467321204612696     
   6.4699998553842306      -0.15627864210701037       0.95933651265601272       0.92502291368560829     
   6.4799998551607132      -0.15669587684760672       0.95976480843070511       0.92535670147808546     
   6.4899998549371958      -0.15709307798407038       0.96017741065211937       0.92567446238725637     
   6.4999998547136784      -0.15747011270766365       0.96057420636418733       0.92597609016613092     
   6.5099998544901609      -0.15782685670202046       0.96095508932827078       0.92626148536161645     
   6.5199998542666435      -0.15816319414579097       0.96131996002813602       0.92653055531663286     
   6.5299998540431261      -0.15847901771221176       0.96166872567248995       0.92678321416976939     
   6.5399998538196087      -0.15877422856561491       0.96200130019510044       0.92701938285249197     
   6.5499998535960913      -0.15904873635489086       0.96231760425249580       0.92723898908391278     
   6.5599998533725739      -0.15930245920392055       0.96261756521927810       0.92744196736313644     
   6.5699998531490564      -0.15953532369899318       0.96290111718103055       0.92762825895919454     
   6.5799998529255390      -0.15974726487322749       0.96316820092486588       0.92779781189858201     
   6.5899998527020216      -0.15993822618801490       0.96341876392759696       0.92795058095041194     
   6.5999998524785042      -0.16010815951150378       0.96365276034157010       0.92808652760920296     
   6.6099998522549868      -0.16025702509414563       0.96387015097815554       0.92820562007531648     
   6.6199998520314693      -0.16038479154132412       0.96407090328892808       0.92830783323305932     
   6.6299998518079519      -0.16049143578308941       0.96425499134453696       0.92839314862647149     
   6.6399998515844345      -0.16057694304102099       0.96442239581129430       0.92846155443281697     
   6.6499998513609171      -0.16064130679224284       0.96457310392549667       0.92851304543379420     
   6.6599998511373997      -0.16068452873061614       0.96470710946549687       0.92854762298449300     
   6.6699998509138823      -0.16070661872513523       0.96482441272154151       0.92856529498010820     
   6.6799998506903648      -0.16070759477555335       0.96492502046340234       0.92856607582044282     
   6.6899998504668474      -0.16068748296526617       0.96500894590581399       0.92854998637221309     
   6.6999998502433300      -0.16064631741148089       0.96507620867174948       0.92851705392918482     
   6.7099998500198126      -0.16058414021270084       0.96512683475353311       0.92846731217016076     
   6.7199998497962952      -0.16050100139355494       0.96516085647184457       0.92840080111484413     
   6.7299998495727777      -0.16039695884700333       0.96517831243260910       0.92831756707760271     
   6.7399998493492603      -0.16027207827395082       0.96517924748182327       0.92821766261916072     
   6.7499998491257429      -0.16012643312030025       0.96516371265830070       0.92810114649624031     
   6.7599998489022255      -0.15996010451147935       0.96513176514441845       0.92796808360918348     
   6.7699998486787081      -0.15977318118447492       0.96508346821484070       0.92781854494757998     
   6.7799998484551907      -0.15956575941740894       0.96501889118326578       0.92765260753392720     
   6.7899998482316732      -0.15933794295669215       0.96493810934723079       0.92747035436535374     
   6.7999998480081558      -0.15908984294179129       0.96484120393098283       0.92727187435343306     
   6.8099998477846384      -0.15882157782764678       0.96472826202646245       0.92705726226211738     
   6.8199998475611210      -0.15853327330477826       0.96459937653241257       0.92682661864382254     
   6.8299998473376036      -0.15822506221711657       0.96445464609164777       0.92658004977369335     
   6.8399998471140862      -0.15789708447760054       0.96429417502652870       0.92631766758208056     
   6.8499998468905687      -0.15754948698157839       0.96411807327263310       0.92603958958526267     
   6.8599998466670513      -0.15718242351805403       0.96392645631070317       0.92574593881444334     
   6.8699998464435339      -0.15679605467881846       0.96371944509685481       0.92543684374305490     
   6.8799998462200165      -0.15639054776550818       0.96349716599111546       0.92511243821240652     
   6.8899998459964991      -0.15596607669463217       0.96325975068429870       0.92477286135570580     
   6.8999998457729816      -0.15552282190061009       0.96300733612326428       0.92441825752048823     
   6.9099998455494642      -0.15506097023686460       0.96274006443457805       0.92404877618949177     
   6.9199998453259468      -0.15458071487501135       0.96245808284663126       0.92366457190000917     
   6.9299998451024294      -0.15408225520219090       0.96216154361023221       0.92326580416175286     
   6.9399998448789120      -0.15356579671658699       0.96185060391770549       0.92285263737326950     
   6.9499998446553946      -0.15303155092117604       0.96152542582054468       0.92242524073694099     
   6.9599998444318771      -0.15247973521575375       0.96118617614565005       0.92198378817260296     
   6.9699998442083597      -0.15191057278728451       0.96083302641017665       0.92152845822982765     
   6.9799998439848423      -0.15132429249861998       0.96046615273504377       0.92105943399889600     
   6.9899998437613249      -0.15072112877563376       0.96008573575713207       0.92057690302050710     
   6.9999998435378075      -0.15010132149281932       0.95969196054020278       0.92008105719425548     
   7.0099998433142900      -0.14946511585739861       0.95928501648458964       0.91957209268591888     
   7.0199998430907726      -0.14881276229198945       0.95886509723568625       0.91905020983359165     
   7.0299998428672552      -0.14814451631587983       0.95843240059127432       0.91851561305270391     
   7.0399998426437378      -0.14746063842495777       0.95798712840772271       0.91796851073996621     
   7.0499998424202204      -0.14676139397034560       0.95752948650510639       0.91740911517627655     
   7.0599998421967030      -0.14604705303578785       0.95705968457128365       0.91683764242863031     
   7.0699998419731855      -0.14531789031384212       0.95657793606494956       0.91625431225107379     
   7.0799998417496681      -0.14457418498092273       0.95608445811773157       0.91565934798473825     
   7.0899998415261507      -0.14381622057124691       0.95557947143535704       0.91505297645699768     
   7.0999998413026333      -0.14304428484973389       0.95506320019791591       0.91443542787978727     
   7.1099998410791159      -0.14225866968390696       0.95453587195928657       0.91380693574712568     
   7.1199998408555984      -0.14145967091484912       0.95399771754574403       0.91316773673187945     
   7.1299998406320810      -0.14064758822726303       0.95344897095378667       0.91251807058181056     
   7.1399998404085636      -0.13982272501868595       0.95288986924725527       0.91185818001494878     
   7.1499998401850462      -0.13898538826791054       0.95232065245373188       0.91118831061432859     
   7.1599998399615288      -0.13813588840266275       0.95174156346030681       0.91050871072213013     
   7.1699998397380114      -0.13727453916658763       0.95115284790872778       0.90981963133327026     
   7.1799998395144939      -0.13640165748559435       0.95055475408997714       0.90912132598847561     
   7.1899998392909765      -0.13551756333361159       0.94994753283832634       0.90841405066688941     
   7.1999998390674591      -0.13462257959780460       0.94933143742488713       0.90769806367824379     
   7.2099998388439417      -0.13371703194330503       0.94870672345073337       0.90697362555464400     
   7.2199998386204243      -0.13280124867750479       0.94807364873959765       0.90624099894200383     
   7.2299998383969069      -0.13187556061396521       0.94743247323021074       0.90550044849117217     
   7.2399998381733894      -0.13094030093599254       0.94678345886831139       0.90475224074879412     
   7.2499998379498720      -0.12999580505993083       0.94612686949837188       0.90399664404794466     
   7.2599998377263546      -0.12904241049822338       0.94546297075507690       0.90323392839857863     
   7.2699998375028372      -0.12808045672229326       0.94479202995460410       0.90246436537783470     
   7.2799998372793198      -0.12711028502529417       0.94411431598572870       0.90168822802023529     
   7.2899998370558023      -0.12613223838478166       0.94343009920082277       0.90090579070782528     
   7.2999998368322849      -0.12514666132535571       0.94273965130675741       0.90011732906028463     
   7.3099998366087675      -0.12415389978132457       0.94204324525576666       0.89932311982505964     
   7.3199998363852501      -0.12315430095944017       0.94134115513631778       0.89852344076755220     
   7.3299998361617327      -0.12214821320175483       0.94063365606400740       0.89771857056140392     
   7.3399998359382153      -0.12113598584864892       0.93992102407254641       0.89690878867891921     
   7.3499998357146978      -0.12011796910207902       0.93920353600485795       0.89609437528166325     
   7.3599998354911804      -0.11909451388909552       0.93848146940433674       0.89527561111127651     
   7.3699998352676630      -0.11806597172567859       0.93775510240629611       0.89445277738054296     
   7.3799998350441456      -0.11703269458094104       0.93702471362967044       0.89362615566475290     
   7.3899998348206282      -0.11599503474174634       0.93629058206897409       0.89279602779339717     
   7.3999998345971107      -0.11495334467778970       0.93555298698658551       0.89196267574223187     
   7.4099998343735933      -0.11390797690718968       0.93481220780538410       0.89112638152575174     
   7.4199998341500759      -0.11285928386263763       0.93406852400177742       0.89028742709011022     
   7.4299998339265585      -0.11180761775815168       0.93332221499915147       0.88944609420652143     
   7.4399998337030411      -0.11075333045648171       0.93257356006180336       0.88860266436518531     
   7.4499998334795237      -0.10969677333721133       0.93182283818936062       0.88775741866976920     
   7.4599998332560062      -0.10863829716560236       0.93107032801175937       0.88691063773248191     
   7.4699998330324888      -0.10757825196222706       0.93031630768479001       0.88606260156978167     
   7.4799998328089714      -0.10651698687343261       0.92956105478625994       0.88521358949874607     
   7.4899998325854540      -0.10545485004268217       0.92880484621281778       0.88436388003414579     
   7.4999998323619366      -0.10439218848281616       0.92804795807744533       0.88351375078625294     
   7.5099998321384192      -0.10332934794927705       0.92729066560769247       0.88266347835942160     
   7.5199998319149017      -0.10226667281434013       0.92653324304465823       0.88181333825147223     
   7.5299998316913843      -0.10120450594239271       0.92577596354276437       0.88096360475391422     
   7.5399998314678669      -0.10014318856630317       0.92501909907036128       0.88011455085304258     
   7.5499998312443495       -9.9083060164920980E-002  0.92426292031118984       0.87926644813193688     
   7.5599998310208321       -9.8024458341748180E-002  0.92350769656673248       0.87841956667339860     
   7.5699998307973146       -9.6967718704822209E-002  0.92275369565950094       0.87757417496385770     
   7.5799998305737972       -9.5913174747849467E-002  0.92200118383727836       0.87673053979827964     
   7.5899998303502798       -9.4861157732628223E-002  0.92125042567834126       0.87588892618610259     
   7.5999998301267624       -9.3811996572799025E-002  0.92050168399772758       0.87504959725823928     
   7.6099998299032450       -9.2766017718960064E-002  0.91975521975453023       0.87421281417516805     
   7.6199998296797276       -9.1723545045184290E-002  0.91901129196029419       0.87337883603614752     
   7.6299998294562101       -9.0684899736974509E-002  0.91827015758852293       0.87254791978957957     
   7.6399998292326927       -8.9650400180691855E-002  0.91753207148531490       0.87172032014455358     
   7.6499998290091753       -8.8620361854492624E-002  0.91679728628119461       0.87089628948359421     
   7.6599998287856579       -8.7595097220807480E-002  0.91606605230412208       0.87007607777664608     
   7.6699998285621405       -8.6574915620396584E-002  0.91533861749374223       0.86925993249631728     
   7.6799998283386230       -8.5560123168013327E-002  0.91461522731688460       0.86844809853441074     
   7.6899998281151056       -8.4551022649708846E-002  0.91389612468435355       0.86764081811976712     
   7.6999998278915882       -8.3547913421808423E-002  0.91318154986900757       0.86683833073744676     
   7.7099998276680708       -8.2551091311590621E-002  0.91247174042519430       0.86604087304927246     
   7.7199998274445534       -8.1560848519698845E-002  0.91176693110952878       0.86524867881575906     
   7.7299998272210360       -8.0577473524314422E-002  0.91106735380305748       0.86446197881945153     
   7.7399998269975185       -7.9601250987119759E-002  0.91037323743483289       0.86368100078969590     
   7.7499998267740011       -7.8632461661078942E-002  0.90968480790691020       0.86290596932886321     
   7.7599998265504837       -7.7671382300062722E-002  0.90900228802080485       0.86213710584005021     
   7.7699998263269663       -7.6718285570343991E-002  0.90832589740541714       0.86137462845627510     
   7.7799998261034489       -7.5773439963988970E-002  0.90765585244644542       0.86061875197119120     
   7.7899998258799314       -7.4837109714168543E-002  0.90699236621733370       0.85986968777133477     
   7.7999998256564140       -7.3909554712413589E-002  0.90633564841173975       0.85912764376993089     
   7.8099998254328966       -7.2991030427837056E-002  0.90568590527755488       0.85839282434226982     
   7.8199998252093792       -7.2081787828344998E-002  0.90504333955251126       0.85766543026267605     
   7.8299998249858618       -7.1182073303857826E-002  0.90440815040136668       0.85694565864308625     
   7.8399998247623444       -7.0292128591562211E-002  0.90378053335470532       0.85623370287324985     
   7.8499998245388269       -6.9412190703213361E-002  0.90316068024936058       0.85552975256257080     
   7.8599998243153095       -6.8542491854506504E-002  0.90254877917048104       0.85483399348360534     
   7.8699998240917921       -6.7683259396535564E-002  0.90194501439524710       0.85414660751722848     
   7.8799998238682747       -6.6834715749356274E-002  0.90134956633826779       0.85346777259948503     
   7.8899998236447573       -6.5997078337670059E-002  0.90076261149865067       0.85279766267013601     
   7.8999998234212399       -6.5170559528644159E-002  0.90018432240878132       0.85213644762291541     
   7.9099998231977224       -6.4355366571882844E-002  0.89961486758480447       0.85148429325750630     
   7.9199998229742050       -6.3551701541563380E-002  0.89905441147882870       0.85084136123325083     
   7.9299998227506876       -6.2759761280749948E-002  0.89850311443287323       0.85020780902460003     
   7.9399998225271702       -6.1979737347897496E-002  0.89796113263454169       0.84958378987831795     
   7.9499998223036528       -6.1211815965557061E-002  0.89742861807446728       0.84896945277244562     
   7.9599998220801353       -6.0456177971292886E-002  0.89690571850551082       0.84836494237703430     
   7.9699998218566179       -5.9712998770821077E-002  0.89639257740373190       0.84777039901665696     
   7.9799998216331005       -5.8982448293378530E-002  0.89588933393113501       0.84718595863470281     
   7.9899998214095831       -5.8264690949330136E-002  0.89539612290020854       0.84661175275946410     
   7.9999998211860657       -5.7559885590021370E-002  0.89491307474025650       0.84604790847201716     
