   5.9899998661130667      -0.15226569019664132       -4.7596157347632125E-002   2.0298934298232107     
   5.9799998663365841      -0.15286070161633222       -4.6234865388610727E-002   2.0298934298232107     
   5.9699998665601015      -0.15343881570093368       -4.4854768909119297E-002   2.0298934298232107     
   5.9599998667836189      -0.15399979505604447       -4.3456314265381754E-002   2.0298934298232107     
   5.9499998670071363      -0.15454340801540997       -4.2039956888532071E-002   2.0298934298232107     
   5.9399998672306538      -0.15506942847547966       -4.0606161156746409E-002   2.0298934298232107     
   5.9299998674541712      -0.15557763600896468       -3.9155400263550862E-002   2.0298934298232107     
   5.9199998676776886      -0.15606781597682207       -3.7688156082342023E-002   2.0298934298232107     
   5.9099998679012060      -0.15653975963862327       -3.6204919027149084E-002   2.0298934298232107     
   5.8999998681247234      -0.15699326426125287       -3.4706187909678131E-002   2.0298934298232107     
   5.8899998683482409      -0.15742813322589053       -3.3192469792666435E-002   2.0298934298232107     
   5.8799998685717583      -0.15784417613322968       -3.1664279839593974E-002   2.0298934298232107     
   5.8699998687952757      -0.15824120890688412       -3.0122141160785272E-002   2.0298934298232107     
   5.8599998690187931      -0.15861905389493292       -2.8566584655946265E-002   2.0298934298232107     
   5.8499998692423105      -0.15897753996956410       -2.6998148853174316E-002   2.0298934298232107     
   5.8399998694658279      -0.15931650262476235       -2.5417379744492565E-002   2.0298934298232107     
   5.8299998696893454      -0.15963578407200163       -2.3824830617946234E-002   2.0298934298232107     
   5.8199998699128628      -0.15993523333389389       -2.2221061886313162E-002   2.0298934298232107     
   5.8099998701363802      -0.16021470633575180       -2.0606640912475820E-002   2.0298934298232107     
   5.7999998703598976      -0.16047406599501990       -1.8982141831502531E-002   2.0298934298232107     
   5.7899998705834150      -0.16071318230853249       -1.7348145369494361E-002   2.0298934298232107     
   5.7799998708069324      -0.16093193243755338       -1.5705238659243913E-002   2.0298934298232107     
   5.7699998710304499      -0.16113020079055837       -1.4054015052767132E-002   2.0298934298232107     
   5.7599998712539673      -0.16130787910371641       -1.2395073930756723E-002   2.0298934298232107     
   5.7499998714774847      -0.16146486651903050       -1.0729020509021654E-002   2.0298934298232107     
   5.7399998717010021      -0.16160106966010049       -9.0564656419657615E-003   2.0298934298232107     
   5.7299998719245195      -0.16171640270546103       -7.3780256231650515E-003   2.0298934298232107     
   5.7199998721480370      -0.16181078745946709       -5.6943219831098084E-003   2.0298934298232107     
   5.7099998723715544      -0.16188415342068110       -4.0059812841686691E-003   2.0298934298232107     
   5.6999998725950718      -0.16193643784772802       -2.3136349128413847E-003   2.0298934298232107     
   5.6899998728185892      -0.16196758582258275       -6.1791886936250285E-004   2.0298934298232107     
   5.6799998730421066      -0.16197755031125458        1.0805264452737932E-003   2.0298934298232107     
   5.6699998732656240      -0.16196629222183309        2.7810564448051923E-003   2.0298934298232107     
   5.6599998734891415      -0.16193378045986473        4.4830225756366414E-003   2.0298934298232107     
   5.6499998737126589      -0.16187999198102318        6.1857725371516270E-003   2.0298934298232107     
   5.6399998739361763      -0.16180491184104909        7.8886505043292438E-003   2.0298934298232107     
   5.6299998741596937      -0.16170853324292075        9.5909973525926204E-003   2.0298934298232107     
   5.6199998743832111      -0.16159085758123071        1.1292150884819118E-002   2.0298934298232107     
   5.6099998746067286      -0.16145189448373989        1.2991446060433355E-002   2.0298934298232107     
   5.5999998748302460      -0.16129166185007723        1.4688215226514780E-002   2.0298934298232107     
   5.5899998750537634      -0.16111018588756409        1.6381788350836944E-002   2.0298934298232107     
   5.5799998752772808      -0.16090750114413258        1.8071493256764874E-002   2.0298934298232107     
   5.5699998755007982      -0.16068365053831601        1.9756655859933601E-002   2.0298934298232107     
   5.5599998757243156      -0.16043868538628586        2.1436600406624661E-002   2.0298934298232107     
   5.5499998759478331      -0.16017266542591496        2.3110649713766182E-002   2.0298934298232107     
   5.5399998761713505      -0.15988565883784356        2.4778125410472165E-002   2.0298934298232107     
   5.5299998763948679      -0.15957774226352683        2.6438348181040367E-002   2.0298934298232107     
   5.5199998766183853      -0.15924900082024879        2.8090638009327998E-002   2.0298934298232107     
   5.5099998768419027      -0.15889952811307681        2.9734314424420719E-002   2.0298934298232107     
   5.4999998770654202      -0.15852942624374780        3.1368696747512512E-002   2.0298934298232107     
   5.4899998772889376      -0.15813880581646450        3.2993104339911629E-002   2.0298934298232107     
   5.4799998775124550      -0.15772778594058759        3.4606856852087226E-002   2.0298934298232107     
   5.4699998777359724      -0.15729649423021083        3.6209274473671248E-002   2.0298934298232107     
   5.4599998779594898      -0.15684506680060745        3.7799678184334010E-002   2.0298934298232107     
   5.4499998781830072      -0.15637364826153086        3.9377390005436240E-002   2.0298934298232107     
   5.4399998784065247      -0.15588239170736876        4.0941733252382699E-002   2.0298934298232107     
   5.4299998786300421      -0.15537145870412974        4.2492032787582783E-002   2.0298934298232107     
   5.4199998788535595      -0.15484101927326249        4.4027615273929899E-002   2.0298934298232107     
   5.4099998790770769      -0.15429125187229975        4.5547809428716293E-002   2.0298934298232107     
   5.3999998793005943      -0.15372234337231400        4.7051946277887322E-002   2.0298934298232107     
   5.3899998795241117      -0.15313448903219173        4.8539359410555143E-002   2.0298934298232107     
   5.3799998797476292      -0.15252789246971143        5.0009385233671953E-002   2.0298934298232107     
   5.3699998799711466      -0.15190276562942975        5.1461363226785350E-002   2.0298934298232107     
   5.3599998801946640      -0.15125932874737241        5.2894636196772447E-002   2.0298934298232107     
   5.3499998804181814      -0.15059781031252992        5.4308550532476289E-002   2.0298934298232107     
   5.3399998806416988      -0.14991844702515811        5.5702456459143214E-002   2.0298934298232107     
   5.3299998808652163      -0.14922148375188857        5.7075708292579623E-002   2.0298934298232107     
   5.3199998810887337      -0.14850717347764789        5.8427664692930516E-002   2.0298934298232107     
   5.3099998813122511      -0.14777577725439534        5.9757688917996654E-002   2.0298934298232107     
   5.2999998815357685      -0.14702756414668072        6.1065149075992926E-002   2.0298934298232107     
   5.2899998817592859      -0.14626281117402959        6.2349418377665028E-002   2.0298934298232107     
   5.2799998819828033      -0.14548180325016777        6.3609875387663967E-002   2.0298934298232107     
   5.2699998822063208      -0.14468483311908786        6.4845904275103089E-002   2.0298934298232107     
   5.2599998824298382      -0.14387220128797462        6.6056895063191401E-002   2.0298934298232107     
   5.2499998826533556      -0.14304421595699468        6.7242243877865815E-002   2.0298934298232107     
   5.2399998828768730      -0.14220119294596859        6.8401353195325254E-002   2.0298934298232107     
   5.2299998831003904      -0.14134345561793379        6.9533632088379538E-002   2.0298934298232107     
   5.2199998833239079      -0.14047133479961688        7.0638496471527201E-002   2.0298934298232107     
   5.2099998835474253      -0.13958516869883025        7.1715369344665478E-002   2.0298934298232107     
   5.1999998837709427      -0.13868530281880906        7.2763681035352634E-002   2.0298934298232107     
   5.1899998839944601      -0.13777208986950698        7.3782869439526277E-002   2.0298934298232107     
   5.1799998842179775      -0.13684588967587041        7.4772380260598806E-002   2.0298934298232107     
   5.1699998844414949      -0.13590706908311276        7.5731667246831252E-002   2.0298934298232107     
   5.1599998846650124      -0.13495600185900586        7.6660192426908552E-002   2.0298934298232107     
   5.1499998848885298      -0.13399306859321683        7.7557426343625210E-002   2.0298934298232107     
   5.1399998851120472      -0.13301865659370626        7.8422848285595842E-002   2.0298934298232107     
   5.1299998853355646      -0.13203315978022362        7.9255946516900697E-002   2.0298934298232107     
   5.1199998855590820      -0.13103697857491009        8.0056218504593213E-002   2.0298934298232107     
   5.1099998857825994      -0.13003051979005223        8.0823171143967268E-002   2.0298934298232107     
   5.0999998860061169      -0.12901419651299872        8.1556320981521602E-002   2.0298934298232107     
   5.0899998862296343      -0.12798842798828139        8.2255194435512588E-002   2.0298934298232107     
   5.0799998864531517      -0.12695363949696081        8.2919328014039090E-002   2.0298934298232107     
   5.0699998866766691      -0.12591026223323237        8.3548268530559758E-002   2.0298934298232107     
   5.0599998869001865      -0.12485873317832495        8.4141573316763973E-002   2.0298934298232107     
   5.0499998871237040      -0.12379949497171813        8.4698810432724911E-002   2.0298934298232107     
   5.0399998873472214      -0.12273299577972120        8.5219558874242138E-002   2.0298934298232107     
   5.0299998875707388      -0.12165968916144000        8.5703408777306256E-002   2.0298934298232107     
   5.0199998877942562      -0.12058003393217297        8.6149961619598328E-002   2.0298934298232107     
   5.0099998880177736      -0.11949449402426836        8.6558830418952654E-002   2.0298934298232107     
   4.9999998882412910      -0.11840353834548215        8.6929639928702923E-002   2.0298934298232107     
   4.9899998884648085      -0.11730764063487685        8.7262026829837608E-002   2.0298934298232107     
   4.9799998886883259      -0.11620727931629465        8.7555639919887240E-002   2.0298934298232107     
   4.9699998889118433      -0.11510293734944906        8.7810140298475226E-002   2.0298934298232107     
   4.9599998891353607      -0.11399510207867876        8.8025201549449331E-002   2.0298934298232107     
   4.9499998893588781      -0.11288426507939585        8.8200509919532849E-002   2.0298934298232107     
   4.9399998895823956      -0.11177092200227882        8.8335764493416666E-002   2.0298934298232107     
   4.9299998898059130      -0.11065557241525691        8.8430677365221866E-002   2.0298934298232107     
   4.9199998900294304      -0.10953871964331610        8.8484973806268949E-002   2.0298934298232107     
   4.9099998902529478      -0.10842087060618484        8.8498392429081862E-002   2.0298934298232107     
   4.8999998904764652      -0.10730253565394479        8.8470685347556768E-002   2.0298934298232107     
   4.8899998906999826      -0.10618422840060006        8.8401618333236537E-002   2.0298934298232107     
   4.8799998909235001      -0.10506646555567258        8.8290970967618412E-002   2.0298934298232107     
   4.8699998911470175      -0.10394976675384966        8.8138536790435915E-002   2.0298934298232107     
   4.8599998913705349      -0.10283465438275471        8.7944123443850455E-002   2.0298934298232107     
   4.8499998915940523      -0.10172165340887107        8.7707552812487585E-002   2.0298934298232107     
   4.8399998918175697      -0.10061129120168402        8.7428661159263468E-002   2.0298934298232107     
   4.8299998920410872       -9.9504097356081789E-002   8.7107299256937692E-002   2.0298934298232107     
   4.8199998922646046       -9.8400603513077070E-002   8.6743332515333518E-002   2.0298934298232107     
   4.8099998924881220       -9.7301343178891053E-002   8.6336641104170816E-002   2.0298934298232107     
   4.7999998927116394       -9.6206851542461835E-002   8.5887120071453840E-002   2.0298934298232107     
   4.7899998929351568       -9.5117665291424972E-002   8.5394679457361483E-002   2.0298934298232107     
   4.7799998931586742       -9.4034322426627279E-002   8.4859244403582723E-002   2.0298934298232107     
   4.7699998933821917       -9.2957362075220221E-002   8.4280755258047860E-002   2.0298934298232107     
   4.7599998936057091       -9.1887324302398321E-002   8.3659167675003435E-002   2.0298934298232107     
   4.7499998938292265       -9.0824749921830372E-002   8.2994452710380612E-002   2.0298934298232107     
   4.7399998940527439       -8.9770180304845584E-002   8.2286596912410429E-002   2.0298934298232107     
   4.7299998942762613       -8.8724157188433087E-002   8.1535602407435445E-002   2.0298934298232107     
   4.7199998944997787       -8.7687222482108210E-002   8.0741486980877714E-002   2.0298934298232107     
   4.7099998947232962       -8.6659918073707307E-002   7.9904284153307970E-002   2.0298934298232107     
   4.6999998949468136       -8.5642785634171589E-002   7.9024043251588835E-002   2.0298934298232107     
   4.6899998951703310       -8.4636366421376341E-002   7.8100829475032843E-002   2.0298934298232107     
   4.6799998953938484       -8.3641201083070021E-002   7.7134723956548162E-002   2.0298934298232107     
   4.6699998956173658       -8.2657829458980064E-002   7.6125823818729690E-002   2.0298934298232107     
   4.6599998958408833       -8.1686790382149030E-002   7.5074242224848653E-002   2.0298934298232107     
   4.6499998960644007       -8.0728621479563820E-002   7.3980108424723495E-002   2.0298934298232107     
   4.6399998962879181       -7.9783858972137384E-002   7.2843567795417383E-002   2.0298934298232107     
   4.6299998965114355       -7.8853037474107435E-002   7.1664781876745340E-002   2.0298934298232107     
   4.6199998967349529       -7.7936689791918298E-002   7.0443928401545966E-002   2.0298934298232107     
   4.6099998969584703       -7.7035346722640258E-002   6.9181201320700145E-002   2.0298934298232107     
   4.5999998971819878       -7.6149536852003374E-002   6.7876810822858874E-002   2.0298934298232107     
   4.5899998974055052       -7.5279786352101752E-002   6.6530983348855405E-002   2.0298934298232107     
   4.5799998976290226       -7.4426618778828932E-002   6.5143961600780551E-002   2.0298934298232107     
   4.5699998978525400       -7.3590554869127078E-002   6.3716004545690805E-002   2.0298934298232107     
   4.5599998980760574       -7.2772112338092207E-002   6.2247387413932445E-002   2.0298934298232107     
   4.5499998982995749       -7.1971805676021933E-002   6.0738401692055653E-002   2.0298934298232107     
   4.5399998985230923       -7.1190145945456779E-002   5.9189355110304570E-002   2.0298934298232107     
   4.5299998987466097       -7.0427640578293108E-002   5.7600571624661000E-002   2.0298934298232107     
   4.5199998989701271       -6.9684793173024090E-002   5.5972391393431506E-002   2.0298934298232107     
   4.5099998991936445       -6.8962103292185856E-002   5.4305170748358542E-002   2.0298934298232107     
   4.4999998994171619       -6.8260066260068142E-002   5.2599282160242844E-002   2.0298934298232107     
   4.4899998996406794       -6.7579172960757841E-002   5.0855114199073272E-002   2.0298934298232107     
   4.4799998998641968       -6.6919909636589739E-002   4.9073071488646418E-002   2.0298934298232107     
   4.4699999000877142       -6.6282757687064334E-002   4.7253574655672155E-002   2.0298934298232107     
   4.4599999003112316       -6.5668193468306407E-002   4.5397060273361788E-002   2.0298934298232107     
   4.4499999005347490       -6.5076688093128582E-002   4.3503980799489812E-002   2.0298934298232107     
   4.4399999007582664       -6.4508707231767909E-002   4.1574804508931244E-002   2.0298934298232107     
   4.4299999009817839       -6.3964710913373093E-002   3.9610015420671239E-002   2.0298934298232107     
   4.4199999012053013       -6.3445153328293896E-002   3.7610113219290794E-002   2.0298934298232107     
   4.4099999014288187       -6.2950482631259352E-002   3.5575613170929193E-002   2.0298934298232107     
   4.3999999016523361       -6.2481140745500388E-002   3.3507046033729754E-002   2.0298934298232107     
   4.3899999018758535       -6.2037563167892093E-002   3.1404957962773108E-002   2.0298934298232107     
   4.3799999020993710       -6.1620178775183186E-002   2.9269910409514453E-002   2.0298934298232107     
   4.3699999023228884       -6.1229409631376838E-002   2.7102480015717686E-002   2.0298934298232107     
   4.3599999025464058       -6.0865670796340851E-002   2.4903258501922924E-002   2.0298934298232107     
   4.3499999027699232       -6.0529370135704259E-002   2.2672852550439784E-002   2.0298934298232107     
   4.3399999029934406       -6.0220908132121241E-002   2.0411883682892127E-002   2.0298934298232107     
   4.3299999032169580       -5.9940677697955344E-002   1.8120988132334682E-002   2.0298934298232107     
   4.3199999034404755       -5.9689063989472393E-002   1.5800816709951527E-002   2.0298934298232107     
   4.3099999036639929       -5.9466444222585957E-002   1.3452034666369947E-002   2.0298934298232107     
   4.2999999038875103       -5.9273187490247708E-002   1.1075321547598750E-002   2.0298934298232107     
   4.2899999041110277       -5.9109654581528767E-002   8.6713710456323752E-003   2.0298934298232107     
   4.2799999043345451       -5.8976197802476690E-002   6.2408908437328898E-003   2.0298934298232107     
   4.2699999045580626       -5.8873160798805516E-002   3.7846024564306734E-003   2.0298934298232107     
   4.2599999047815800       -5.8800878380484436E-002   1.3032410642655153E-003   2.0298934298232107     
   4.2499999050050974       -5.8759676348302911E-002  -1.2024446566946808E-003   2.0298934298232107     
   4.2399999052286148       -5.8749871322463294E-002  -3.7316927105168480E-003   2.0298934298232107     
   4.2299999054521322       -5.8771770573279772E-002  -6.2837279622300086E-003   2.0298934298232107     
   4.2199999056756496       -5.8825671854041382E-002  -8.8577623237521240E-003   2.0298934298232107     
   4.2099999058991671       -5.8911863236108128E-002  -1.1452994944899124E-002   2.0298934298232107     
   4.1999999061226845       -5.9030622946303020E-002  -1.4068612409420049E-002   2.0298934298232107     
   4.1899999063462019       -5.9182219206663278E-002  -1.6703788936021226E-002   2.0298934298232107     
   4.1799999065697193       -5.9366910076618748E-002  -1.9357686584328324E-002   2.0298934298232107     
   4.1699999067932367       -5.9584943297657039E-002  -2.2029455465743763E-002   2.0298934298232107     
   4.1599999070167542       -5.9836556140535811E-002  -2.4718233959146595E-002   2.0298934298232107     
   4.1499999072402716       -6.0121975255112522E-002  -2.7423148931381036E-002   2.0298934298232107     
   4.1399999074637890       -6.0441416522843600E-002  -3.0143315962487482E-002   2.0298934298232107     
   4.1299999076873064       -6.0795084912023657E-002  -3.2877839575614361E-002   2.0298934298232107     
   4.1199999079108238       -6.1183174335812635E-002  -3.5625813471552872E-002   2.0298934298232107     
   4.1099999081343412       -6.1605867513124253E-002  -3.8386320767844324E-002   2.0298934298232107     
   4.0999999083578587       -6.2063335832425889E-002  -4.1158434242385897E-002   2.0298934298232107     
   4.0899999085813761       -6.2555739218508571E-002  -4.3941216581490986E-002   2.0298934298232107     
   4.0799999088048935       -6.3083226002289008E-002  -4.6733720632315678E-002   2.0298934298232107     
   4.0699999090284109       -6.3645932793695487E-002  -4.9534989659608862E-002   2.0298934298232107     
   4.0599999092519283       -6.4243984357697764E-002  -5.2344057606701369E-002   2.0298934298232107     
   4.0499999094754457       -6.4877493493531085E-002  -5.5159949360677391E-002   2.0298934298232107     
   4.0399999096989632       -6.5546560917173868E-002  -5.7981681021643118E-002   2.0298934298232107     
   4.0299999099224806       -6.6251275147128100E-002  -6.0808260176032573E-002   2.0298934298232107     
   4.0199999101459980       -6.6991712393559721E-002  -6.3638686173869044E-002   2.0298934298232107     
   4.0099999103695154       -6.7767936450842239E-002  -6.6471950409907610E-002   2.0298934298232107     
   3.9999999105930328       -6.8579998593564881E-002  -6.9307036608578898E-002   2.0298934298232107     
   3.9899999108165503       -6.9427937476044588E-002  -7.2142921112661115E-002   2.0298934298232107     
   3.9799999110400677       -7.0311779035401228E-002  -7.4978573175590910E-002   2.0298934298232107     
   3.9699999112635851       -7.1231536398229933E-002  -7.7812955257332270E-002   2.0298934298232107     
   3.9599999114871025       -7.2187209790933266E-002  -8.0645023323728623E-002   2.0298934298232107     
   3.9499999117106199       -7.3178786453743844E-002  -8.3473727149237315E-002   2.0298934298232107     
   3.9399999119341373       -7.4206240558491954E-002  -8.6298010622974458E-002   2.0298934298232107     
   3.9299999121576548       -7.5269533130157551E-002  -8.9116812057967246E-002   2.0298934298232107     
   3.9199999123811722       -7.6368611972247813E-002  -9.1929064503536995E-002   2.0298934298232107     
   3.9099999126046896       -7.7503411596045929E-002  -9.4733696060712608E-002   2.0298934298232107     
   3.8999999128282070       -7.8673853153763906E-002  -9.7529630200587525E-002   2.0298934298232107     
   3.8899999130517244       -7.9879844375647699E-002 -0.10031578608551671        2.0298934298232107     
   3.8799999132752419       -8.1121279511059172E-002 -0.10309107889307603        2.0298934298232107     
   3.8699999134987593       -8.2398039273588616E-002 -0.10585442014266683        2.0298934298232107     
   3.8599999137222767       -8.3709990790213074E-002 -0.10860471802468355        2.0298934298232107     
   3.8499999139457941       -8.5056987554553376E-002 -0.11134087773213726        2.0298934298232107     
   3.8399999141693115       -8.6438869384246941E-002 -0.11406180179463850        2.0298934298232107     
   3.8299999143928289       -8.7855462382479904E-002 -0.11676639041463874        2.0298934298232107     
   3.8199999146163464       -8.9306578903696240E-002 -0.11945354180582211        2.0298934298232107     
   3.8099999148398638       -9.0792017523529028E-002 -0.12212215253355627        2.0298934298232107     
   3.7999999150633812       -9.2311563012959869E-002 -0.12477111785728373        2.0298934298232107     
   3.7899999152868986       -9.3864986316754523E-002 -0.12739933207476201        2.0298934298232107     
   3.7799999155104160       -9.5452044536186165E-002 -0.13000568886802999        2.0298934298232107     
   3.7699999157339334       -9.7072480916069848E-002 -0.13258908165101907        2.0298934298232107     
   3.7599999159574509       -9.8726024836133588E-002 -0.13514840391866981        2.0298934298232107     
   3.7499999161809683      -0.10041239180675365      -0.13768254959747295        2.0298934298232107     
   3.7399999164044857      -0.10213128346905523      -0.14019041339730678        2.0298934298232107     
   3.7299999166280031      -0.10388238759941260      -0.14267089116447218        2.0298934298232107     
   3.7199999168515205      -0.10566537811836127      -0.14512288023580452        2.0298934298232107     
   3.7099999170750380      -0.10747991510392939      -0.14754527979377030        2.0298934298232107     
   3.6999999172985554      -0.10932564480941427      -0.14993699122240225        2.0298934298232107     
   3.6899999175220728      -0.11120219968560580      -0.15229691846400029        2.0298934298232107     
   3.6799999177455902      -0.11310919840747301      -0.15462396837645603        2.0298934298232107     
   3.6699999179691076      -0.11504624590532277      -0.15691705109110041        2.0298934298232107     
   3.6599999181926250      -0.11701293340043410      -0.15917508037095413        2.0298934298232107     
   3.6499999184161425      -0.11900883844518235      -0.16139697396927835        2.0298934298232107     
   3.6399999186396599      -0.12103352496764751      -0.16358165398829363        2.0298934298232107     
   3.6299999188631773      -0.12308654332072470      -0.16572804723796866        2.0298934298232107     
   3.6199999190866947      -0.12516743033572070      -0.16783508559474539        2.0298934298232107     
   3.6099999193102121      -0.12727570938045377      -0.16990170636011365        2.0298934298232107     
   3.5999999195337296      -0.12941089042184636      -0.17192685261888555        2.0298934298232107     
   3.5899999197572470      -0.13157247009301185      -0.17390947359707706        2.0298934298232107     
   3.5799999199807644      -0.13375993176482809      -0.17584852501927811        2.0298934298232107     
   3.5699999202042818      -0.13597274562199804      -0.17774296946538259        2.0298934298232107     
   3.5599999204277992      -0.13821036874358758      -0.17959177672658208        2.0298934298232107     
   3.5499999206513166      -0.14047224518802784      -0.18139392416048880        2.0298934298232107     
   3.5399999208748341      -0.14275780608258487      -0.18314839704528713        2.0298934298232107     
   3.5299999210983515      -0.14506646971727144      -0.18485418893278152        2.0298934298232107     
   3.5199999213218689      -0.14739764164319696      -0.18651030200024754        2.0298934298232107     
   3.5099999215453863      -0.14975071477534085      -0.18811574740095052        2.0298934298232107     
   3.4999999217689037      -0.15212506949973023      -0.18966954561322397        2.0298934298232107     
   3.4899999219924212      -0.15452007378500948      -0.19117072678799965        2.0298934298232107     
   3.4799999222159386      -0.15693508329838105      -0.19261833109466359        2.0298934298232107     
   3.4699999224394560      -0.15936944152589722      -0.19401140906513259        2.0298934298232107     
   3.4599999226629734      -0.16182247989708393      -0.19534902193603326        2.0298934298232107     
   3.4499999228864908      -0.16429351791387484      -0.19663024198887205        2.0298934298232107     
   3.4399999231100082      -0.16678186328382463      -0.19785415288808159        2.0298934298232107     
   3.4299999233335257      -0.16928681205759188      -0.19901985001683370        2.0298934298232107     
   3.4199999235570431      -0.17180764877064189      -0.20012644081050723        2.0298934298232107     
   3.4099999237805605      -0.17434364658916535      -0.20117304508769313        2.0298934298232107     
   3.3999999240040779      -0.17689406746016698      -0.20215879537863904        2.0298934298232107     
   3.3899999242275953      -0.17945816226570158      -0.20308283725100928        2.0298934298232107     
   3.3799999244511127      -0.18203517098122043      -0.20394432963286108        2.0298934298232107     
   3.3699999246746302      -0.18462432283799990      -0.20474244513272286        2.0298934298232107     
   3.3599999248981476      -0.18722483648961366      -0.20547637035666924        2.0298934298232107     
   3.3499999251216650      -0.18983592018241172      -0.20614530622228919        2.0298934298232107     
   3.3399999253451824      -0.19245677192997457      -0.20674846826942850        2.0298934298232107     
   3.3299999255686998      -0.19508657969149959      -0.20728508696762041        2.0298934298232107     
   3.3199999257922173      -0.19772452155407544      -0.20775440802007655        2.0298934298232107     
   3.3099999260157347      -0.20036976591881300      -0.20815569266416115        2.0298934298232107     
   3.2999999262392521      -0.20302147169078824      -0.20848821796822251        2.0298934298232107     
   3.2899999264627695      -0.20567878847274132      -0.20875127712468897        2.0298934298232107     
   3.2799999266862869      -0.20834085676250488      -0.20894417973933610        2.0298934298232107     
   3.2699999269098043      -0.21100680815410505      -0.20906625211660909        2.0298934298232107     
   3.2599999271333218      -0.21367576554248596      -0.20911683754091742        2.0298934298232107     
   3.2499999273568392      -0.21634684333181770      -0.20909529655379169        2.0298934298232107     
   3.2399999275803566      -0.21901914764732994      -0.20900100722681916        2.0298934298232107     
   3.2299999278038740      -0.22169177655062441      -0.20883336543024800        2.0298934298232107     
   3.2199999280273914      -0.22436382025841539      -0.20859178509716925        2.0298934298232107     
   3.2099999282509089      -0.22703436136463750      -0.20827569848320152        2.0298934298232107     
   3.1999999284744263      -0.22970247506587813      -0.20788455642155859        2.0298934298232107     
   3.1899999286979437      -0.23236722939007004      -0.20741782857342195        2.0298934298232107     
   3.1799999289214611      -0.23502768542838712      -0.20687500367354295        2.0298934298232107     
   3.1699999291449785      -0.23768289757029265      -0.20625558977095607        2.0298934298232107     
   3.1599999293684959      -0.24033191374167565      -0.20555911446474290        2.0298934298232107     
   3.1499999295920134      -0.24297377564602055      -0.20478512513474806        2.0298934298232107     
   3.1399999298155308      -0.24560751900853586      -0.20393318916716321        2.0298934298232107     
   3.1299999300390482      -0.24823217382320351      -0.20300289417491005        2.0298934298232107     
   3.1199999302625656      -0.25084676460265970      -0.20199384821271021        2.0298934298232107     
   3.1099999304860830      -0.25345031063086426      -0.20090567998680223        2.0298934298232107     
   3.0999999307096004      -0.25604182621848204      -0.19973803905919019        2.0298934298232107     
   3.0899999309331179      -0.25862032096090970      -0.19849059604637170        2.0298934298232107     
   3.0799999311566353      -0.26118479999889516      -0.19716304281245858        2.0298934298232107     
   3.0699999313801527      -0.26373426428165242      -0.19575509265661348        2.0298934298232107     
   3.0599999316036701      -0.26626771083244832      -0.19426648049473991        2.0298934298232107     
   3.0499999318271875      -0.26878413301653736      -0.19269696303534767        2.0298934298232107     
   3.0399999320507050      -0.27128252081141974      -0.19104631894951665        2.0298934298232107     
   3.0299999322742224      -0.27376186107932687      -0.18931434903491803        2.0298934298232107     
   3.0199999324977398      -0.27622113784186647      -0.18750087637378435        2.0298934298232107     
   3.0099999327212572      -0.27865933255675807      -0.18560574648480480        2.0298934298232107     
   2.9999999329447746      -0.28107542439657973      -0.18362882746885592        2.0298934298232107     
   2.9899999331682920      -0.28346839052945183      -0.18157001014852323        2.0298934298232107     
   2.9799999333918095      -0.28583720640159244      -0.17942920820133146        2.0298934298232107     
   2.9699999336153269      -0.28818084602164512      -0.17720635828665526        2.0298934298232107     
   2.9599999338388443      -0.29049828224672347      -0.17490142016623028        2.0298934298232107     
   2.9499999340623617      -0.29278848707009320      -0.17251437681821324        2.0298934298232107     
   2.9399999342858791      -0.29505043191038599      -0.17004523454475920        2.0298934298232107     
   2.9299999345093966      -0.29728308790230706      -0.16749402307302763        2.0298934298232107     
   2.9199999347329140      -0.29948542618872170      -0.16486079564960585        2.0298934298232107     
   2.9099999349564314      -0.30165641821405587      -0.16214562912827438        2.0298934298232107     
   2.8999999351799488      -0.30379503601892971      -0.15934862405108599        2.0298934298232107     
   2.8899999354034662      -0.30590025253593056      -0.15646990472270572        2.0298934298232107     
   2.8799999356269836      -0.30797104188645757      -0.15350961927797030        2.0298934298232107     
   2.8699999358505011      -0.31000637967854572      -0.15046793974263217        2.0298934298232107     
   2.8599999360740185      -0.31200524330557861      -0.14734506208724557        2.0298934298232107     
   2.8499999362975359      -0.31396661224582362      -0.14414120627415847        2.0298934298232107     
   2.8399999365210533      -0.31588946836268800      -0.14085661629757684        2.0298934298232107     
   2.8299999367445707      -0.31777279620561688      -0.13749156021667439        2.0298934298232107     
   2.8199999369680882      -0.31961558331154438      -0.13404633018170251        2.0298934298232107     
   2.8099999371916056      -0.32141682050681536      -0.13052124245309016        2.0298934298232107     
   2.7999999374151230      -0.32317550220948421      -0.12691663741349715        2.0298934298232107     
   2.7899999376386404      -0.32489062673191210      -0.12323287957279584        2.0298934298232107     
   2.7799999378621578      -0.32656119658356231      -0.11947035756596193        2.0298934298232107     
   2.7699999380856752      -0.32818621877391757      -0.11562948414385653        2.0298934298232107     
   2.7599999383091927      -0.32976470511542144      -0.11171069615687378        2.0298934298232107     
   2.7499999385327101      -0.33129567252636333      -0.10771445453144805        2.0298934298232107     
   2.7399999387562275      -0.33277814333360178      -0.10364124423939519        2.0298934298232107     
   2.7299999389797449      -0.33421114557506354       -9.9491574260087229E-002   2.0298934298232107     
   2.7199999392032623      -0.33559371330189341       -9.5265977535440000E-002   2.0298934298232107     
   2.7099999394267797      -0.33692488688020095       -9.0965010917718636E-002   2.0298934298232107     
   2.6999999396502972      -0.33820371329227850       -8.6589255110140859E-002   2.0298934298232107     
   2.6899999398738146      -0.33942924643723160       -8.2139314600287269E-002   2.0298934298232107     
   2.6799999400973320      -0.34060054743090945       -7.7615817586311905E-002   2.0298934298232107     
   2.6699999403208494      -0.34171668490504697       -7.3019415895950318E-002   2.0298934298232107     
   2.6599999405443668      -0.34277673530554620       -6.8350784898341552E-002   2.0298934298232107     
   2.6499999407678843      -0.34377978318977293       -6.3610623408648689E-002   2.0298934298232107     
   2.6399999409914017      -0.34472492152281148       -5.8799653585510009E-002   2.0298934298232107     
   2.6299999412149191      -0.34561125197256259       -5.3918620821308563E-002   2.0298934298232107     
   2.6199999414384365      -0.34643788520360003       -4.8968293625288463E-002   2.0298934298232107     
   2.6099999416619539      -0.34720394116970865       -4.3949463499521023E-002   2.0298934298232107     
   2.5999999418854713      -0.34790854940497773       -3.8862944807742342E-002   2.0298934298232107     
   2.5899999421089888      -0.34855084931340563       -3.3709574637089242E-002   2.0298934298232107     
   2.5799999423325062      -0.34912999045688559       -2.8490212652729611E-002   2.0298934298232107     
   2.5699999425560236      -0.34964513284149812       -2.3205740945444205E-002   2.0298934298232107     
   2.5599999427795410      -0.35009544720202157       -1.7857063872157363E-002   2.0298934298232107     
   2.5499999430030584      -0.35048011528456607       -1.2445107889460337E-002   2.0298934298232107     
   2.5399999432265759      -0.35079833012723866       -6.9708213801491321E-003   2.0298934298232107     
   2.5299999434500933      -0.35104929633876025       -1.4351744728168777E-003   2.0298934298232107     
   2.5199999436736107      -0.35123223037492579        4.1608411454748537E-003   2.0298934298232107     
   2.5099999438971281      -0.35134636081284221        9.8162124233936998E-003   2.0298934298232107     
   2.4999999441206455      -0.35139092862283261        1.5529905146384727E-002   2.0298934298232107     
   2.4899999443441629      -0.35136518743794320        2.1300864144508873E-002   2.0298934298232107     
   2.4799999445676804      -0.35126840382093244        2.7128013507035986E-002   2.0298934298232107     
   2.4699999447911978      -0.35109985752869149        3.3010256803748854E-002   2.0298934298232107     
   2.4599999450147152      -0.35085884177397686        3.8946477312903002E-002   2.0298934298232107     
   2.4499999452382326      -0.35054466348439312        4.4935538255800177E-002   2.0298934298232107     
   2.4399999454617500      -0.35015664355852821        5.0976283037918235E-002   2.0298934298232107     
   2.4299999456852674      -0.34969411711914927        5.7067535496538049E-002   2.0298934298232107     
   2.4199999459087849      -0.34915643376339445        6.3208100154821728E-002   2.0298934298232107     
   2.4099999461323023      -0.34854295780985800        6.9396762482273805E-002   2.0298934298232107     
   2.3999999463558197      -0.34785306854249742        7.5632289161525160E-002   2.0298934298232107     
   2.3899999465793371      -0.34708616045127100        8.1913428361381671E-002   2.0298934298232107     
   2.3799999468028545      -0.34624164346943237        8.8238910016063390E-002   2.0298934298232107     
   2.3699999470263720      -0.34531894320739293        9.4607446110572715E-002   2.0298934298232107     
   2.3599999472498894      -0.34431750118308485       0.10101773097211966        2.0298934298232107     
   2.3499999474734068      -0.34323677504872685       0.10746844156753205        2.0298934298232107     
   2.3399999476969242      -0.34207623881393401       0.11395823780657423        2.0298934298232107     
   2.3299999479204416      -0.34083538306507710       0.12048576285110441        2.0298934298232107     
   2.3199999481439590      -0.33951371518082962       0.12704964342997890        2.0298934298232107     
   2.3099999483674765      -0.33811075954381664       0.13364849015964433        2.0298934298232107     
   2.2999999485909939      -0.33662605774829590       0.14028089787031045        2.0298934298232107     
   2.2899999488145113      -0.33505916880379583       0.14694544593764100        2.0298934298232107     
   2.2799999490380287      -0.33340966933464006       0.15364069861985985        2.0298934298232107     
   2.2699999492615461      -0.33167715377528745       0.16036520540019569        2.0298934298232107     
   2.2599999494850636      -0.32986123456140970       0.16711750133456790        2.0298934298232107     
   2.2499999497085810      -0.32796154231665764       0.17389610740442307        2.0298934298232107     
   2.2399999499320984      -0.32597772603501868       0.18069953087463303        2.0298934298232107     
   2.2299999501556158      -0.32390945325872833       0.18752626565635067        2.0298934298232107     
   2.2199999503791332      -0.32175641025165042       0.19437479267473162        2.0298934298232107     
   2.2099999506026506      -0.31951830216807153       0.20124358024142244        2.0298934298232107     
   2.1999999508261681      -0.31719485321684554       0.20813108443170744        2.0298934298232107     
   2.1899999510496855      -0.31478580682082352       0.21503574946622517        2.0298934298232107     
   2.1799999512732029      -0.31229092577151280       0.22195600809713242        2.0298934298232107     
   2.1699999514967203      -0.30970999237890601       0.22889028199862424        2.0298934298232107     
   2.1599999517202377      -0.30704280861641858       0.23583698216169682        2.0298934298232107     
   2.1499999519437551      -0.30428919626088435       0.24279450929304430        2.0298934298232107     
   2.1399999521672726      -0.30144899702755595       0.24976125421797168        2.0298934298232107     
   2.1299999523907900      -0.29852207270004222       0.25673559828723336        2.0298934298232107     
   2.1199999526143074      -0.29550830525516147       0.26371591378765280        2.0298934298232107     
   2.1099999528378248      -0.29240759698261842       0.27070056435643686        2.0298934298232107     
   2.0999999530613422      -0.28921987059950172       0.27768790539904797        2.0298934298232107     
   2.0899999532848597      -0.28594506935951780       0.28467628451052901        2.0298934298232107     
   2.0799999535083771      -0.28258315715693622       0.29166404190015638        2.0298934298232107     
   2.0699999537318945      -0.27913411862519671       0.29864951081929914        2.0298934298232107     
   2.0599999539554119      -0.27559795923013714       0.30563101799237219        2.0298934298232107     
   2.0499999541789293      -0.27197470535779944       0.31260688405074732        2.0298934298232107     
   2.0399999544024467      -0.26826440439677490       0.31957542396950867        2.0298934298232107     
   2.0299999546259642      -0.26446712481505275       0.32653494750692585        2.0298934298232107     
   2.0199999548494816      -0.26058295623133759       0.33348375964651567        2.0298934298232107     
   2.0099999550729990      -0.25661200948079860       0.34042016104156847        2.0298934298232107     
   1.9999999552965164      -0.25255441667521294       0.34734244846201073        2.0298934298232107     
   1.9899999555200338      -0.24841033125749160       0.35424891524347646        2.0298934298232107     
   1.9799999557435513      -0.24417992805053013       0.36113785173845231        2.0298934298232107     
   1.9699999559670687      -0.23986340330038644       0.36800754576937916        2.0298934298232107     
   1.9599999561905861      -0.23546097471373550       0.37485628308355995        2.0298934298232107     
   1.9499999564141035      -0.23097288148959244       0.38168234780976390        2.0298934298232107     
   1.9399999566376209      -0.22639938434527329       0.38848402291637180        2.0298934298232107     
   1.9299999568611383      -0.22174076553657521       0.39525959067095356        2.0298934298232107     
   1.9199999570846558      -0.21699732887216805       0.40200733310112002        2.0298934298232107     
   1.9099999573081732      -0.21216939972215307       0.40872553245653914        2.0298934298232107     
   1.8999999575316906      -0.20725732502080241       0.41541247167195788        2.0298934298232107     
   1.8899999577552080      -0.20226147326345326       0.42206643483111828        2.0298934298232107     
   1.8799999579787254      -0.19718223449753822       0.42868570763141001        2.0298934298232107     
   1.8699999582022429      -0.19202002030775397       0.43526857784914369        2.0298934298232107     
   1.8599999584257603      -0.18677526379535467       0.44181333580529403        2.0298934298232107     
   1.8499999586492777      -0.18144841955155949       0.44831827483158415        2.0298934298232107     
   1.8399999588727951      -0.17603996362507515       0.45478169173677496        2.0298934298232107     
   1.8299999590963125      -0.17055039348372761       0.46120188727301625        2.0298934298232107     
   1.8199999593198299      -0.16498022797020453       0.46757716660212995        2.0298934298232107     
   1.8099999595433474      -0.15933000725189891       0.47390583976168577        2.0298934298232107     
   1.7999999597668648      -0.15360029276487214       0.48018622213073581        2.0298934298232107     
   1.7899999599903822      -0.14779166715192391       0.48641663489505682        2.0298934298232107     
   1.7799999602138996      -0.14190473419478539       0.49259540551179015        2.0298934298232107     
   1.7699999604374170      -0.13594011874043699       0.49872086817331734        2.0298934298232107     
   1.7599999606609344      -0.12989846662156576       0.50479136427024418        2.0298934298232107     
   1.7499999608844519      -0.12378044457116097       0.51080524285336271        2.0298934298232107     
   1.7399999611079693      -0.11758674013128050       0.51676086109444763        2.0298934298232107     
   1.7299999613314867      -0.11131806155597489       0.52265658474574928        2.0298934298232107     
   1.7199999615550041      -0.10497513770841427       0.52849078859805709        2.0298934298232107     
   1.7099999617785215       -9.8558717952209746E-002  0.53426185693719197        2.0298934298232107     
   1.6999999620020390       -9.2069572036967806E-002  0.53996818399878987        2.0298934298232107     
   1.6899999622255564       -8.5508489978083566E-002  0.54560817442125176        2.0298934298232107     
   1.6799999624490738       -7.8876281930806230E-002  0.55118024369671659        2.0298934298232107     
   1.6699999626725912       -7.2173778058598495E-002  0.55668281861992952        2.0298934298232107     
   1.6599999628961086       -6.5401828395808090E-002  0.56211433773486896        2.0298934298232107     
   1.6499999631196260       -5.8561302704687380E-002  0.56747325177900543        2.0298934298232107     
   1.6399999633431435       -5.1653090326790330E-002  0.57275802412505428        2.0298934298232107     
   1.6299999635666609       -4.4678100028769471E-002  0.57796713122009791        2.0298934298232107     
   1.6199999637901783       -3.7637259842612562E-002  0.58309906302193970        2.0298934298232107     
   1.6099999640136957       -3.0531516900350431E-002  0.58815232343256585        2.0298934298232107     
   1.5999999642372131       -2.3361837263270343E-002  0.59312543072859025        2.0298934298232107     
   1.5899999644607306       -1.6129205745672386E-002  0.59801691798853751        2.0298934298232107     
   1.5799999646842480       -8.8346257332101892E-003  0.60282533351686118        2.0298934298232107     
   1.5699999649077654       -1.4791189958495215E-003  0.60754924126455145        2.0298934298232107     
   1.5599999651312828        5.9362745045036620E-003  0.61218722124621761        2.0298934298232107     
   1.5499999653548002        1.3410496811676725E-002  0.61673786995351465        2.0298934298232107     
   1.5399999655783176        2.0942472178141425E-002  0.62119980076479342        2.0298934298232107     
   1.5299999658018351        2.8531107273137981E-002  0.62557164435086132        2.0298934298232107     
   1.5199999660253525        3.6175291395943526E-002  0.62985204907670822        2.0298934298232107     
   1.5099999662488699        4.3873896694258702E-002  0.63403968139910738        2.0298934298232107     
   1.4999999664723873        5.1625778387634692E-002  0.63813322625994640        2.0298934298232107     
   1.4899999666959047        5.9429774995914071E-002  0.64213138747519194        2.0298934298232107     
   1.4799999669194221        6.7284708572616439E-002  0.64603288811934767        2.0298934298232107     
   1.4699999671429396        7.5189384943218265E-002  0.64983647090531982        2.0298934298232107     
   1.4599999673664570        8.3142593948271587E-002  0.65354089855954423        2.0298934298232107     
   1.4499999675899744        9.1143109691305776E-002  0.65714495419228591        2.0298934298232107     
   1.4399999678134918        9.9189690791442742E-002  0.66064744166299172        2.0298934298232107     
   1.4299999680370092       0.10728108064068219       0.66404718594057721        2.0298934298232107     
   1.4199999682605267       0.11541600766578114       0.66734303345855617        2.0298934298232107     
   1.4099999684840441       0.12359318559466878       0.67053385246488573        2.0298934298232107     
   1.3999999687075615       0.13181131372733421       0.67361853336643607        2.0298934298232107     
   1.3899999689310789       0.14006907721111952       0.67659598906797680        2.0298934298232107     
   1.3799999691545963       0.14836514732035064       0.67946515530556373        2.0298934298232107     
   1.3699999693781137       0.15669818174024100       0.68222499097424527        2.0298934298232107     
   1.3599999696016312       0.16506682485499150       0.68487447844997207        2.0298934298232107     
   1.3499999698251486       0.17346970804002307       0.68741262390562063        2.0298934298232107     
   1.3399999700486660       0.18190544995826710       0.68983845762101925        2.0298934298232107     
   1.3299999702721834       0.19037265686043822       0.69215103428690694        2.0298934298232107     
   1.3199999704957008       0.19886992288922256       0.69434943330270038        2.0298934298232107     
   1.3099999707192183       0.20739583038728732       0.69643275906800162        2.0298934298232107     
   1.2999999709427357       0.21594895020906393       0.69840014126774019        2.0298934298232107     
   1.2899999711662531       0.22452784203620116       0.70025073515086766        2.0298934298232107     
   1.2799999713897705       0.23313105469661913       0.70198372180251700        2.0298934298232107     
   1.2699999716132879       0.24175712648708528       0.70359830840954096        2.0298934298232107     
   1.2599999718368053       0.25040458549923028       0.70509372851934415        2.0298934298232107     
   1.2499999720603228       0.25907194994891480       0.70646924229192221        2.0298934298232107     
   1.2399999722838402       0.26775772850887675       0.70772413674504608        2.0298934298232107     
   1.2299999725073576       0.27646042064456222       0.70885772599248820        2.0298934298232107     
   1.2199999727308750       0.28517851695306001       0.70986935147523056        2.0298934298232107     
   1.2099999729543924       0.29391049950505166       0.71075838218558540        2.0298934298232107     
   1.1999999731779099       0.30265484218969613       0.71152421488412887        2.0298934298232107     
   1.1899999734014273       0.31141001106234528       0.71216627430940804        2.0298934298232107     
   1.1799999736249447       0.32017446469501964       0.71268401338033760        2.0298934298232107     
   1.1699999738484621       0.32894665452953903       0.71307691339121870        2.0298934298232107     
   1.1599999740719795       0.33772502523322417       0.71334448419931584        2.0298934298232107     
   1.1499999742954969       0.34650801505707951       0.71348626440493812        2.0298934298232107     
   1.1399999745190144       0.35529405619635052       0.71350182152395092        2.0298934298232107     
   1.1299999747425318       0.36408157515338574       0.71339075215266545        2.0298934298232107     
   1.1199999749660492       0.37286899310267940       0.71315268212505700        2.0298934298232107     
   1.1099999751895666       0.38165472625802893       0.71278726666224124        2.0298934298232107     
   1.0999999754130840       0.39043718624168366       0.71229419051417198        2.0298934298232107     
   1.0899999756366014       0.39921478045541148       0.71167316809350167        2.0298934298232107     
   1.0799999758601189       0.40798591245336735       0.71092394360155731        2.0298934298232107     
   1.0699999760836363       0.41674898231667795       0.71004629114638984        2.0298934298232107     
   1.0599999763071537       0.42550238702963555       0.70904001485285151        2.0298934298232107     
   1.0499999765306711       0.43424452085740484       0.70790494896465539        2.0298934298232107     
   1.0399999767541885       0.44297377572514268       0.70664095793838688        2.0298934298232107     
   1.0299999769777060       0.45168854159842786       0.70524793652942330        2.0298934298232107     
   1.0199999772012234       0.46038720686490042       0.70372580986972977        2.0298934298232107     
   1.0099999774247408       0.46906815871700741       0.70207453353749660        2.0298934298232107     
  0.99999997764825821       0.47772978353575840       0.70029409361859440        2.0298934298232107     
  0.98999997787177563       0.48637046727537103       0.69838450675980979        2.0298934298232107     
  0.97999997809529305       0.49498859584872973       0.69634582021384550        2.0298934298232107     
  0.96999997831881046       0.50358255551352493       0.69417811187606071        2.0298934298232107     
  0.95999997854232788       0.51215073325899052       0.69188149031291757        2.0298934298232107     
  0.94999997876584530       0.52069151719311946       0.68945609478214087        2.0298934298232107     
  0.93999997898936272       0.52920329693026547       0.68690209524454948        2.0298934298232107     
  0.92999997921288013       0.53768446397901415       0.68421969236756297        2.0298934298232107     
  0.91999997943639755       0.54613341213021971       0.68140911752036470        2.0298934298232107     
  0.90999997965991497       0.55454853784511149       0.67847063276071773        2.0298934298232107     
  0.89999997988343239       0.56292824064334979       0.67540453081342244        2.0298934298232107     
  0.88999998010694981       0.57127092349093223       0.67221113504041197        2.0298934298232107     
  0.87999998033046722       0.57957499318784333       0.66889079940249319        2.0298934298232107     
  0.86999998055398464       0.58783886075533764       0.66544390841272072        2.0298934298232107     
  0.85999998077750206       0.59606094182275604       0.66187087708142445        2.0298934298232107     
  0.84999998100101948       0.60423965701375804       0.65817215085287295        2.0298934298232107     
  0.83999998122453690       0.61237343233187347       0.65434820553361284        2.0298934298232107     
  0.82999998144805431       0.62046069954525540       0.65039954721246229        2.0298934298232107     
  0.81999998167157173       0.62849989657054250       0.64632671217219995        2.0298934298232107     
  0.80999998189508915       0.63648946785570537       0.64213026679294793        2.0298934298232107     
  0.79999998211860657       0.64442786476178660       0.63781080744727414        2.0298934298232107     
  0.78999998234212399       0.65231354594341528       0.63336896038703372        2.0298934298232107     
  0.77999998256564140       0.66014497772800074       0.62880538162197630        2.0298934298232107     
  0.76999998278915882       0.66792063449348560       0.62412075679014123        2.0298934298232107     
  0.75999998301267624       0.67563899904456592       0.61931580102006734        2.0298934298232107     
  0.74999998323619366       0.68329856298726221       0.61439125878485756        2.0298934298232107     
  0.73999998345971107       0.69089782710174352       0.60934790374812486        2.0298934298232107     
  0.72999998368322849       0.69843530171328727       0.60418653860185201        2.0298934298232107     
  0.71999998390674591       0.70590950706128985       0.59890799489621427        2.0298934298232107     
  0.70999998413026333       0.71331897366620156       0.59351313286140039        2.0298934298232107     
  0.69999998435378075       0.72066224269429746       0.58800284122147362        2.0298934298232107     
  0.68999998457729816       0.72793786632017321       0.58237803700031843        2.0298934298232107     
  0.67999998480081558       0.73514440808686787       0.57663966531973010        2.0298934298232107     
  0.66999998502433300       0.74228044326350007       0.57078869918968411        2.0298934298232107     
  0.65999998524785042       0.74934455920033627       0.56482613929085401        2.0298934298232107     
  0.64999998547136784       0.75633535568116750       0.55875301374941733        2.0298934298232107     
  0.63999998569488525       0.76325144527290678       0.55257037790422170        2.0298934298232107     
  0.62999998591840267       0.77009145367230791       0.54627931406636454        2.0298934298232107     
  0.61999998614192009       0.77685402004969351       0.53988093127124848        2.0298934298232107     
  0.60999998636543751       0.78353779738962048       0.53337636502318220        2.0298934298232107     
  0.59999998658895493       0.79014145282834758       0.52676677703258923        2.0298934298232107     
  0.58999998681247234       0.79666366798804544       0.52005335494589944        2.0298934298232107     
  0.57999998703598976       0.80310313930763000       0.51323731206819190        2.0298934298232107     
  0.56999998725950718       0.80945857837013013       0.50631988707866493        2.0298934298232107     
  0.55999998748302460       0.81572871222650134       0.49930234373900811        2.0298934298232107     
  0.54999998770654202       0.82191228371578262       0.49218597059475916        2.0298934298232107     
  0.53999998793005943       0.82800805178151304       0.48497208066972380        2.0298934298232107     
  0.52999998815357685       0.83401479178431004       0.47766201115354046        2.0298934298232107     
  0.51999998837709427       0.83993129581053050       0.47025712308248097        2.0298934298232107     
  0.50999998860061169       0.84575637297690542       0.46275880101356609        2.0298934298232107     
  0.49999998882412910       0.85148884973108796       0.45516845269209666        2.0298934298232107     
  0.48999998904764652       0.85712757014800345       0.44748750871268106        2.0298934298232107     
  0.47999998927116394       0.86267139622193001       0.43971742217385940        2.0298934298232107     
  0.46999998949468136       0.86811920815422272       0.43185966832641970        2.0298934298232107     
  0.45999998971819878       0.87346990463659435       0.42391574421550193        2.0298934298232107     
  0.44999998994171619       0.87872240312988159       0.41588716831658823        2.0298934298232107     
  0.43999999016523361       0.88387564013820163       0.40777548016548720        2.0298934298232107     
  0.42999999038875103       0.88892857147843385       0.39958223998240816        2.0298934298232107     
  0.41999999061226845       0.89388017254493890       0.39130902829023556        2.0298934298232107     
  0.40999999083578587       0.89872943856944998       0.38295744552710986        2.0298934298232107     
  0.39999999105930328       0.90347538487604739       0.37452911165342140        2.0298934298232107     
  0.38999999128282070       0.90811704713115804       0.36602566575333229        2.0298934298232107     
  0.37999999150633812       0.91265348158849668       0.35744876563093336        2.0298934298232107     
  0.36999999172985554       0.91708376532888491       0.34880008740115559        2.0298934298232107     
  0.35999999195337296       0.92140699649487623       0.34008132507554639        2.0298934298232107     
  0.34999999217689037       0.92562229452012423       0.33129419014303257        2.0298934298232107     
  0.33999999240040779       0.92972880035341798       0.32244041114578614        2.0298934298232107     
  0.32999999262392521       0.93372567667733786       0.31352173325031235        2.0298934298232107     
  0.31999999284744263       0.93761210812145024       0.30453991781388445        2.0298934298232107     
  0.30999999307096004       0.94138730146999450       0.29549674194644709        2.0298934298232107     
  0.29999999329447746       0.94505048586399520       0.28639399806811039        2.0298934298232107     
  0.28999999351799488       0.94860091299774629       0.27723349346236481        2.0298934298232107     
  0.27999999374151230       0.95203785730960966       0.26801704982514052        2.0298934298232107     
  0.26999999396502972       0.95536061616707324       0.25874650280984124        2.0298934298232107     
  0.25999999418854713       0.95856851004601817       0.24942370156848037        2.0298934298232107     
  0.24999999441206455       0.96166088270414252       0.24005050828905286        2.0298934298232107     
  0.23999999463558197       0.96463710134849434       0.23062879772927183        2.0298934298232107     
  0.22999999485909939       0.96749655679706492       0.22116045674680396        2.0298934298232107     
  0.21999999508261681       0.97023866363439815       0.21164738382613790        2.0298934298232107     
  0.20999999530613422       0.97286286036117409       0.20209148860221918        2.0298934298232107     
  0.19999999552965164       0.97536860953771831       0.19249469138098893        2.0298934298232107     
  0.18999999575316906       0.97775539792140587       0.18285892265696174        2.0298934298232107     
  0.17999999597668648       0.98002273659791639       0.17318612262798075        2.0298934298232107     
  0.16999999620020390       0.98217016110630195       0.16347824070728800        2.0298934298232107     
  0.15999999642372131       0.98419723155784045       0.15373723503304920        2.0298934298232107     
  0.14999999664723873       0.98610353274863305       0.14396507197547206        2.0298934298232107     
  0.13999999687075615       0.98788867426592186       0.13416372564165943        2.0298934298232107     
  0.12999999709427357       0.98955229058809480       0.12433517737833710        2.0298934298232107     
  0.11999999731779099       0.99109404117835143       0.11448141527259846        2.0298934298232107     
  0.10999999754130840       0.99251361057200371       0.10460443365080793        2.0298934298232107     
   9.9999997764825821E-002  0.99381070845739117        9.4706232575804933E-002   2.0298934298232107     
   8.9999997988343239E-002  0.99498506975038414        8.4788817342552530E-002   2.0298934298232107     
   7.9999998211860657E-002  0.99603645466245905        7.4854197972372638E-002   2.0298934298232107     
   6.9999998435378075E-002  0.99696464876232649        6.4904388705912322E-002   2.0298934298232107     
   5.9999998658895493E-002  0.99776946303109493        5.4941407494984454E-002   2.0298934298232107     
   4.9999998882412910E-002  0.99845073391095884        4.4967275493427342E-002   2.0298934298232107     
   3.9999999105930328E-002  0.99900832334739409        3.4984016547127045E-002   2.0298934298232107     
   2.9999999329447746E-002  0.99944211882485712        2.4993656683347305E-002   2.0298934298232107     
   1.9999999552965164E-002  0.99975203339597152        1.4998223599511213E-002   2.0298934298232107     
   9.9999997764825821E-003  0.99993800570420055        4.9997461515795772E-003   2.0298934298232107     
   0.0000000000000000        1.0000000000000000        0.0000000000000000        2.0298934298232107     
