   7.9899998214095831       -5.4902535956921551E-002   3.5395325504342184E-002   2.0235650877173241     
   7.9799998216331005       -5.4460012956642712E-002   3.5138705807441252E-002   2.0235650877173241     
   7.9699998218566179       -5.4020535290474618E-002   3.4861841946726417E-002   2.0235650877173241     
   7.9599998220801353       -5.3584355500854434E-002   3.4564766078659742E-002   2.0235650877173241     
   7.9499998223036528       -5.3151726046044560E-002   3.4247518391936946E-002   2.0235650877173241     
   7.9399998225271702       -5.2722898979633122E-002   3.3910147120515481E-002   2.0235650877173241     
   7.9299998227506876       -5.2298125850694918E-002   3.3552708553604385E-002   2.0235650877173241     
   7.9199998229742050       -5.1877657603772005E-002   3.3175267042602548E-002   2.0235650877173241     
   7.9099998231977224       -5.1461744478704524E-002   3.2777895004969686E-002   2.0235650877173241     
   7.8999998234212399       -5.1050635910356579E-002   3.2360672925020748E-002   2.0235650877173241     
   7.8899998236447573       -5.0644580428270802E-002   3.1923689351627593E-002   2.0235650877173241     
   7.8799998238682747       -5.0243825556290860E-002   3.1467040892822935E-002   2.0235650877173241     
   7.8699998240917921       -4.9848617712191262E-002   3.0990832207292693E-002   2.0235650877173241     
   7.8599998243153095       -4.9459202107353648E-002   3.0495175992752949E-002   2.0235650877173241     
   7.8499998245388269       -4.9075822646524596E-002   2.9980192971201840E-002   2.0235650877173241     
   7.8399998247623444       -4.8698721827698972E-002   2.9446011871043218E-002   2.0235650877173241     
   7.8299998249858618       -4.8328140642164077E-002   2.8892769406075075E-002   2.0235650877173241     
   7.8199998252093792       -4.7964318474745152E-002   2.8320610251342394E-002   2.0235650877173241     
   7.8099998254328966       -4.7607493004292067E-002   2.7729687015851864E-002   2.0235650877173241     
   7.7999998256564140       -4.7257900104444750E-002   2.7120160212145798E-002   2.0235650877173241     
   7.7899998258799314       -4.6915773744717365E-002   2.6492198222739492E-002   2.0235650877173241     
   7.7799998261034489       -4.6581345891942350E-002   2.5845977263420784E-002   2.0235650877173241     
   7.7699998263269663       -4.6254846412110716E-002   2.5181681343416442E-002   2.0235650877173241     
   7.7599998265504837       -4.5936502972650749E-002   2.4499502222429605E-002   2.0235650877173241     
   7.7499998267740011       -4.5626540945181641E-002   2.3799639364554034E-002   2.0235650877173241     
   7.7399998269975185       -4.5325183308785030E-002   2.3082299889071348E-002   2.0235650877173241     
   7.7299998272210360       -4.5032650553829712E-002   2.2347698518140457E-002   2.0235650877173241     
   7.7199998274445534       -4.4749160586392188E-002   2.1596057521387896E-002   2.0235650877173241     
   7.7099998276680708       -4.4474928633309568E-002   2.0827606657409466E-002   2.0235650877173241     
   7.6999998278915882       -4.4210167147906605E-002   2.0042583112196824E-002   2.0235650877173241     
   7.6899998281151056       -4.3955085716432488E-002   1.9241231434500052E-002   2.0235650877173241     
   7.6799998283386230       -4.3709890965249076E-002   1.8423803468142180E-002   2.0235650877173241     
   7.6699998285621405       -4.3474786468807966E-002   1.7590558281300961E-002   2.0235650877173241     
   7.6599998287856579       -4.3249972658453525E-002   1.6741762092774309E-002   2.0235650877173241     
   7.6499998290091753       -4.3035646732095159E-002   1.5877688195249779E-002   2.0235650877173241     
   7.6399998292326927       -4.2832002564778357E-002   1.4998616875593482E-002   2.0235650877173241     
   7.6299998294562101       -4.2639230620201689E-002   1.4104835332184713E-002   2.0235650877173241     
   7.6199998296797276       -4.2457517863211280E-002   1.3196637589313297E-002   2.0235650877173241     
   7.6099998299032450       -4.2287047673310631E-002   1.2274324408666239E-002   2.0235650877173241     
   7.5999998301267624       -4.2127999759227673E-002   1.1338203197924900E-002   2.0235650877173241     
   7.5899998303502798       -4.1980550074568135E-002   1.0388587916503338E-002   2.0235650877173241     
   7.5799998305737972       -4.1844870734598999E-002   9.4257989784489252E-003   2.0235650877173241     
   7.5699998307973146       -4.1721129934193656E-002   8.4501631525371358E-003   2.0235650877173241     
   7.5599998310208321       -4.1609491866976760E-002   7.4620134595890317E-003   2.0235650877173241     
   7.5499998312443495       -4.1510116645703241E-002   6.4616890670415907E-003   2.0235650877173241     
   7.5399998314678669       -4.1423160223906200E-002   5.4495351808013827E-003   2.0235650877173241     
   7.5299998316913843       -4.1348774318850895E-002   4.4259029344169741E-003   2.0235650877173241     
   7.5199998319149017       -4.1287106335825538E-002   3.3911492756018213E-003   2.0235650877173241     
   7.5099998321384192       -4.1238299293805757E-002   2.3456368501435891E-003   2.0235650877173241     
   7.4999998323619366       -4.1202491752524543E-002   1.2897338832355077E-003   2.0235650877173241     
   7.4899998325854540       -4.1179817740981339E-002   2.2381405826809534E-004   2.0235650877173241     
   7.4799998328089714       -4.1170406687421793E-002  -8.5174360688081629E-004   2.0235650877173241     
   7.4699998330324888       -4.1174383350824385E-002  -1.9365548860190796E-003   2.0235650877173241     
   7.4599998332560062       -4.1191867753916658E-002  -3.0302304732352748E-003   2.0235650877173241     
   7.4499998334795237       -4.1222975117763426E-002  -4.1323761138724081E-003   2.0235650877173241     
   7.4399998337030411       -4.1267815797947957E-002  -5.2425927378416202E-003   2.0235650877173241     
   7.4299998339265585       -4.1326495222381743E-002  -6.3604765952282637E-003   2.0235650877173241     
   7.4199998341500759       -4.1399113830770655E-002  -7.4856193941477576E-003   2.0235650877173241     
   7.4099998343735933       -4.1485767015764369E-002  -8.6176084408057865E-003   2.0235650877173241     
   7.3999998345971107       -4.1586545065822884E-002  -9.7560267817154538E-003   2.0235650877173241     
   7.3899998348206282       -4.1701533109820450E-002  -1.0900453348024853E-002   2.0235650877173241     
   7.3799998350441456       -4.1830811063420771E-002  -1.2050463101904595E-002   2.0235650877173241     
   7.3699998352676630       -4.1974453577245906E-002  -1.3205627184950356E-002   2.0235650877173241     
   7.3599998354911804       -4.2132529986866715E-002  -1.4365513068543976E-002   2.0235650877173241     
   7.3499998357146978       -4.2305104264639050E-002  -1.5529684706128729E-002   2.0235650877173241     
   7.3399998359382153       -4.2492234973411723E-002  -1.6697702687341220E-002   2.0235650877173241     
   7.3299998361617327       -4.2693975222127568E-002  -1.7869124393951209E-002   2.0235650877173241     
   7.3199998363852501       -4.2910372623345086E-002  -1.9043504157554087E-002   2.0235650877173241     
   7.3099998366087675       -4.3141469252699842E-002  -2.0220393418961813E-002   2.0235650877173241     
   7.2999998368322849       -4.3387301610328048E-002  -2.1399340889237811E-002   2.0235650877173241     
   7.2899998370558023       -4.3647900584275846E-002  -2.2579892712320120E-002   2.0235650877173241     
   7.2799998372793198       -4.3923291415912828E-002  -2.3761592629173968E-002   2.0235650877173241     
   7.2699998375028372       -4.4213493667369680E-002  -2.4943982143423114E-002   2.0235650877173241     
   7.2599998377263546       -4.4518521191021537E-002  -2.6126600688393429E-002   2.0235650877173241     
   7.2499998379498720       -4.4838382101030749E-002  -2.7308985795516803E-002   2.0235650877173241     
   7.2399998381733894       -4.5173078746973266E-002  -2.8490673264034386E-002   2.0235650877173241     
   7.2299998383969069       -4.5522607689559923E-002  -2.9671197331937356E-002   2.0235650877173241     
   7.2199998386204243       -4.5886959678471929E-002  -3.0850090848090466E-002   2.0235650877173241     
   7.2099998388439417       -4.6266119632324326E-002  -3.2026885445470152E-002   2.0235650877173241     
   7.1999998390674591       -4.6660066620775521E-002  -3.3201111715463319E-002   2.0235650877173241     
   7.1899998392909765       -4.7068773848791629E-002  -3.4372299383158521E-002   2.0235650877173241     
   7.1799998395144939       -4.7492208643083809E-002  -3.5539977483573869E-002   2.0235650877173241     
   7.1699998397380114       -4.7930332440728821E-002  -3.6703674538751244E-002   2.0235650877173241     
   7.1599998399615288       -4.8383100779983104E-002  -3.7862918735661256E-002   2.0235650877173241     
   7.1499998401850462       -4.8850463293305425E-002  -3.9017238104850437E-002   2.0235650877173241     
   7.1399998404085636       -4.9332363702593994E-002  -4.0166160699769013E-002   2.0235650877173241     
   7.1299998406320810       -4.9828739816648961E-002  -4.1309214776711935E-002   2.0235650877173241     
   7.1199998408555984       -5.0339523530871684E-002  -4.2445928975314177E-002   2.0235650877173241     
   7.1099998410791159       -5.0864640829201543E-002  -4.3575832499528643E-002   2.0235650877173241     
   7.0999998413026333       -5.1404011788305871E-002  -4.4698455299027620E-002   2.0235650877173241     
   7.0899998415261507       -5.1957550584022731E-002  -4.5813328250955729E-002   2.0235650877173241     
   7.0799998417496681       -5.2525165500064724E-002  -4.6919983341975391E-002   2.0235650877173241     
   7.0699998419731855       -5.3106758938988224E-002  -4.8017953850534346E-002   2.0235650877173241     
   7.0599998421967030       -5.3702227435430502E-002  -4.9106774529288723E-002   2.0235650877173241     
   7.0499998424202204       -5.4311461671619536E-002  -5.0185981787618975E-002   2.0235650877173241     
   7.0399998426437378       -5.4934346495158680E-002  -5.1255113874168423E-002   2.0235650877173241     
   7.0299998428672552       -5.5570760939084599E-002  -5.2313711059339525E-002   2.0235650877173241     
   7.0199998430907726       -5.6220578244202575E-002  -5.3361315817680388E-002   2.0235650877173241     
   7.0099998433142900       -5.6883665883698205E-002  -5.4397473010094871E-002   2.0235650877173241     
   6.9999998435378075       -5.7559885590021370E-002  -5.5421730065810339E-002   2.0235650877173241     
   6.9899998437613249       -5.8249093384046172E-002  -5.6433637164032747E-002   2.0235650877173241     
   6.9799998439848423       -5.8951139606497845E-002  -5.7432747415225964E-002   2.0235650877173241     
   6.9699998442083597       -5.9665868951649971E-002  -5.8418617041946980E-002   2.0235650877173241     
   6.9599998444318771       -6.0393120503279267E-002  -5.9390805559166371E-002   2.0235650877173241     
   6.9499998446553946       -6.1132727772882436E-002  -6.0348875954013989E-002   2.0235650877173241     
   6.9399998448789120       -6.1884518740142259E-002  -6.1292394864876275E-002   2.0235650877173241     
   6.9299998451024294       -6.2648315895637324E-002  -6.2220932759781911E-002   2.0235650877173241     
   6.9199998453259468       -6.3423936285790877E-002  -6.3134064114008265E-002   2.0235650877173241     
   6.9099998455494642       -6.4211191560047939E-002  -6.4031367586841137E-002   2.0235650877173241     
   6.8999998457729816       -6.5009888020271051E-002  -6.4912426197421977E-002   2.0235650877173241     
   6.8899998459964991       -6.5819826672347828E-002  -6.5776827499616997E-002   2.0235650877173241     
   6.8799998462200165       -6.6640803279995234E-002  -6.6624163755840043E-002   2.0235650877173241     
   6.8699998464435339       -6.7472608420754365E-002  -6.7454032109764195E-002   2.0235650877173241     
   6.8599998466670513       -6.8315027544157247E-002  -6.8266034757856822E-002   2.0235650877173241     
   6.8499998468905687       -6.9167841032058267E-002  -6.9059779119671538E-002   2.0235650877173241     
   6.8399998471140862       -7.0030824261112734E-002  -6.9834878006832676E-002   2.0235650877173241     
   6.8299998473376036       -7.0903747667389855E-002  -7.0590949790645494E-002   2.0235650877173241     
   6.8199998475611210       -7.1786376813102362E-002  -7.1327618568270870E-002   2.0235650877173241     
   6.8099998477846384       -7.2678472455439680E-002  -7.2044514327395837E-002   2.0235650877173241     
   6.7999998480081558       -7.3579790617484403E-002  -7.2741273109337715E-002   2.0235650877173241     
   6.7899998482316732       -7.4490082661197915E-002  -7.3417537170519881E-002   2.0235650877173241     
   6.7799998484551907       -7.5409095362451564E-002  -7.4072955142253052E-002   2.0235650877173241     
   6.7699998486787081       -7.6336570988089339E-002  -7.4707182188760296E-002   2.0235650877173241     
   6.7599998489022255       -7.7272247374997660E-002  -7.5319880163382230E-002   2.0235650877173241     
   6.7499998491257429       -7.8215858011165276E-002  -7.5910717762903257E-002   2.0235650877173241     
   6.7399998493492603       -7.9167132118707781E-002  -7.6479370679933018E-002   2.0235650877173241     
   6.7299998495727777       -8.0125794738836575E-002  -7.7025521753284337E-002   2.0235650877173241     
   6.7199998497962952       -8.1091566818748698E-002  -7.7548861116287726E-002   2.0235650877173241     
   6.7099998500198126       -8.2064165300414160E-002  -7.8049086342977220E-002   2.0235650877173241     
   6.6999998502433300       -8.3043303211234723E-002  -7.8525902592097518E-002   2.0235650877173241     
   6.6899998504668474       -8.4028689756549702E-002  -7.8979022748860789E-002   2.0235650877173241     
   6.6799998506903648       -8.5020030413962791E-002  -7.9408167564405580E-002   2.0235650877173241     
   6.6699998509138823       -8.6017027029461859E-002  -7.9813065792893975E-002   2.0235650877173241     
   6.6599998511373997       -8.7019377915306853E-002  -8.0193454326188907E-002   2.0235650877173241     
   6.6499998513609171       -8.8026777949653301E-002  -8.0549078326059745E-002   2.0235650877173241     
   6.6399998515844345       -8.9038918677885576E-002  -8.0879691353855448E-002   2.0235650877173241     
   6.6299998518079519       -9.0055488415631268E-002  -8.1185055497592098E-002   2.0235650877173241     
   6.6199998520314693       -9.1076172353420054E-002  -8.1464941496397547E-002   2.0235650877173241     
   6.6099998522549868       -9.2100652662964910E-002  -8.1719128862262874E-002   2.0235650877173241     
   6.5999998524785042       -9.3128608605024685E-002  -8.1947405999044556E-002   2.0235650877173241     
   6.5899998527020216       -9.4159716638823138E-002  -8.2149570318663920E-002   2.0235650877173241     
   6.5799998529255390       -9.5193650532986340E-002  -8.2325428354455610E-002   2.0235650877173241     
   6.5699998531490564       -9.6230081477966106E-002  -8.2474795871608622E-002   2.0235650877173241     
   6.5599998533725739       -9.7268678199915762E-002  -8.2597497974656611E-002   2.0235650877173241     
   6.5499998535960913       -9.8309107075980937E-002  -8.2693369211959300E-002   2.0235650877173241     
   6.5399998538196087       -9.9351032250972984E-002  -8.2762253677133440E-002   2.0235650877173241     
   6.5299998540431261      -0.10039411575538340       -8.2804005107383588E-002   2.0235650877173241     
   6.5199998542666435      -0.10143801762470837       -8.2818486978682465E-002   2.0235650877173241     
   6.5099998544901609      -0.10248239602003911       -8.2805572597759461E-002   2.0235650877173241     
   6.4999998547136784      -0.10352690734988491       -8.2765145190848211E-002   2.0235650877173241     
   6.4899998549371958      -0.10457120639318779       -8.2697097989152715E-002   2.0235650877173241     
   6.4799998551607132      -0.10561494642348757       -8.2601334310984487E-002   2.0235650877173241     
   6.4699998553842306      -0.10665777933420134       -8.2477767640532190E-002   2.0235650877173241     
   6.4599998556077480      -0.10769935576497075       -8.2326321703219865E-002   2.0235650877173241     
   6.4499998558312654      -0.10873932522904166       -8.2146930537615112E-002   2.0235650877173241     
   6.4399998560547829      -0.10977733624163151       -8.1939538563845518E-002   2.0235650877173241     
   6.4299998562783003      -0.11081303644923948       -8.1704100648489125E-002   2.0235650877173241     
   6.4199998565018177      -0.11184607275986204       -8.1440582165895753E-002   2.0235650877173241     
   6.4099998567253351      -0.11287609147406541       -8.1148959055909881E-002   2.0235650877173241     
   6.3999998569488525      -0.11390273841687271       -8.0829217877954843E-002   2.0235650877173241     
   6.3899998571723700      -0.11492565907042343       -8.0481355861444337E-002   2.0235650877173241     
   6.3799998573958874      -0.11594449870735397       -8.0105380952495711E-002   2.0235650877173241     
   6.3699998576194048      -0.11695890252486289       -7.9701311856900714E-002   2.0235650877173241     
   6.3599998578429222      -0.11796851577940448       -7.9269178079336269E-002   2.0235650877173241     
   6.3499998580664396      -0.11897298392197447       -7.8809019958777649E-002   2.0235650877173241     
   6.3399998582899570      -0.11997195273393114       -7.8320888700088187E-002   2.0235650877173241     
   6.3299998585134745      -0.12096506846331419       -7.7804846401760400E-002   2.0235650877173241     
   6.3199998587369919      -0.12195197796160288       -7.7260966079779142E-002   2.0235650877173241     
   6.3099998589605093      -0.12293232882087872       -7.6689331687587972E-002   2.0235650877173241     
   6.2999998591840267      -0.12390576951132891       -7.6090038132129070E-002   2.0235650877173241     
   6.2899998594075441      -0.12487194951905539       -7.5463191285941450E-002   2.0235650877173241     
   6.2799998596310616      -0.12583051948413054       -7.4808907995290025E-002   2.0235650877173241     
   6.2699998598545790      -0.12678113133885544       -7.4127316084314415E-002   2.0235650877173241     
   6.2599998600780964      -0.12772343844616901       -7.3418554355172791E-002   2.0235650877173241     
   6.2499998603016138      -0.12865709573815706       -7.2682772584166208E-002   2.0235650877173241     
   6.2399998605251312      -0.12958175985461209       -7.1920131513832614E-002   2.0235650877173241     
   6.2299998607486486      -0.13049708928159173       -7.1130802840988647E-002   2.0235650877173241     
   6.2199998609721661      -0.13140274448992870       -7.0314969200715130E-002   2.0235650877173241     
   6.2099998611956835      -0.13229838807363317       -6.9472824146270276E-002   2.0235650877173241     
   6.1999998614192009      -0.13318368488814417       -6.8604572124922353E-002   2.0235650877173241     
   6.1899998616427183      -0.13405830218837594       -6.7710428449694257E-002   2.0235650877173241     
   6.1799998618662357      -0.13492190976650287       -6.6790619267013518E-002   2.0235650877173241     
   6.1699998620897532      -0.13577418008943848       -6.5845381520262203E-002   2.0235650877173241     
   6.1599998623132706      -0.13661478843595093       -6.4874962909220402E-002   2.0235650877173241     
   6.1499998625367880      -0.13744341303336488       -6.3879621845408657E-002   2.0235650877173241     
   6.1399998627603054      -0.13825973519379589       -6.2859627403319282E-002   2.0235650877173241     
   6.1299998629838228      -0.13906343944986896       -6.1815259267542347E-002   2.0235650877173241     
   6.1199998632073402      -0.13985421368986192       -6.0746807675791221E-002   2.0235650877173241     
   6.1099998634308577      -0.14063174929222957       -5.9654573357823107E-002   2.0235650877173241     
   6.0999998636543751      -0.14139574125944540       -5.8538867470269464E-002   2.0235650877173241     
   6.0899998638778925      -0.14214588835112280       -5.7400011527375387E-002   2.0235650877173241     
   6.0799998641014099      -0.14288189321634676       -5.6238337327661182E-002   2.0235650877173241     
   6.0699998643249273      -0.14360346252517675       -5.5054186876514977E-002   2.0235650877173241     
   6.0599998645484447      -0.14431030709926274       -5.3847912304725604E-002   2.0235650877173241     
   6.0499998647719622      -0.14500214204152123       -5.2619875782969797E-002   2.0235650877173241     
   6.0399998649954796      -0.14567868686482233       -5.1370449432271842E-002   2.0235650877173241     
   6.0299998652189970      -0.14633966561963307       -5.0100015230445792E-002   2.0235650877173241     
   6.0199998654425144      -0.14698480702056643       -4.8808964914541453E-002   2.0235650877173241     
   6.0099998656660318      -0.14761384457178486       -4.7497699879312912E-002   2.0235650877173241     
   5.9999998658895493      -0.14822651669120479       -4.6166631071730024E-002   2.0235650877173241     
   5.9899998661130667      -0.14882256683345263       -4.4816178881554453E-002   2.0235650877173241     
   5.9799998663365841      -0.14940174361152017       -4.3446773028004551E-002   2.0235650877173241     
   5.9699998665601015      -0.14996380091707029       -4.2058852442535974E-002   2.0235650877173241     
   5.9599998667836189      -0.15050849803933886       -4.0652865147761397E-002   2.0235650877173241     
   5.9499998670071363      -0.15103559978258768       -3.9229268132542038E-002   2.0235650877173241     
   5.9399998672306538      -0.15154487658205332       -3.7788527223274915E-002   2.0235650877173241     
   5.9299998674541712      -0.15203610461834619       -3.6331116951416789E-002   2.0235650877173241     
   5.9199998676776886      -0.15250906593024993       -3.4857520417266627E-002   2.0235650877173241     
   5.9099998679012060      -0.15296354852587046       -3.3368229150049493E-002   2.0235650877173241     
   5.8999998681247234      -0.15339934649208845       -3.1863742964333808E-002   2.0235650877173241     
   5.8899998683482409      -0.15381626010226579       -3.0344569812821770E-002   2.0235650877173241     
   5.8799998685717583      -0.15421409592216218       -2.8811225635549109E-002   2.0235650877173241     
   5.8699998687952757      -0.15459266691400658       -2.7264234205536170E-002   2.0235650877173241     
   5.8599998690187931      -0.15495179253868957       -2.5704126970933945E-002   2.0235650877173241     
   5.8499998692423105      -0.15529129885601795       -2.4131442893704998E-002   2.0235650877173241     
   5.8399998694658279      -0.15561101862299448       -2.2546728284887345E-002   2.0235650877173241     
   5.8299998696893454      -0.15591079139007691       -2.0950536636483170E-002   2.0235650877173241     
   5.8199998699128628      -0.15619046359536595       -1.9343428450026578E-002   2.0235650877173241     
   5.8099998701363802      -0.15644988865668807       -1.7725971061872209E-002   2.0235650877173241     
   5.7999998703598976      -0.15668892706152349       -1.6098738465259808E-002   2.0235650877173241     
   5.7899998705834150      -0.15690744645473753       -1.4462311129205470E-002   2.0235650877173241     
   5.7799998708069324      -0.15710532172407593       -1.2817275814272671E-002   2.0235650877173241     
   5.7699998710304499      -0.15728243508338149       -1.1164225385274206E-002   2.0235650877173241     
   5.7599998712539673      -0.15743867615349513       -9.5037586209685450E-003   2.0235650877173241     
   5.7499998714774847      -0.15757394204079209       -7.8364800207983698E-003   2.0235650877173241     
   5.7399998717010021      -0.15768813741332882       -6.1629996087359026E-003   2.0235650877173241     
   5.7299998719245195      -0.15778117457455015       -4.4839327342931761E-003   2.0235650877173241     
   5.7199998721480370      -0.15785297353452510       -2.7998998707573944E-003   2.0235650877173241     
   5.7099998723715544      -0.15790346207867401       -1.1115264107105292E-003   2.0235650877173241     
   5.6999998725950718      -0.15793257583395082        5.8055754109592045E-004   2.0235650877173241     
   5.6899998728185892      -0.15794025833244446        2.2757173774560291E-003   2.0235650877173241     
   5.6799998730421066      -0.15792646107236924        3.9733142009411825E-003   2.0235650877173241     
   5.6699998732656240      -0.15789114357640352        5.6727050385885006E-003   2.0235650877173241     
   5.6599998734891415      -0.15783427344735465        7.3732430589703076E-003   2.0235650877173241     
   5.6499998737126589      -0.15775582642110694        9.0742777915864253E-003   2.0235650877173241     
   5.6399998739361763      -0.15765578641683256        1.0775155348499347E-002   2.0235650877173241     
   5.6299998741596937      -0.15753414558442810        1.2475218648147735E-002   2.0235650877173241     
   5.6199998743832111      -0.15739090434915209        1.4173807641262300E-002   2.0235650877173241     
   5.6099998746067286      -0.15722607145343512        1.5870259538819129E-002   2.0235650877173241     
   5.5999998748302460      -0.15703966399583216        1.7563909041945065E-002   2.0235650877173241     
   5.5899998750537634      -0.15683170746709604        1.9254088573709961E-002   2.0235650877173241     
   5.5799998752772808      -0.15660223578334556        2.0940128512727547E-002   2.0235650877173241     
   5.5699998755007982      -0.15635129131629968        2.2621357428486356E-002   2.0235650877173241     
   5.5599998757243156      -0.15607892492056247        2.4297102318337059E-002   2.0235650877173241     
   5.5499998759478331      -0.15578519595793031        2.5966688846056012E-002   2.0235650877173241     
   5.5399998761713505      -0.15547017231870305        2.7629441581908137E-002   2.0235650877173241     
   5.5299998763948679      -0.15513393043997933        2.9284684244124438E-002   2.0235650877173241     
   5.5199998766183853      -0.15477655532091478        3.0931739941723602E-002   2.0235650877173241     
   5.5099998768419027      -0.15439814053492906        3.2569931418587918E-002   2.0235650877173241     
   5.4999998770654202      -0.15399878823883950        3.4198581298714635E-002   2.0235650877173241     
   5.4899998772889376      -0.15357860917891047        3.5817012332563417E-002   2.0235650877173241     
   5.4799998775124550      -0.15313772269380091        3.7424547644414177E-002   2.0235650877173241     
   5.4699998777359724      -0.15267625671439458        3.9020510980652047E-002   2.0235650877173241     
   5.4599998779594898      -0.15219434776050453        4.0604226958896698E-002   2.0235650877173241     
   5.4499998781830072      -0.15169214093443886        4.2175021317893045E-002   2.0235650877173241     
   5.4399998784065247      -0.15116978991141192        4.3732221168073071E-002   2.0235650877173241     
   5.4299998786300421      -0.15062745692679905        4.5275155242709496E-002   2.0235650877173241     
   5.4199998788535595      -0.15006531276022325        4.6803154149574706E-002   2.0235650877173241     
   5.4099998790770769      -0.14948353671646331        4.8315550623012987E-002   2.0235650877173241     
   5.3999998793005943      -0.14888231660318182        4.9811679776348212E-002   2.0235650877173241     
   5.3899998795241117      -0.14826184870546602        5.1290879354531686E-002   2.0235650877173241     
   5.3799998797476292      -0.14762233775717667        5.2752489986951992E-002   2.0235650877173241     
   5.3699998799711466      -0.14696399690910192        5.4195855440309706E-002   2.0235650877173241     
   5.3599998801946640      -0.14628704769391673        5.5620322871477182E-002   2.0235650877173241     
   5.3499998804181814      -0.14559171998794318        5.7025243080252891E-002   2.0235650877173241     
   5.3399998806416988      -0.14487825196971538        5.8409970761918811E-002   2.0235650877173241     
   5.3299998808652163      -0.14414689007534653        5.9773864759519645E-002   2.0235650877173241     
   5.3199998810887337      -0.14339788895070796        6.1116288315769055E-002   2.0235650877173241     
   5.3099998813122511      -0.14263151140041322        6.2436609324497939E-002   2.0235650877173241     
   5.2999998815357685      -0.14184802833362029        6.3734200581556086E-002   2.0235650877173241     
   5.2899998817592859      -0.14104771870665470        6.5008440035077220E-002   2.0235650877173241     
   5.2799998819828033      -0.14023086946246144        6.6258711035018875E-002   2.0235650877173241     
   5.2699998822063208      -0.13939777546688950        6.7484402581890507E-002   2.0235650877173241     
   5.2599998824298382      -0.13854873944182627        6.8684909574580885E-002   2.0235650877173241     
   5.2499998826533556      -0.13768407189518350        6.9859633057192547E-002   2.0235650877173241     
   5.2399998828768730      -0.13680409104775121        7.1007980464802070E-002   2.0235650877173241     
   5.2299998831003904      -0.13590912275693171        7.2129365868051951E-002   2.0235650877173241     
   5.2199998833239079      -0.13499950043736261        7.3223210216483828E-002   2.0235650877173241     
   5.2099998835474253      -0.13407556497845130        7.4288941580539058E-002   2.0235650877173241     
   5.1999998837709427      -0.13313766465882898        7.5325995392120940E-002   2.0235650877173241     
   5.1899998839944601      -0.13218615505774348        7.6333814683640713E-002   2.0235650877173241     
   5.1799998842179775      -0.13122139896341317        7.7311850325464421E-002   2.0235650877173241     
   5.1699998844414949      -0.13024376627835241        7.8259561261661462E-002   2.0235650877173241     
   5.1599998846650124      -0.12925363392169550        7.9176414743980170E-002   2.0235650877173241     
   5.1499998848885298      -0.12825138572853573        8.0061886563956464E-002   2.0235650877173241     
   5.1399998851120472      -0.12723741234630798        8.0915461283073434E-002   2.0235650877173241     
   5.1299998853355646      -0.12621211112822620        8.1736632460888206E-002   2.0235650877173241     
   5.1199998855590820      -0.12517588602381349        8.2524902881032813E-002   2.0235650877173241     
   5.1099998857825994      -0.12412914746654191        8.3279784775016727E-002   2.0235650877173241     
   5.0999998860061169      -0.12307231225860786        8.4000800043735543E-002   2.0235650877173241     
   5.0899998862296343      -0.12200580345287659        8.4687480476610288E-002   2.0235650877173241     
   5.0799998864531517      -0.12093005023201538        8.5339367968271670E-002   2.0235650877173241     
   5.0699998866766691      -0.11984548778485615        8.5956014732703243E-002   2.0235650877173241     
   5.0599998869001865      -0.11875255718000202        8.6536983514768753E-002   2.0235650877173241     
   5.0499998871237040      -0.11765170523672897        8.7081847799037312E-002   2.0235650877173241     
   5.0399998873472214      -0.11654338439319573        8.7590192015825616E-002   2.0235650877173241     
   5.0299998875707388      -0.11542805257200864        8.8061611744384261E-002   2.0235650877173241     
   5.0199998877942562      -0.11430617304316942        8.8495713913134641E-002   2.0235650877173241     
   5.0099998880177736      -0.11317821428444363        8.8892116996894838E-002   2.0235650877173241     
   4.9999998882412910      -0.11204464983918656        8.9250451211006110E-002   2.0235650877173241     
   4.9899998884648085      -0.11090595817166053        8.9570358702284372E-002   2.0235650877173241     
   4.9799998886883259      -0.10976262251988393        8.9851493736722091E-002   2.0235650877173241     
   4.9699998889118433      -0.10861513074605393        9.0093522883866115E-002   2.0235650877173241     
   4.9599998891353607      -0.10746397518458077        9.0296125197795493E-002   2.0235650877173241     
   4.9499998893588781      -0.10630965248776694        9.0458992394621782E-002   2.0235650877173241     
   4.9399998895823956      -0.10515266346919229        9.0581829026449914E-002   2.0235650877173241     
   4.9299998898059130      -0.10399351294482688        9.0664352651714103E-002   2.0235650877173241     
   4.9199998900294304      -0.10283270957192804        9.0706294001829099E-002   2.0235650877173241     
   4.9099998902529478      -0.10167076568576545        9.0707397144078647E-002   2.0235650877173241     
   4.8999998904764652      -0.10050819713421247        9.0667419640678398E-002   2.0235650877173241     
   4.8899998906999826       -9.9345523110259987E-002   9.0586132703943306E-002   2.0235650877173241     
   4.8799998909235001       -9.8183265982491719E-002   9.0463321347487829E-002   2.0235650877173241     
   4.8699998911470175       -9.7021951123575215E-002   9.0298784533401677E-002   2.0235650877173241     
   4.8599998913705349       -9.5862106736814764E-002   9.0092335315330896E-002   2.0235650877173241     
   4.8499998915940523       -9.4704263680814388E-002   8.9843800977398747E-002   2.0235650877173241     
   4.8399998918175697       -9.3548955292304489E-002   8.9553023168909202E-002   2.0235650877173241     
   4.8299998920410872       -9.2396717207185133E-002   8.9219858034772656E-002   2.0235650877173241     
   4.8199998922646046       -9.1248087179832710E-002   8.8844176341581649E-002   2.0235650877173241     
   4.8099998924881220       -9.0103604900726220E-002   8.8425863599293372E-002   2.0235650877173241     
   4.7999998927116394       -8.8963811812449708E-002   8.7964820178453265E-002   2.0235650877173241     
   4.7899998929351568       -8.7829250924119279E-002   8.7460961422901468E-002   2.0235650877173241     
   4.7799998931586742       -8.6700466624295772E-002   8.6914217757909723E-002   2.0235650877173241     
   4.7699998933821917       -8.5578004492433787E-002   8.6324534793699254E-002   2.0235650877173241     
   4.7599998936057091       -8.4462411108931004E-002   8.5691873424275020E-002   2.0235650877173241     
   4.7499998938292265       -8.3354233863825664E-002   8.5016209921540686E-002   2.0235650877173241     
   4.7399998940527439       -8.2254020764210428E-002   8.4297536024628875E-002   2.0235650877173241     
   4.7299998942762613       -8.1162320240413352E-002   8.3535859024409923E-002   2.0235650877173241     
   4.7199998944997787       -8.0079680951010590E-002   8.2731201843127197E-002   2.0235650877173241     
   4.7099998947232962       -7.9006651586725138E-002   8.1883603109115577E-002   2.0235650877173241     
   4.6999998949468136       -7.7943780673284294E-002   8.0993117226550393E-002   2.0235650877173241     
   4.6899998951703310       -7.6891616373279001E-002   8.0059814440200189E-002   2.0235650877173241     
   4.6799998953938484       -7.5850706287102804E-002   7.9083780895128450E-002   2.0235650877173241     
   4.6699998956173658       -7.4821597253029351E-002   7.8065118691305793E-002   2.0235650877173241     
   4.6599998958408833       -7.3804835146480341E-002   7.7003945933106527E-002   2.0235650877173241     
   4.6499998960644007       -7.2800964678567087E-002   7.5900396773634957E-002   2.0235650877173241     
   4.6399998962879181       -7.1810529193948855E-002   7.4754621453862177E-002   2.0235650877173241     
   4.6299998965114355       -7.0834070468091315E-002   7.3566786336529799E-002   2.0235650877173241     
   4.6199998967349529       -6.9872128503977060E-002   7.2337073934794466E-002   2.0235650877173241     
   4.6099998969584703       -6.8925241328335884E-002   7.1065682935580257E-002   2.0235650877173241     
   4.5999998971819878       -6.7993944787471366E-002   6.9752828217611237E-002   2.0235650877173241     
   4.5899998974055052       -6.7078772342731838E-002   6.8398740864096669E-002   2.0235650877173241     
   4.5799998976290226       -6.6180254865710039E-002   6.7003668170045008E-002   2.0235650877173241     
   4.5699998978525400       -6.5298920433226368E-002   6.5567873644182831E-002   2.0235650877173241     
   4.5599998980760574       -6.4435294122173026E-002   6.4091637005455879E-002   2.0235650877173241     
   4.5499998982995749       -6.3589897804276624E-002   6.2575254174091280E-002   2.0235650877173241     
   4.5399998985230923       -6.2763249940854929E-002   6.1019037257208419E-002   2.0235650877173241     
   4.5299998987466097       -6.1955865377635901E-002   5.9423314528953962E-002   2.0235650877173241     
   4.5199998989701271       -6.1168255139702483E-002   5.7788430405150672E-002   2.0235650877173241     
   4.5099998991936445       -6.0400926226638660E-002   5.6114745412449818E-002   2.0235650877173241     
   4.4999998994171619       -5.9654381407940632E-002   5.4402636151967519E-002   2.0235650877173241     
   4.4899998996406794       -5.8929119018765047E-002   5.2652495257405077E-002   2.0235650877173241     
   4.4799998998641968       -5.8225632756086526E-002   5.0864731347638685E-002   2.0235650877173241     
   4.4699999000877142       -5.7544411475326594E-002   4.9039768973778229E-002   2.0235650877173241     
   4.4599999003112316       -5.6885938987535446E-002   4.7178048560686733E-002   2.0235650877173241     
   4.4499999005347490       -5.6250693857181185E-002   4.5280026342962791E-002   2.0235650877173241     
   4.4399999007582664       -5.5639149200634175E-002   4.3346174295379084E-002   2.0235650877173241     
   4.4299999009817839       -5.5051772485403015E-002   4.1376980057789892E-002   2.0235650877173241     
   4.4199999012053013       -5.4489025330197442E-002   3.9372946854497395E-002   2.0235650877173241     
   4.4099999014288187       -5.3951363305891273E-002   3.7334593408097770E-002   2.0235650877173241     
   4.3999999016523361       -5.3439235737448486E-002   3.5262453847796776E-002   2.0235650877173241     
   4.3899999018758535       -5.2953085506890908E-002   3.3157077612220663E-002   2.0235650877173241     
   4.3799999020993710       -5.2493348857370462E-002   3.1019029346722984E-002   2.0235650877173241     
   4.3699999023228884       -5.2060455198422340E-002   2.8848888795207500E-002   2.0235650877173241     
   4.3599999025464058       -5.1654826912461066E-002   2.6647250686471148E-002   2.0235650877173241     
   4.3499999027699232       -5.1276879162599945E-002   2.4414724615100837E-002   2.0235650877173241     
   4.3399999029934406       -5.0927019701853524E-002   2.2151934916926512E-002   2.0235650877173241     
   4.3299999032169580       -5.0605648683798909E-002   1.9859520539060413E-002   2.0235650877173241     
   4.3199999034404755       -5.0313158474762150E-002   1.7538134904545206E-002   2.0235650877173241     
   4.3099999036639929       -5.0049933467599450E-002   1.5188445771627099E-002   2.0235650877173241     
   4.2999999038875103       -4.9816349897144181E-002   1.2811135087693425E-002   2.0235650877173241     
   4.2899999041110277       -4.9612775657383548E-002   1.0406898837893131E-002   2.0235650877173241     
   4.2799999043345451       -4.9439570120438522E-002   7.9764468884712773E-003   2.0235650877173241     
   4.2699999045580626       -4.9297083957409907E-002   5.5205028248554201E-003   2.0235650877173241     
   4.2599999047815800       -4.9185658961162518E-002   3.0398037845240683E-003   2.0235650877173241     
   4.2499999050050974       -4.9105627871109274E-002   5.3510028468879310E-004   2.0235650877173241     
   4.2399999052286148       -4.9057314200069146E-002  -1.9928439551607172E-003   2.0235650877173241     
   4.2299999054521322       -4.9041032063257904E-002  -4.5432521958209057E-003   2.0235650877173241     
   4.2199999056756496       -4.9057086009482415E-002  -7.1153348659996930E-003   2.0235650877173241     
   4.2099999058991671       -4.9105770854599780E-002  -9.7082897549632483E-003   2.0235650877173241     
   4.1999999061226845       -4.9187371517313526E-002  -1.2321302210150726E-002   2.0235650877173241     
   4.1899999063462019       -4.9302162857357508E-002  -1.4953545339726440E-002   2.0235650877173241     
   4.1799999065697193       -4.9450409516148632E-002  -1.7604180220001011E-002   2.0235650877173241     
   4.1699999067932367       -4.9632365759955624E-002  -2.0272356107684186E-002   2.0235650877173241     
   4.1599999070167542       -4.9848275325658817E-002  -2.2957210656914716E-002   2.0235650877173241     
   4.1499999072402716       -5.0098371269152460E-002  -2.5657870141009384E-002   2.0235650877173241     
   4.1399999074637890       -5.0382875816457659E-002  -2.8373449678874979E-002   2.0235650877173241     
   4.1299999076873064       -5.0702000217606139E-002  -3.1103053466033741E-002   2.0235650877173241     
   4.1199999079108238       -5.1055944603348030E-002  -3.3845775010190877E-002   2.0235650877173241     
   4.1099999081343412       -5.1444897844753257E-002  -3.6600697371293331E-002   2.0235650877173241     
   4.0999999083578587       -5.1869037415755069E-002  -3.9366893406010302E-002   2.0235650877173241     
   4.0899999085813761       -5.2328529258698769E-002  -4.2143426016575024E-002   2.0235650877173241     
   4.0799999088048935       -5.2823527652951292E-002  -4.4929348403918774E-002   2.0235650877173241     
   4.0699999090284109       -5.3354175086627487E-002  -4.7723704325031160E-002   2.0235650877173241     
   4.0599999092519283       -5.3920602131486819E-002  -5.0525528354479508E-002   2.0235650877173241     
   4.0499999094754457       -5.4522927321056604E-002  -5.3333846150009558E-002   2.0235650877173241     
   4.0399999096989632       -5.5161257032035629E-002  -5.6147674722160569E-002   2.0235650877173241     
   4.0299999099224806       -5.5835685369027242E-002  -5.8966022707824056E-002   2.0235650877173241     
   4.0199999101459980       -5.6546294052656820E-002  -6.1787890647656739E-002   2.0235650877173241     
   4.0099999103695154       -5.7293152311123551E-002  -6.4612271267290175E-002   2.0235650877173241     
   3.9999999105930328       -5.8076316775235351E-002  -6.7438149762241134E-002   2.0235650877173241     
   3.9899999108165503       -5.8895831376975252E-002  -7.0264504086452906E-002   2.0235650877173241     
   3.9799999110400677       -5.9751727251647270E-002  -7.3090305244383064E-002   2.0235650877173241     
   3.9699999112635851       -6.0644022643651138E-002  -7.5914517586552557E-002   2.0235650877173241     
   3.9599999114871025       -6.1572722815924914E-002  -7.8736099108480978E-002   2.0235650877173241     
   3.9499999117106199       -6.2537819963108435E-002  -8.1554001752907612E-002   2.0235650877173241     
   3.9399999119341373       -6.3539293128463126E-002  -8.4367171715227757E-002   2.0235650877173241     
   3.9299999121576548       -6.4577108124598118E-002  -8.7174549752040989E-002   2.0235650877173241     
   3.9199999123811722       -6.5651217458034219E-002  -8.9975071492738076E-002   2.0235650877173241     
   3.9099999126046896       -6.6761560257658850E-002  -9.2767667754022065E-002   2.0235650877173241     
   3.8999999128282070       -6.7908062207097650E-002  -9.5551264857276316E-002   2.0235650877173241     
   3.8899999130517244       -6.9090635481051405E-002  -9.8324784948693691E-002   2.0235650877173241     
   3.8799999132752419       -7.0309178685626195E-002 -0.10108714632205945        2.0235650877173241     
   3.8699999134987593       -7.1563576802701742E-002 -0.10383726374410895        2.0235650877173241     
   3.8599999137222767       -7.2853701138361371E-002 -0.10657404878234809        2.0235650877173241     
   3.8499999139457941       -7.4179409275427682E-002 -0.10929641013524638        2.0235650877173241     
   3.8399999141693115       -7.5540545030126430E-002 -0.11200325396471392        2.0235650877173241     
   3.8299999143928289       -7.6936938412917766E-002 -0.11469348423074292        2.0235650877173241     
   3.8199999146163464       -7.8368405593514781E-002 -0.11736600302812954        2.0235650877173241     
   3.8099999148398638       -7.9834748870129008E-002 -0.12001971092517086        2.0235650877173241     
   3.7999999150633812       -8.1335756642958834E-002 -0.12265350730423452        2.0235650877173241     
   3.7899999152868986       -8.2871203391953238E-002 -0.12526629070409256        2.0235650877173241     
   3.7799999155104160       -8.4440849658873884E-002 -0.12785695916393122        2.0235650877173241     
   3.7699999157339334       -8.6044442033676394E-002 -0.13042441056891405        2.0235650877173241     
   3.7599999159574509       -8.7681713145236526E-002 -0.13296754299720670        2.0235650877173241     
   3.7499999161809683       -8.9352381656439092E-002 -0.13548525506835099        2.0235650877173241     
   3.7399999164044857       -9.1056152263645315E-002 -0.13797644629288724        2.0235650877173241     
   3.7299999166280031       -9.2792715700567671E-002 -0.14044001742310411        2.0235650877173241     
   3.7199999168515205       -9.4561748746554083E-002 -0.14287487080483502        2.0235650877173241     
   3.7099999170750380       -9.6362914239310052E-002 -0.14527991073015939        2.0235650877173241     
   3.6999999172985554       -9.8195861092059827E-002 -0.14765404379092847        2.0235650877173241     
   3.6899999175220728      -0.10006022431517372      -0.14999617923298972        2.0235650877173241     
   3.6799999177455902      -0.10195562504225647      -0.15230522931100396        2.0235650877173241     
   3.6699999179691076      -0.10388167056071962      -0.15458010964375282        2.0235650877173241     
   3.6599999181926250      -0.10583795434684068      -0.15681973956980783        2.0235650877173241     
   3.6499999184161425      -0.10782405610531307      -0.15902304250347252        2.0235650877173241     
   3.6399999186396599      -0.10983954181329877      -0.16118894629086913        2.0235650877173241     
   3.6299999188631773      -0.11188396376898638      -0.16331638356606532        2.0235650877173241     
   3.6199999190866947      -0.11395686064464958      -0.16540429210712995        2.0235650877173241     
   3.6099999193102121      -0.11605775754422247      -0.16745161519199805        2.0235650877173241     
   3.5999999195337296      -0.11818616606537277      -0.16945730195404599        2.0235650877173241     
   3.5899999197572470      -0.12034158436609309      -0.17142030773725023        2.0235650877173241     
   3.5799999199807644      -0.12252349723578651      -0.17333959445082597        2.0235650877173241     
   3.5699999202042818      -0.12473137617085583      -0.17521413092323007        2.0235650877173241     
   3.5599999204277992      -0.12696467945478959      -0.17704289325541797        2.0235650877173241     
   3.5499999206513166      -0.12922285224272875      -0.17882486517323040        2.0235650877173241     
   3.5399999208748341      -0.13150532665051901      -0.18055903837882104        2.0235650877173241     
   3.5299999210983515      -0.13381152184822623      -0.18224441290098212        2.0235650877173241     
   3.5199999213218689      -0.13614084415811206      -0.18387999744427722        2.0235650877173241     
   3.5099999215453863      -0.13849268715705770      -0.18546480973686369        2.0235650877173241     
   3.4999999217689037      -0.14086643178340938      -0.18699787687688590        2.0235650877173241     
   3.4899999219924212      -0.14326144644825253      -0.18847823567733366        2.0235650877173241     
   3.4799999222159386      -0.14567708715106967      -0.18990493300924721        2.0235650877173241     
   3.4699999224394560      -0.14811269759979254      -0.19127702614316691        2.0235650877173241     
   3.4599999226629734      -0.15056760933520386      -0.19259358308870581        2.0235650877173241     
   3.4499999228864908      -0.15304114185968656      -0.19385368293213245        2.0235650877173241     
   3.4399999231100082      -0.15553260277028524      -0.19505641617187358        2.0235650877173241     
   3.4299999233335257      -0.15804128789606164      -0.19620088505179273        2.0235650877173241     
   3.4199999235570431      -0.16056648143972246      -0.19728620389216381        2.0235650877173241     
   3.4099999237805605      -0.16310745612348015      -0.19831149941821202        2.0235650877173241     
   3.3999999240040779      -0.16566347333913475      -0.19927591108612522        2.0235650877173241     
   3.3899999242275953      -0.16823378330233835      -0.20017859140641212        2.0235650877173241     
   3.3799999244511127      -0.17081762521100402      -0.20101870626451535        2.0235650877173241     
   3.3699999246746302      -0.17341422740785151      -0.20179543523855967        2.0235650877173241     
   3.3599999248981476      -0.17602280754702410      -0.20250797191413242        2.0235650877173241     
   3.3499999251216650      -0.17864257276476966      -0.20315552419598792        2.0235650877173241     
   3.3399999253451824      -0.18127271985413038      -0.20373731461657532        2.0235650877173241     
   3.3299999255686998      -0.18391243544361568      -0.20425258064127769        2.0235650877173241     
   3.3199999257922173      -0.18656089617981433      -0.20470057497026156        2.0235650877173241     
   3.3099999260157347      -0.18921726891390173      -0.20508056583683049        2.0235650877173241     
   3.2999999262392521      -0.19188071089201161      -0.20539183730218652        2.0235650877173241     
   3.2899999264627695      -0.19455036994941838      -0.20563368954648586        2.0235650877173241     
   3.2799999266862869      -0.19722538470848733      -0.20580543915610044        2.0235650877173241     
   3.2699999269098043      -0.19990488478036028      -0.20590641940697579        2.0235650877173241     
   3.2599999271333218      -0.20258799097030786      -0.20593598054398810        2.0235650877173241     
   3.2499999273568392      -0.20527381548671755      -0.20589349005620572        2.0235650877173241     
   3.2399999275803566      -0.20796146215366290      -0.20577833294794867        2.0235650877173241     
   3.2299999278038740      -0.21065002662700089      -0.20558991200556348        2.0235650877173241     
   3.2199999280273914      -0.21333859661395088      -0.20532764805980053        2.0235650877173241     
   3.2099999282509089      -0.21602625209608803      -0.20499098024371962        2.0235650877173241     
   3.1999999284744263      -0.21871206555572764      -0.20457936624601064        2.0235650877173241     
   3.1899999286979437      -0.22139510220560124      -0.20409228255964662        2.0235650877173241     
   3.1799999289214611      -0.22407442022180515      -0.20352922472578888        2.0235650877173241     
   3.1699999291449785      -0.22674907097994765      -0.20288970757282776        2.0235650877173241     
   3.1599999293684959      -0.22941809929443185      -0.20217326545049968        2.0235650877173241     
   3.1499999295920134      -0.23208054366082401      -0.20137945245897007        2.0235650877173241     
   3.1399999298155308      -0.23473543650123638      -0.20050784267281371        2.0235650877173241     
   3.1299999300390482      -0.23738180441267395      -0.19955803035979219        2.0235650877173241     
   3.1199999302625656      -0.24001866841825872      -0.19852963019436320        2.0235650877173241     
   3.1099999304860830      -0.24264504422130465      -0.19742227746581936        2.0235650877173241     
   3.0999999307096004      -0.24525994246212604      -0.19623562828099300        2.0235650877173241     
   3.0899999309331179      -0.24786236897756528      -0.19496935976143889        2.0235650877173241     
   3.0799999311566353      -0.25045132506312962      -0.19362317023502276        2.0235650877173241     
   3.0699999313801527      -0.25302580773769673      -0.19219677942183114        2.0235650877173241     
   3.0599999316036701      -0.25558481001069427      -0.19068992861434061        2.0235650877173241     
   3.0499999318271875      -0.25812732115170767      -0.18910238085176068        2.0235650877173241     
   3.0399999320507050      -0.26065232696242385      -0.18743392108848780        2.0235650877173241     
   3.0299999322742224      -0.26315881005084185      -0.18568435635659786        2.0235650877173241     
   3.0199999324977398      -0.26564575010768976      -0.18385351592230870        2.0235650877173241     
   3.0099999327212572      -0.26811212418494768      -0.18194125143634521        2.0235650877173241     
   2.9999999329447746      -0.27055690697643153      -0.17994743707814617        2.0235650877173241     
   2.9899999331682920      -0.27297907110032565      -0.17787196969384356        2.0235650877173241     
   2.9799999333918095      -0.27537758738362195      -0.17571476892796634        2.0235650877173241     
   2.9699999336153269      -0.27775142514835977      -0.17347577734878614        2.0235650877173241     
   2.9599999338388443      -0.28009955249959712      -0.17115496056727533        2.0235650877173241     
   2.9499999340623617      -0.28242093661504136      -0.16875230734959554        2.0235650877173241     
   2.9399999342858791      -0.28471454403623558      -0.16626782972308429        2.0235650877173241     
   2.9299999345093966      -0.28697934096124977      -0.16370156307566966        2.0235650877173241     
   2.9199999347329140      -0.28921429353875877      -0.16105356624868147        2.0235650877173241     
   2.9099999349564314      -0.29141836816346067      -0.15832392162299078        2.0235650877173241     
   2.8999999351799488      -0.29359053177271766      -0.15551273519844758        2.0235650877173241     
   2.8899999354034662      -0.29572975214435665      -0.15262013666656191        2.0235650877173241     
   2.8799999356269836      -0.29783499819554232      -0.14964627947639747        2.0235650877173241     
   2.8699999358505011      -0.29990524028261761      -0.14659134089362252        2.0235650877173241     
   2.8599999360740185      -0.30193945050185916      -0.14345552205269366        2.0235650877173241     
   2.8499999362975359      -0.30393660299101960      -0.14023904800212345        2.0235650877173241     
   2.8399999365210533      -0.30589567423160857      -0.13694216774281925        2.0235650877173241     
   2.8299999367445707      -0.30781564335179368      -0.13356515425942600        2.0235650877173241     
   2.8199999369680882      -0.30969549242985017      -0.13010830454468436        2.0235650877173241     
   2.8099999371916056      -0.31153420679806587      -0.12657193961674271        2.0235650877173241     
   2.7999999374151230      -0.31333077534700454      -0.12295640452941708        2.0235650877173241     
   2.7899999376386404      -0.31508419083005290      -0.11926206837536668        2.0235650877173241     
   2.7799999378621578      -0.31679345016814886      -0.11548932428216749        2.0235650877173241     
   2.7699999380856752      -0.31845755475459731      -0.11163858940126488        2.0235650877173241     
   2.7599999383091927      -0.32007551075990115      -0.10771030488978463        2.0235650877173241     
   2.7499999385327101      -0.32164632943649363      -0.10370493588519064        2.0235650877173241     
   2.7399999387562275      -0.32316902742329506       -9.9622971472782554E-002   2.0235650877173241     
   2.7299999389797449      -0.32464262705000024       -9.5464924646005520E-002   2.0235650877173241     
   2.7199999392032623      -0.32606615664099659       -9.1231332259588349E-002   2.0235650877173241     
   2.7099999394267797      -0.32743865081883433       -8.6922754975481575E-002   2.0235650877173241     
   2.6999999396502972      -0.32875915080714146       -8.2539777201613679E-002   2.0235650877173241     
   2.6899999398738146      -0.33002670473290735       -7.8083007023436096E-002   2.0235650877173241     
   2.6799999400973320      -0.33124036792802791       -7.3553076128292219E-002   2.0235650877173241     
   2.6699999403208494      -0.33239920323002364       -6.8950639722586499E-002   2.0235650877173241     
   2.6599999405443668      -0.33350228128185416       -6.4276376441770922E-002   2.0235650877173241     
   2.6499999407678843      -0.33454868083070455       -5.9530988253158418E-002   2.0235650877173241     
   2.6399999409914017      -0.33553748902568864       -5.4715200351564186E-002   2.0235650877173241     
   2.6299999412149191      -0.33646780171434598       -4.9829761047800382E-002   2.0235650877173241     
   2.6199999414384365      -0.33733872373785395       -4.4875441650028373E-002   2.0235650877173241     
   2.6099999416619539      -0.33814936922487338       -3.9853036337989658E-002   2.0235650877173241     
   2.5999999418854713      -0.33889886188390878       -3.4763362030133554E-002   2.0235650877173241     
   2.5899999421089888      -0.33958633529411991       -2.9607258243671025E-002   2.0235650877173241     
   2.5799999423325062      -0.34021093319447304       -2.4385586947564021E-002   2.0235650877173241     
   2.5699999425560236      -0.34077180977115584       -1.9099232408487505E-002   2.0235650877173241     
   2.5599999427795410      -0.34126812994315264       -1.3749101029795152E-002   2.0235650877173241     
   2.5499999430030584      -0.34169906964589947       -8.3361211835062017E-003   2.0235650877173241     
   2.5399999432265759      -0.34206381611291986       -2.8612430353623635E-003   2.0235650877173241     
   2.5299999434500933      -0.34236156815536145        2.6745616370221327E-003   2.0235650877173241     
   2.5199999436736107      -0.34259153643934115        8.2702996328721887E-003   2.0235650877173241     
   2.5099999438971281      -0.34275294376099902        1.3924956523792081E-002   2.0235650877173241     
   2.4999999441206455      -0.34284502531919503        1.9637496856079122E-002   2.0235650877173241     
   2.4899999443441629      -0.34286702898573884        2.5406864359786480E-002   2.0235650877173241     
   2.4799999445676804      -0.34281821557308106        3.1231982164470123E-002   2.0235650877173241     
   2.4699999447911978      -0.34269785909936834        3.7111753021580318E-002   2.0235650877173241     
   2.4599999450147152      -0.34250524705078472        4.3045059533445562E-002   2.0235650877173241     
   2.4499999452382326      -0.34223968064109150        4.9030764388794661E-002   2.0235650877173241     
   2.4399999454617500      -0.34190047506827648        5.5067710604764501E-002   2.0235650877173241     
   2.4299999456852674      -0.34148695976824023        6.1154721775330635E-002   2.0235650877173241     
   2.4199999459087849      -0.34099847866541622        6.7290602326105828E-002   2.0235650877173241     
   2.4099999461323023      -0.34043439042026996        7.3474137775443579E-002   2.0235650877173241     
   2.3999999463558197      -0.33979406867356610        7.9704095001787836E-002   2.0235650877173241     
   2.3899999465793371      -0.33907690228734894        8.5979222517189202E-002   2.0235650877173241     
   2.3799999468028545      -0.33828229558253453        9.2298250746937385E-002   2.0235650877173241     
   2.3699999470263720      -0.33740966857305515        9.8659892315226205E-002   2.0235650877173241     
   2.3599999472498894      -0.33645845719645590       0.10506284233679117        2.0235650877173241     
   2.3499999474734068      -0.33542811354089558       0.11150577871443439        2.0235650877173241     
   2.3399999476969242      -0.33431810606843498       0.11798736244236790        2.0235650877173241     
   2.3299999479204416      -0.33312791983458734       0.12450623791529791        2.0235650877173241     
   2.3199999481439590      -0.33185705670400661       0.13106103324316926        2.0235650877173241     
   2.3099999483674765      -0.33050503556227651       0.13765036057148639        2.0235650877173241     
   2.2999999485909939      -0.32907139252371231       0.14427281640712997        2.0235650877173241     
   2.2899999488145113      -0.32755568113510658       0.15092698194958576        2.0235650877173241     
   2.2799999490380287      -0.32595747257534502       0.15761142342749734        2.0235650877173241     
   2.2699999492615461      -0.32427635585083636       0.16432469244044745        2.0235650877173241     
   2.2599999494850636      -0.32251193798666894       0.17106532630589413        2.0235650877173241     
   2.2499999497085810      -0.32066384421344479       0.17783184841114918        2.0235650877173241     
   2.2399999499320984      -0.31873171814972023       0.18462276857032209        2.0235650877173241     
   2.2299999501556158      -0.31671522197997459       0.19143658338612518        2.0235650877173241     
   2.2199999503791332      -0.31461403662807530       0.19827177661644535        2.0235650877173241     
   2.2099999506026506      -0.31242786192614069       0.20512681954557965        2.0235650877173241     
   2.1999999508261681      -0.31015641677876715       0.21200017136004659        2.0235650877173241     
   2.1899999510496855      -0.30779943932254833       0.21889027952885676        2.0235650877173241     
   2.1799999512732029      -0.30535668708083824       0.22579558018814572        2.0235650877173241     
   2.1699999514967203      -0.30282793711368045       0.23271449853007115        2.0235650877173241     
   2.1599999517202377      -0.30021298616287811       0.23964544919585648        2.0235650877173241     
   2.1499999519437551      -0.29751165079212383       0.24658683667288012        2.0235650877173241     
   2.1399999521672726      -0.29472376752215440       0.25353705569570151        2.0235650877173241     
   2.1299999523907900      -0.29184919296086853       0.26049449165091521        2.0235650877173241     
   2.1199999526143074      -0.28888780392836139       0.26745752098570946        2.0235650877173241     
   2.1099999528378248      -0.28583949757682964       0.27442451162004117        2.0235650877173241     
   2.0999999530613422      -0.28270419150529502       0.28139382336228513        2.0235650877173241     
   2.0899999532848597      -0.27948182386910342       0.28836380832826247        2.0235650877173241     
   2.0799999535083771      -0.27617235348415786       0.29533281136352424        2.0235650877173241     
   2.0699999537318945      -0.27277575992583536       0.30229917046877336        2.0235650877173241     
   2.0599999539554119      -0.26929204362255260       0.30926121722830574        2.0235650877173241     
   2.0499999541789293      -0.26572122594394015       0.31621727724135351        2.0235650877173241     
   2.0399999544024467      -0.26206334928357977       0.32316567055621043        2.0235650877173241     
   2.0299999546259642      -0.25831847713627898       0.33010471210701225        2.0235650877173241     
   2.0199999548494816      -0.25448669416984138       0.33703271215305486        2.0235650877173241     
   2.0099999550729990      -0.25056810629129261       0.34394797672052535        2.0235650877173241     
   1.9999999552965164      -0.24656284070754755       0.35084880804652613        2.0235650877173241     
   1.9899999555200338      -0.24247104598046576       0.35773350502525425        2.0235650877173241     
   1.9799999557435513      -0.23829289207628593       0.36460036365622689        2.0235650877173241     
   1.9699999559670687      -0.23402857040939634       0.37144767749441099        2.0235650877173241     
   1.9599999561905861      -0.22967829388042743       0.37827373810214304        2.0235650877173241     
   1.9499999564141035      -0.22524229690863082       0.38507683550270166        2.0235650877173241     
   1.9399999566376209      -0.22072083545853574       0.39185525863540860        2.0235650877173241     
   1.9299999568611383      -0.21611418706084173       0.39860729581212445        2.0235650877173241     
   1.9199999570846558      -0.21142265082755199       0.40533123517501685        2.0235650877173241     
   1.9099999573081732      -0.20664654746130734       0.41202536515546956        2.0235650877173241     
   1.8999999575316906      -0.20178621925892182       0.41868797493398480        2.0235650877173241     
   1.8899999577552080      -0.19684203010908968       0.42531735490097777        2.0235650877173241     
   1.8799999579787254      -0.19181436548426664       0.43191179711830308        2.0235650877173241     
   1.8699999582022429      -0.18670363242669813       0.43846959578140116        2.0235650877173241     
   1.8599999584257603      -0.18151025952859559       0.44498904768191516        2.0235650877173241     
   1.8499999586492777      -0.17623469690645044       0.45146845267066554        2.0235650877173241     
   1.8399999588727951      -0.17087741616947127       0.45790611412082377        2.0235650877173241     
   1.8299999590963125      -0.16543891038215844       0.46430033939118087        2.0235650877173241     
   1.8199999593198299      -0.15991969402098385       0.47064944028934869        2.0235650877173241     
   1.8099999595433474      -0.15432030292520121       0.47695173353478598        2.0235650877173241     
   1.7999999597668648      -0.14864129424177672       0.48320554122149401        2.0235650877173241     
   1.7899999599903822      -0.14288324636443359       0.48940919128026195        2.0235650877173241     
   1.7799999602138996      -0.13704675886682915       0.49556101794032370        2.0235650877173241     
   1.7699999604374170      -0.13113245242985760       0.50165936219028628        2.0235650877173241     
   1.7599999606609344      -0.12514096876308894       0.50770257223820947        2.0235650877173241     
   1.7499999608844519      -0.11907297052035748       0.51368900397068440        2.0235650877173241     
   1.7399999611079693      -0.11292914120950026       0.51961702141080224        2.0235650877173241     
   1.7299999613314867      -0.10671018509626329       0.52548499717484454        2.0235650877173241     
   1.7199999615550041      -0.10041682710239112       0.53129131292760223        2.0235650877173241     
   1.7099999617785215       -9.4049812697907284E-002  0.53703435983615166        2.0235650877173241     
   1.6999999620020390       -8.7609907787611546E-002  0.54271253902198746        2.0235650877173241     
   1.6899999622255564       -8.1097898591799611E-002  0.54832426201135376        2.0235650877173241     
   1.6799999624490738       -7.4514591521241694E-002  0.55386795118365628        2.0235650877173241     
   1.6699999626725912       -6.7860813046427992E-002  0.55934204021781697        2.0235650877173241     
   1.6599999628961086       -6.1137409561113097E-002  0.56474497453644468        2.0235650877173241     
   1.6499999631196260       -5.4345247240174560E-002  0.57007521174768649        2.0235650877173241     
   1.6399999633431435       -4.7485211891826459E-002  0.57533122208462373        2.0235650877173241     
   1.6299999635666609       -4.0558208804204646E-002  0.58051148884209758        2.0235650877173241     
   1.6199999637901783       -3.3565162586356320E-002  0.58561450881081978        2.0235650877173241     
   1.6099999640136957       -2.6507017003670284E-002  0.59063879270864439        2.0235650877173241     
   1.5999999642372131       -1.9384734807773044E-002  0.59558286560887785        2.0235650877173241     
   1.5899999644607306       -1.2199297560936708E-002  0.60044526736548509        2.0235650877173241     
   1.5799999646842480       -4.9517054550227294E-003  0.60522455303508460        2.0235650877173241     
   1.5699999649077654        2.3570228749895143E-003  0.60991929329558536        2.0235650877173241     
   1.5599999651312828        9.7258505428578883E-003  0.61452807486135719        2.0235650877173241     
   1.5499999653548002        1.7153722608267245E-002  0.61904950089479305        2.0235650877173241     
   1.5399999655783176        2.4639566279317897E-002  0.62348219141415673        2.0235650877173241     
   1.5299999658018351        3.2182291120263690E-002  0.62782478369758288        2.0235650877173241     
   1.5199999660253525        3.9780789264453227E-002  0.63207593268310291        2.0235650877173241     
   1.5099999662488699        4.7433935632428557E-002  0.63623431136458686        2.0235650877173241     
   1.4999999664723873        5.5140588155135527E-002  0.64029861118347275        2.0235650877173241     
   1.4899999666959047        6.2899588002182816E-002  0.64426754241616790        2.0235650877173241     
   1.4799999669194221        7.0709759815109741E-002  0.64813983455700142        2.0235650877173241     
   1.4699999671429396        7.8569911945604143E-002  0.65191423669661075        2.0235650877173241     
   1.4599999673664570        8.6478836698612227E-002  0.65558951789565578        2.0235650877173241     
   1.4499999675899744        9.4435310580286258E-002  0.65916446755372327        2.0235650877173241     
   1.4399999678134918       0.10243809455071114       0.66263789577333809        2.0235650877173241     
   1.4299999680370092       0.11048593428135067       0.66600863371894137        2.0235650877173241     
   1.4199999682605267       0.11857756041714669       0.66927553397074446        2.0235650877173241     
   1.4099999684840441       0.12671168884321590       0.67243747087333716        2.0235650877173241     
   1.3999999687075615       0.13488702095607241       0.67549334087894464        2.0235650877173241     
   1.3899999689310789       0.14310224393931797       0.67844206288523101        2.0235650877173241     
   1.3799999691545963       0.15135603104372153       0.68128257856754160        2.0235650877173241     
   1.3699999693781137       0.15964704187163309       0.68401385270546933        2.0235650877173241     
   1.3599999696016312       0.16797392266564534       0.68663487350366592        2.0235650877173241     
   1.3499999698251486       0.17633530660145000       0.68914465290676796        2.0235650877173241     
   1.3399999700486660       0.18472981408479902       0.69154222690836908        2.0235650877173241     
   1.3299999702721834       0.19315605305250572       0.69382665585390879        2.0235650877173241     
   1.3199999704957008       0.20161261927740926       0.69599702473741343        2.0235650877173241     
   1.3099999707192183       0.21009809667722462       0.69805244349196494        2.0235650877173241     
   1.2999999709427357       0.21861105762719354       0.69999204727383157        2.0235650877173241     
   1.2899999711662531       0.22715006327647322       0.70181499674014347        2.0235650877173241     
   1.2799999713897705       0.23571366386816128       0.70352047832005216        2.0235650877173241     
   1.2699999716132879       0.24430039906289255       0.70510770447925386        2.0235650877173241     
   1.2599999718368053       0.25290879826591539       0.70657591397782693        2.0235650877173241     
   1.2499999720603228       0.26153738095756152       0.70792437212126569        2.0235650877173241     
   1.2399999722838402       0.27018465702703287       0.70915237100465411        2.0235650877173241     
   1.2299999725073576       0.27884912710940962       0.71025922974988276        2.0235650877173241     
   1.2199999727308750       0.28752928292579882       0.71124429473584205        2.0235650877173241     
   1.2099999729543924       0.29622360762652544       0.71210693982151307        2.0235650877173241     
   1.1999999731779099       0.30493057613729002       0.71284656656187273        2.0235650877173241     
   1.1899999734014273       0.31364865550818327       0.71346260441655485        2.0235650877173241     
   1.1799999736249447       0.32237630526548755       0.71395451095119200        2.0235650877173241     
   1.1699999738484621       0.33111197776615187       0.71432177203136349        2.0235650877173241     
   1.1599999740719795       0.33985411855485964       0.71456390200909792        2.0235650877173241     
   1.1499999742954969       0.34860116672358743       0.71468044390185070        2.0235650877173241     
   1.1399999745190144       0.35735155527356677       0.71467096956391074        2.0235650877173241     
   1.1299999747425318       0.36610371147953980       0.71453507985016040        2.0235650877173241     
   1.1199999749660492       0.37485605725622495       0.71427240477215315        2.0235650877173241     
   1.1099999751895666       0.38360700952688653       0.71388260364642875        2.0235650877173241     
   1.0999999754130840       0.39235498059390789       0.71336536523503680        2.0235650877173241     
   1.0899999756366014       0.40109837851127556       0.71272040787820379        2.0235650877173241     
   1.0799999758601189       0.40983560745886677       0.71194747961910188        2.0235650877173241     
   1.0699999760836363       0.41856506811844341       0.71104635832067109        2.0235650877173241     
   1.0599999763071537       0.42728515805124584       0.71001685177445684        2.0235650877173241     
   1.0499999765306711       0.43599427207709424       0.70885879780141126        2.0235650877173241     
   1.0399999767541885       0.44469080265487843       0.70757206434463715        2.0235650877173241     
   1.0299999769777060       0.45337314026434705       0.70615654955401608        2.0235650877173241     
   1.0199999772012234       0.46203967378908689       0.70461218186271157        2.0235650877173241     
   1.0099999774247408       0.47068879090058108       0.70293892005549630        2.0235650877173241     
  0.99999997764825821       0.47931887844325705       0.70113675332888259        2.0235650877173241     
  0.98999997787177563       0.48792832282039456       0.69920570134303162        2.0235650877173241     
  0.97999997809529305       0.49651551038081759       0.69714581426541733        2.0235650877173241     
  0.96999997831881046       0.50507882780623303       0.69495717280621527        2.0235650877173241     
  0.95999997854232788       0.51361666249913718       0.69263988824541189        2.0235650877173241     
  0.94999997876584530       0.52212740297116267       0.69019410245160384        2.0235650877173241     
  0.93999997898936272       0.53060943923176518       0.68761998789248124        2.0235650877173241     
  0.92999997921288013       0.53906116317715069       0.68491774763698654        2.0235650877173241     
  0.91999997943639755       0.54748096897932230       0.68208761534912721        2.0235650877173241     
  0.90999997965991497       0.55586725347514776       0.67912985527345437        2.0235650877173241     
  0.89999997988343239       0.56421841655533356       0.67604476221218313        2.0235650877173241     
  0.88999998010694981       0.57253286155321059       0.67283266149397203        2.0235650877173241     
  0.87999998033046722       0.58080899563319943       0.66949390893435090        2.0235650877173241     
  0.86999998055398464       0.58904523017887378       0.66602889078780603        2.0235650877173241     
  0.85999998077750206       0.59723998118049804       0.66243802369152560        2.0235650877173241     
  0.84999998100101948       0.60539166962193292       0.65872175460081983        2.0235650877173241     
  0.83999998122453690       0.61349872186680465       0.65488056071621981        2.0235650877173241     
  0.82999998144805431       0.62155957004383044       0.65091494940227934        2.0235650877173241     
  0.81999998167157173       0.62957265243118710       0.64682545809807912        2.0235650877173241     
  0.80999998189508915       0.63753641383982496       0.64261265421947589        2.0235650877173241     
  0.79999998211860657       0.64544930599560713       0.63827713505309447        2.0235650877173241     
  0.78999998234212399       0.65330978792018124       0.63381952764210214        2.0235650877173241     
  0.77999998256564140       0.66111632631046380       0.62924048866379145        2.0235650877173241     
  0.76999998278915882       0.66886739591664368       0.62454070429898301        2.0235650877173241     
  0.75999998301267624       0.67656147991858917       0.61972089009330900        2.0235650877173241     
  0.74999998323619366       0.68419707030055577       0.61478179081038165        2.0235650877173241     
  0.73999998345971107       0.69177266822409322       0.60972418027690656        2.0235650877173241     
  0.72999998368322849       0.69928678439904490       0.60454886121976148        2.0235650877173241     
  0.71999998390674591       0.70673793945252994       0.59925666509509745        2.0235650877173241     
  0.70999998413026333       0.71412466429581978       0.59384845190949387        2.0235650877173241     
  0.69999998435378075       0.72144550048898914       0.58832511003321852        2.0235650877173241     
  0.68999998457729816       0.72869900060324688       0.58268755600564581        2.0235650877173241     
  0.67999998480081558       0.73588372858084816       0.57693673433287018        2.0235650877173241     
  0.66999998502433300       0.74299826009248215       0.57107361727758799        2.0235650877173241     
  0.65999998524785042       0.75004118289203991       0.56509920464128172        2.0235650877173241     
  0.64999998547136784       0.75701109716865045       0.55901452353878323        2.0235650877173241     
  0.63999998569488525       0.76390661589590603       0.55282062816526212        2.0235650877173241     
  0.62999998591840267       0.77072636517816207       0.54651859955571069        2.0235650877173241     
  0.61999998614192009       0.77746898459382219       0.54010954533698596        2.0235650877173241     
  0.60999998636543751       0.78413312753551123       0.53359459947247567        2.0235650877173241     
  0.59999998658895493       0.79071746154703870       0.52697492199946061        2.0235650877173241     
  0.58999998681247234       0.79722066865706054       0.52025169875924016        2.0235650877173241     
  0.57999998703598976       0.80364144570934515       0.51342614112009644        2.0235650877173241     
  0.56999998725950718       0.80997850468955113       0.50649948569317471        2.0235650877173241     
  0.55999998748302460       0.81623057304842384       0.49947299404135503        2.0235650877173241     
  0.54999998770654202       0.82239639402132114       0.49234795238119378        2.0235650877173241     
  0.53999998793005943       0.82847472694397928       0.48512567127802186        2.0235650877173241     
  0.52999998815357685       0.83446434756443244       0.47780748533427797        2.0235650877173241     
  0.51999998837709427       0.84036404835099265       0.47039475287116705        2.0235650877173241     
  0.50999998860061169       0.84617263879620952       0.46288885560372939        2.0235650877173241     
  0.49999998882412910       0.85188894571672391       0.45529119830940834        2.0235650877173241     
  0.48999998904764652       0.85751181354892769       0.44760320849021401        2.0235650877173241     
  0.47999998927116394       0.86304010464035397       0.43982633602857191        2.0235650877173241     
  0.46999998949468136       0.86847269953670581       0.43196205283695138        2.0235650877173241     
  0.45999998971819878       0.87380849726445986       0.42401185250137563        2.0235650877173241     
  0.44999998994171619       0.87904641560894436       0.41597724991890650        2.0235650877173241     
  0.43999999016523361       0.88418539138783125       0.40785978092921121        2.0235650877173241     
  0.42999999038875103       0.88922438071996202       0.39966100194030590        2.0235650877173241     
  0.41999999061226845       0.89416235928942500       0.39138248954858862        2.0235650877173241     
  0.40999999083578587       0.89899832260481893       0.38302584015325919        2.0235650877173241     
  0.39999999105930328       0.90373128625362642       0.37459266956524090        2.0235650877173241     
  0.38999999128282070       0.90836028615162778       0.36608461261070679        2.0235650877173241     
  0.37999999150633812       0.91288437878728268       0.35750332272932661        2.0235650877173241     
  0.36999999172985554       0.91730264146101881       0.34885047156734117        2.0235650877173241     
  0.35999999195337296       0.92161417251935052       0.34012774856558242        2.0235650877173241     
  0.34999999217689037       0.92581809158377171       0.33133686054255129        2.0235650877173241     
  0.33999999240040779       0.92991353977435209       0.32247953127267071        2.0235650877173241     
  0.32999999262392521       0.93389967992798029       0.31355750105983166        2.0235650877173241     
  0.31999999284744263       0.93777569681119111       0.30457252630635173        2.0235650877173241     
  0.30999999307096004       0.94154079732751184       0.29552637907746576        2.0235650877173241     
  0.29999999329447746       0.94519421071927956       0.28642084666147072        2.0235650877173241     
  0.28999999351799488       0.94873518876386975       0.27725773112564889        2.0235650877173241     
  0.27999999374151230       0.95216300596427716       0.26803884886809082        2.0235650877173241     
  0.26999999396502972       0.95547695973399982       0.25876603016554728        2.0235650877173241     
  0.25999999418854713       0.95867637057617727       0.24944111871743196        2.0235650877173241     
  0.24999999441206455       0.96176058225692773       0.24006597118610695        2.0235650877173241     
  0.23999999463558197       0.96472896197283742       0.23064245673357653        2.0235650877173241     
  0.22999999485909939       0.96758090051256052       0.22117245655472020        2.0235650877173241     
  0.21999999508261681       0.97031581241247611       0.21165786340719553        2.0235650877173241     
  0.20999999530613422       0.97293313610636656       0.20210058113814069        2.0235650877173241     
  0.19999999552965164       0.97543233406907048       0.19250252420781205        2.0235650877173241     
  0.18999999575316906       0.97781289295407403       0.18286561721028741        2.0235650877173241     
  0.17999999597668648       0.98007432372499825       0.17319179439136995        2.0235650877173241     
  0.16999999620020390       0.98221616178094939       0.16348299916382766        2.0235650877173241     
  0.15999999642372131       0.98423796707569666       0.15374118362010430        2.0235650877173241     
  0.14999999664723873       0.98613932423063888       0.14396830804263733        2.0235650877173241     
  0.13999999687075615       0.98791984264153976       0.13416634041192019        2.0235650877173241     
  0.12999999709427357       0.98957915657898710       0.12433725591244665        2.0235650877173241     
  0.11999999731779099       0.99111692528256312       0.11448303643667537        2.0235650877173241     
  0.10999999754130840       0.99253283304868634       0.10460567008715284        2.0235650877173241     
   9.9999997764825821E-002  0.99382658931210965        9.4707150676934790E-002   2.0235650877173241     
   8.9999997988343239E-002  0.99499792872104531        8.4789477228445043E-002   2.0235650877173241     
   7.9999998211860657E-002  0.99604661120590188        7.4854653470912580E-002   2.0235650877173241     
   6.9999998435378075E-002  0.99697242204160563        6.4904687336526559E-002   2.0235650877173241     
   5.9999998658895493E-002  0.99777517190349796        5.4941590455450974E-002   2.0235650877173241     
   4.9999998882412910E-002  0.99845469691678490        4.4967377649839602E-002   2.0235650877173241     
   3.9999999105930328E-002  0.99901085869953088        3.4984066426993005E-002   2.0235650877173241     
   2.9999999329447746E-002  0.99944354439917704        2.4993676471799092E-002   2.0235650877173241     
   1.9999999552965164E-002  0.99975266672258345        1.4998229138599283E-002   2.0235650877173241     
   9.9999997764825821E-003  0.99993816395957646        4.9997469426222877E-003   2.0235650877173241     
   0.0000000000000000        1.0000000000000000        0.0000000000000000        2.0235650877173241     
