   9.9999997764825821E-003   0.0000000000000000        0.0000000000000000     
   1.9999999552965164E-002   0.0000000000000000        0.0000000000000000     
   2.9999999329447746E-002   0.0000000000000000        0.0000000000000000     
   3.9999999105930328E-002   0.0000000000000000        0.0000000000000000     
   4.9999998882412910E-002   0.0000000000000000        0.0000000000000000     
   5.9999998658895493E-002   0.0000000000000000        0.0000000000000000     
   6.9999998435378075E-002   0.0000000000000000        0.0000000000000000     
   7.9999998211860657E-002   0.0000000000000000        0.0000000000000000     
   8.9999997988343239E-002   0.0000000000000000        0.0000000000000000     
   9.9999997764825821E-002   0.0000000000000000        0.0000000000000000     
  0.10999999754130840        0.0000000000000000        0.0000000000000000     
  0.11999999731779099        0.0000000000000000        0.0000000000000000     
  0.12999999709427357        0.0000000000000000        0.0000000000000000     
  0.13999999687075615        0.0000000000000000        0.0000000000000000     
  0.14999999664723873        0.0000000000000000        0.0000000000000000     
  0.15999999642372131        0.0000000000000000        0.0000000000000000     
  0.16999999620020390        0.0000000000000000        0.0000000000000000     
  0.17999999597668648        0.0000000000000000        0.0000000000000000     
  0.18999999575316906        0.0000000000000000        0.0000000000000000     
  0.19999999552965164        0.0000000000000000        0.0000000000000000     
  0.20999999530613422        0.0000000000000000        0.0000000000000000     
  0.21999999508261681        0.0000000000000000        0.0000000000000000     
  0.22999999485909939        0.0000000000000000        0.0000000000000000     
  0.23999999463558197        0.0000000000000000        0.0000000000000000     
  0.24999999441206455        0.0000000000000000        0.0000000000000000     
  0.25999999418854713        0.0000000000000000        0.0000000000000000     
  0.26999999396502972        0.0000000000000000        0.0000000000000000     
  0.27999999374151230        0.0000000000000000        0.0000000000000000     
  0.28999999351799488        0.0000000000000000        0.0000000000000000     
  0.29999999329447746        0.0000000000000000        0.0000000000000000     
  0.30999999307096004        0.0000000000000000        0.0000000000000000     
  0.31999999284744263        0.0000000000000000        0.0000000000000000     
  0.32999999262392521        0.0000000000000000        0.0000000000000000     
  0.33999999240040779        0.0000000000000000        0.0000000000000000     
  0.34999999217689037        0.0000000000000000        0.0000000000000000     
  0.35999999195337296        0.0000000000000000        0.0000000000000000     
  0.36999999172985554        0.0000000000000000        0.0000000000000000     
  0.37999999150633812        0.0000000000000000        0.0000000000000000     
  0.38999999128282070        0.0000000000000000        0.0000000000000000     
  0.39999999105930328        0.0000000000000000        0.0000000000000000     
  0.40999999083578587        0.0000000000000000        0.0000000000000000     
  0.41999999061226845        0.0000000000000000        0.0000000000000000     
  0.42999999038875103        0.0000000000000000        0.0000000000000000     
  0.43999999016523361        0.0000000000000000        0.0000000000000000     
  0.44999998994171619        0.0000000000000000        0.0000000000000000     
  0.45999998971819878        0.0000000000000000        0.0000000000000000     
  0.46999998949468136        0.0000000000000000        0.0000000000000000     
  0.47999998927116394        0.0000000000000000        0.0000000000000000     
  0.48999998904764652        0.0000000000000000        0.0000000000000000     
  0.49999998882412910        0.0000000000000000        0.0000000000000000     
  0.50999998860061169        0.0000000000000000        0.0000000000000000     
  0.51999998837709427        0.0000000000000000        0.0000000000000000     
  0.52999998815357685        0.0000000000000000        0.0000000000000000     
  0.53999998793005943        0.0000000000000000        0.0000000000000000     
  0.54999998770654202        0.0000000000000000        0.0000000000000000     
  0.55999998748302460        0.0000000000000000        0.0000000000000000     
  0.56999998725950718        0.0000000000000000        0.0000000000000000     
  0.57999998703598976        0.0000000000000000        0.0000000000000000     
  0.58999998681247234        0.0000000000000000        0.0000000000000000     
  0.59999998658895493        0.0000000000000000        0.0000000000000000     
  0.60999998636543751        0.0000000000000000        0.0000000000000000     
  0.61999998614192009        0.0000000000000000        0.0000000000000000     
  0.62999998591840267        0.0000000000000000        0.0000000000000000     
  0.63999998569488525        0.0000000000000000        0.0000000000000000     
  0.64999998547136784        0.0000000000000000        0.0000000000000000     
  0.65999998524785042        0.0000000000000000        0.0000000000000000     
  0.66999998502433300        0.0000000000000000        0.0000000000000000     
  0.67999998480081558        0.0000000000000000        0.0000000000000000     
  0.68999998457729816        0.0000000000000000        0.0000000000000000     
  0.69999998435378075        0.0000000000000000        0.0000000000000000     
  0.70999998413026333        0.0000000000000000        0.0000000000000000     
  0.71999998390674591        0.0000000000000000        0.0000000000000000     
  0.72999998368322849        0.0000000000000000        0.0000000000000000     
  0.73999998345971107        0.0000000000000000        0.0000000000000000     
  0.74999998323619366        0.0000000000000000        0.0000000000000000     
  0.75999998301267624        0.0000000000000000        0.0000000000000000     
  0.76999998278915882        0.0000000000000000        0.0000000000000000     
  0.77999998256564140        0.0000000000000000        0.0000000000000000     
  0.78999998234212399        0.0000000000000000        0.0000000000000000     
  0.79999998211860657        0.0000000000000000        0.0000000000000000     
  0.80999998189508915        0.0000000000000000        0.0000000000000000     
  0.81999998167157173        0.0000000000000000        0.0000000000000000     
  0.82999998144805431        0.0000000000000000        0.0000000000000000     
  0.83999998122453690        0.0000000000000000        0.0000000000000000     
  0.84999998100101948        0.0000000000000000        0.0000000000000000     
  0.85999998077750206        0.0000000000000000        0.0000000000000000     
  0.86999998055398464        0.0000000000000000        0.0000000000000000     
  0.87999998033046722        0.0000000000000000        0.0000000000000000     
  0.88999998010694981        0.0000000000000000        0.0000000000000000     
  0.89999997988343239        0.0000000000000000        0.0000000000000000     
  0.90999997965991497        0.0000000000000000        0.0000000000000000     
  0.91999997943639755        0.0000000000000000        0.0000000000000000     
  0.92999997921288013        0.0000000000000000        0.0000000000000000     
  0.93999997898936272        0.0000000000000000        0.0000000000000000     
  0.94999997876584530        0.0000000000000000        0.0000000000000000     
  0.95999997854232788        0.0000000000000000        0.0000000000000000     
  0.96999997831881046        0.0000000000000000        0.0000000000000000     
  0.97999997809529305        0.0000000000000000        0.0000000000000000     
  0.98999997787177563        0.0000000000000000        0.0000000000000000     
  0.99999997764825821        0.0000000000000000        0.0000000000000000     
   1.0099999774247408        0.0000000000000000        0.0000000000000000     
   1.0199999772012234        0.0000000000000000        0.0000000000000000     
   1.0299999769777060        0.0000000000000000        0.0000000000000000     
   1.0399999767541885        0.0000000000000000        0.0000000000000000     
   1.0499999765306711        0.0000000000000000        0.0000000000000000     
   1.0599999763071537        0.0000000000000000        0.0000000000000000     
   1.0699999760836363        0.0000000000000000        0.0000000000000000     
   1.0799999758601189        0.0000000000000000        0.0000000000000000     
   1.0899999756366014        0.0000000000000000        0.0000000000000000     
   1.0999999754130840        0.0000000000000000        0.0000000000000000     
   1.1099999751895666        0.0000000000000000        0.0000000000000000     
   1.1199999749660492        0.0000000000000000        0.0000000000000000     
   1.1299999747425318        0.0000000000000000        0.0000000000000000     
   1.1399999745190144        0.0000000000000000        0.0000000000000000     
   1.1499999742954969        0.0000000000000000        0.0000000000000000     
   1.1599999740719795        0.0000000000000000        0.0000000000000000     
   1.1699999738484621        0.0000000000000000        0.0000000000000000     
   1.1799999736249447        0.0000000000000000        0.0000000000000000     
   1.1899999734014273        0.0000000000000000        0.0000000000000000     
   1.1999999731779099        0.0000000000000000        0.0000000000000000     
   1.2099999729543924        0.0000000000000000        0.0000000000000000     
   1.2199999727308750        0.0000000000000000        0.0000000000000000     
   1.2299999725073576        0.0000000000000000        0.0000000000000000     
   1.2399999722838402        0.0000000000000000        0.0000000000000000     
   1.2499999720603228        0.0000000000000000        0.0000000000000000     
   1.2599999718368053        0.0000000000000000        0.0000000000000000     
   1.2699999716132879        0.0000000000000000        0.0000000000000000     
   1.2799999713897705        0.0000000000000000        0.0000000000000000     
   1.2899999711662531        0.0000000000000000        0.0000000000000000     
   1.2999999709427357        0.0000000000000000        0.0000000000000000     
   1.3099999707192183        0.0000000000000000        0.0000000000000000     
   1.3199999704957008        0.0000000000000000        0.0000000000000000     
   1.3299999702721834        0.0000000000000000        0.0000000000000000     
   1.3399999700486660        0.0000000000000000        0.0000000000000000     
   1.3499999698251486        0.0000000000000000        0.0000000000000000     
   1.3599999696016312        0.0000000000000000        0.0000000000000000     
   1.3699999693781137        0.0000000000000000        0.0000000000000000     
   1.3799999691545963        0.0000000000000000        0.0000000000000000     
   1.3899999689310789        0.0000000000000000        0.0000000000000000     
   1.3999999687075615        0.0000000000000000        0.0000000000000000     
   1.4099999684840441        0.0000000000000000        0.0000000000000000     
   1.4199999682605267        0.0000000000000000        0.0000000000000000     
   1.4299999680370092        0.0000000000000000        0.0000000000000000     
   1.4399999678134918        0.0000000000000000        0.0000000000000000     
   1.4499999675899744        0.0000000000000000        0.0000000000000000     
   1.4599999673664570        0.0000000000000000        0.0000000000000000     
   1.4699999671429396        0.0000000000000000        0.0000000000000000     
   1.4799999669194221        0.0000000000000000        0.0000000000000000     
   1.4899999666959047        0.0000000000000000        0.0000000000000000     
   1.4999999664723873        0.0000000000000000        0.0000000000000000     
   1.5099999662488699        0.0000000000000000        0.0000000000000000     
   1.5199999660253525        0.0000000000000000        0.0000000000000000     
   1.5299999658018351        0.0000000000000000        0.0000000000000000     
   1.5399999655783176        0.0000000000000000        0.0000000000000000     
   1.5499999653548002        0.0000000000000000        0.0000000000000000     
   1.5599999651312828        0.0000000000000000        0.0000000000000000     
   1.5699999649077654        0.0000000000000000        0.0000000000000000     
   1.5799999646842480        0.0000000000000000        0.0000000000000000     
   1.5899999644607306        0.0000000000000000        0.0000000000000000     
   1.5999999642372131        0.0000000000000000        0.0000000000000000     
   1.6099999640136957        0.0000000000000000        0.0000000000000000     
   1.6199999637901783        0.0000000000000000        0.0000000000000000     
   1.6299999635666609        0.0000000000000000        0.0000000000000000     
   1.6399999633431435        0.0000000000000000        0.0000000000000000     
   1.6499999631196260        0.0000000000000000        0.0000000000000000     
   1.6599999628961086        0.0000000000000000        0.0000000000000000     
   1.6699999626725912        0.0000000000000000        0.0000000000000000     
   1.6799999624490738        0.0000000000000000        0.0000000000000000     
   1.6899999622255564        0.0000000000000000        0.0000000000000000     
   1.6999999620020390        0.0000000000000000        0.0000000000000000     
   1.7099999617785215        0.0000000000000000        0.0000000000000000     
   1.7199999615550041        0.0000000000000000        0.0000000000000000     
   1.7299999613314867        0.0000000000000000        0.0000000000000000     
   1.7399999611079693        0.0000000000000000        0.0000000000000000     
   1.7499999608844519        0.0000000000000000        0.0000000000000000     
   1.7599999606609344        0.0000000000000000        0.0000000000000000     
   1.7699999604374170        0.0000000000000000        0.0000000000000000     
   1.7799999602138996        0.0000000000000000        0.0000000000000000     
   1.7899999599903822        0.0000000000000000        0.0000000000000000     
   1.7999999597668648        0.0000000000000000        0.0000000000000000     
   1.8099999595433474        0.0000000000000000        0.0000000000000000     
   1.8199999593198299        0.0000000000000000        0.0000000000000000     
   1.8299999590963125        0.0000000000000000        0.0000000000000000     
   1.8399999588727951        0.0000000000000000        0.0000000000000000     
   1.8499999586492777        0.0000000000000000        0.0000000000000000     
   1.8599999584257603        0.0000000000000000        0.0000000000000000     
   1.8699999582022429        0.0000000000000000        0.0000000000000000     
   1.8799999579787254        0.0000000000000000        0.0000000000000000     
   1.8899999577552080        0.0000000000000000        0.0000000000000000     
   1.8999999575316906        0.0000000000000000        0.0000000000000000     
   1.9099999573081732        0.0000000000000000        0.0000000000000000     
   1.9199999570846558        0.0000000000000000        0.0000000000000000     
   1.9299999568611383        0.0000000000000000        0.0000000000000000     
   1.9399999566376209        0.0000000000000000        0.0000000000000000     
   1.9499999564141035        0.0000000000000000        0.0000000000000000     
   1.9599999561905861        0.0000000000000000        0.0000000000000000     
   1.9699999559670687        0.0000000000000000        0.0000000000000000     
   1.9799999557435513        0.0000000000000000        0.0000000000000000     
   1.9899999555200338        0.0000000000000000        0.0000000000000000     
   1.9999999552965164        0.0000000000000000        0.0000000000000000     
   2.0099999550729990        0.0000000000000000        0.0000000000000000     
   2.0199999548494816        0.0000000000000000        0.0000000000000000     
   2.0299999546259642        0.0000000000000000        0.0000000000000000     
   2.0399999544024467        0.0000000000000000        0.0000000000000000     
   2.0499999541789293        0.0000000000000000        0.0000000000000000     
   2.0599999539554119        0.0000000000000000        0.0000000000000000     
   2.0699999537318945        0.0000000000000000        0.0000000000000000     
   2.0799999535083771        0.0000000000000000        0.0000000000000000     
   2.0899999532848597        0.0000000000000000        0.0000000000000000     
   2.0999999530613422        0.0000000000000000        0.0000000000000000     
   2.1099999528378248        0.0000000000000000        0.0000000000000000     
   2.1199999526143074        0.0000000000000000        0.0000000000000000     
   2.1299999523907900        0.0000000000000000        0.0000000000000000     
   2.1399999521672726        0.0000000000000000        0.0000000000000000     
   2.1499999519437551        0.0000000000000000        0.0000000000000000     
   2.1599999517202377        0.0000000000000000        0.0000000000000000     
   2.1699999514967203        0.0000000000000000        0.0000000000000000     
   2.1799999512732029        0.0000000000000000        0.0000000000000000     
   2.1899999510496855        0.0000000000000000        0.0000000000000000     
   2.1999999508261681        0.0000000000000000        0.0000000000000000     
   2.2099999506026506        0.0000000000000000        0.0000000000000000     
   2.2199999503791332        0.0000000000000000        0.0000000000000000     
   2.2299999501556158        0.0000000000000000        0.0000000000000000     
   2.2399999499320984        0.0000000000000000        0.0000000000000000     
   2.2499999497085810        0.0000000000000000        0.0000000000000000     
   2.2599999494850636        0.0000000000000000        0.0000000000000000     
   2.2699999492615461        0.0000000000000000        0.0000000000000000     
   2.2799999490380287        0.0000000000000000        0.0000000000000000     
   2.2899999488145113        0.0000000000000000        0.0000000000000000     
   2.2999999485909939        0.0000000000000000        0.0000000000000000     
   2.3099999483674765        0.0000000000000000        0.0000000000000000     
   2.3199999481439590        0.0000000000000000        0.0000000000000000     
   2.3299999479204416        0.0000000000000000        0.0000000000000000     
   2.3399999476969242        0.0000000000000000        0.0000000000000000     
   2.3499999474734068        0.0000000000000000        0.0000000000000000     
   2.3599999472498894        0.0000000000000000        0.0000000000000000     
   2.3699999470263720        0.0000000000000000        0.0000000000000000     
   2.3799999468028545        0.0000000000000000        0.0000000000000000     
   2.3899999465793371        0.0000000000000000        0.0000000000000000     
   2.3999999463558197        0.0000000000000000        0.0000000000000000     
   2.4099999461323023        0.0000000000000000        0.0000000000000000     
   2.4199999459087849        0.0000000000000000        0.0000000000000000     
   2.4299999456852674        0.0000000000000000        0.0000000000000000     
   2.4399999454617500        0.0000000000000000        0.0000000000000000     
   2.4499999452382326        0.0000000000000000        0.0000000000000000     
   2.4599999450147152        0.0000000000000000        0.0000000000000000     
   2.4699999447911978        0.0000000000000000        0.0000000000000000     
   2.4799999445676804        0.0000000000000000        0.0000000000000000     
   2.4899999443441629        0.0000000000000000        0.0000000000000000     
   2.4999999441206455        0.0000000000000000        0.0000000000000000     
   2.5099999438971281        0.0000000000000000        0.0000000000000000     
   2.5199999436736107        0.0000000000000000        0.0000000000000000     
   2.5299999434500933        0.0000000000000000        0.0000000000000000     
   2.5399999432265759        0.0000000000000000        0.0000000000000000     
   2.5499999430030584        0.0000000000000000        0.0000000000000000     
   2.5599999427795410        0.0000000000000000        0.0000000000000000     
   2.5699999425560236        0.0000000000000000        0.0000000000000000     
   2.5799999423325062        0.0000000000000000        0.0000000000000000     
   2.5899999421089888        0.0000000000000000        0.0000000000000000     
   2.5999999418854713        0.0000000000000000        0.0000000000000000     
   2.6099999416619539        0.0000000000000000        0.0000000000000000     
   2.6199999414384365        0.0000000000000000        0.0000000000000000     
   2.6299999412149191        0.0000000000000000        0.0000000000000000     
   2.6399999409914017        0.0000000000000000        0.0000000000000000     
   2.6499999407678843        0.0000000000000000        0.0000000000000000     
   2.6599999405443668        0.0000000000000000        0.0000000000000000     
   2.6699999403208494        0.0000000000000000        0.0000000000000000     
   2.6799999400973320        0.0000000000000000        0.0000000000000000     
   2.6899999398738146        0.0000000000000000        0.0000000000000000     
   2.6999999396502972        0.0000000000000000        0.0000000000000000     
   2.7099999394267797        0.0000000000000000        0.0000000000000000     
   2.7199999392032623        0.0000000000000000        0.0000000000000000     
   2.7299999389797449        0.0000000000000000        0.0000000000000000     
   2.7399999387562275        0.0000000000000000        0.0000000000000000     
   2.7499999385327101        0.0000000000000000        0.0000000000000000     
   2.7599999383091927        0.0000000000000000        0.0000000000000000     
   2.7699999380856752        0.0000000000000000        0.0000000000000000     
   2.7799999378621578        0.0000000000000000        0.0000000000000000     
   2.7899999376386404        0.0000000000000000        0.0000000000000000     
   2.7999999374151230        0.0000000000000000        0.0000000000000000     
   2.8099999371916056        0.0000000000000000        0.0000000000000000     
   2.8199999369680882        0.0000000000000000        0.0000000000000000     
   2.8299999367445707        0.0000000000000000        0.0000000000000000     
   2.8399999365210533        0.0000000000000000        0.0000000000000000     
   2.8499999362975359        0.0000000000000000        0.0000000000000000     
   2.8599999360740185        0.0000000000000000        0.0000000000000000     
   2.8699999358505011        0.0000000000000000        0.0000000000000000     
   2.8799999356269836        0.0000000000000000        0.0000000000000000     
   2.8899999354034662        0.0000000000000000        0.0000000000000000     
   2.8999999351799488        0.0000000000000000        0.0000000000000000     
   2.9099999349564314        0.0000000000000000        0.0000000000000000     
   2.9199999347329140        0.0000000000000000        0.0000000000000000     
   2.9299999345093966        0.0000000000000000        0.0000000000000000     
   2.9399999342858791        0.0000000000000000        0.0000000000000000     
   2.9499999340623617        0.0000000000000000        0.0000000000000000     
   2.9599999338388443        0.0000000000000000        0.0000000000000000     
   2.9699999336153269        0.0000000000000000        0.0000000000000000     
   2.9799999333918095        0.0000000000000000        0.0000000000000000     
   2.9899999331682920        0.0000000000000000        0.0000000000000000     
   2.9999999329447746        0.0000000000000000        0.0000000000000000     
   3.0099999327212572        0.0000000000000000        0.0000000000000000     
   3.0199999324977398        0.0000000000000000        0.0000000000000000     
   3.0299999322742224        0.0000000000000000        0.0000000000000000     
   3.0399999320507050        0.0000000000000000        0.0000000000000000     
   3.0499999318271875        0.0000000000000000        0.0000000000000000     
   3.0599999316036701        0.0000000000000000        0.0000000000000000     
   3.0699999313801527        0.0000000000000000        0.0000000000000000     
   3.0799999311566353        0.0000000000000000        0.0000000000000000     
   3.0899999309331179        0.0000000000000000        0.0000000000000000     
   3.0999999307096004        0.0000000000000000        0.0000000000000000     
   3.1099999304860830        0.0000000000000000        0.0000000000000000     
   3.1199999302625656        0.0000000000000000        0.0000000000000000     
   3.1299999300390482        0.0000000000000000        0.0000000000000000     
   3.1399999298155308        0.0000000000000000        0.0000000000000000     
   3.1499999295920134        0.0000000000000000        0.0000000000000000     
   3.1599999293684959        0.0000000000000000        0.0000000000000000     
   3.1699999291449785        0.0000000000000000        0.0000000000000000     
   3.1799999289214611        0.0000000000000000        0.0000000000000000     
   3.1899999286979437        0.0000000000000000        0.0000000000000000     
   3.1999999284744263        0.0000000000000000        0.0000000000000000     
   3.2099999282509089        0.0000000000000000        0.0000000000000000     
   3.2199999280273914        0.0000000000000000        0.0000000000000000     
   3.2299999278038740        0.0000000000000000        0.0000000000000000     
   3.2399999275803566        0.0000000000000000        0.0000000000000000     
   3.2499999273568392        0.0000000000000000        0.0000000000000000     
   3.2599999271333218        0.0000000000000000        0.0000000000000000     
   3.2699999269098043        0.0000000000000000        0.0000000000000000     
   3.2799999266862869        0.0000000000000000        0.0000000000000000     
   3.2899999264627695        0.0000000000000000        0.0000000000000000     
   3.2999999262392521        0.0000000000000000        0.0000000000000000     
   3.3099999260157347        0.0000000000000000        0.0000000000000000     
   3.3199999257922173        0.0000000000000000        0.0000000000000000     
   3.3299999255686998        0.0000000000000000        0.0000000000000000     
   3.3399999253451824        0.0000000000000000        0.0000000000000000     
   3.3499999251216650        0.0000000000000000        0.0000000000000000     
   3.3599999248981476        0.0000000000000000        0.0000000000000000     
   3.3699999246746302        0.0000000000000000        0.0000000000000000     
   3.3799999244511127        0.0000000000000000        0.0000000000000000     
   3.3899999242275953        0.0000000000000000        0.0000000000000000     
   3.3999999240040779        0.0000000000000000        0.0000000000000000     
   3.4099999237805605        0.0000000000000000        0.0000000000000000     
   3.4199999235570431        0.0000000000000000        0.0000000000000000     
   3.4299999233335257        0.0000000000000000        0.0000000000000000     
   3.4399999231100082        0.0000000000000000        0.0000000000000000     
   3.4499999228864908        0.0000000000000000        0.0000000000000000     
   3.4599999226629734        0.0000000000000000        0.0000000000000000     
   3.4699999224394560        0.0000000000000000        0.0000000000000000     
   3.4799999222159386        0.0000000000000000        0.0000000000000000     
   3.4899999219924212        0.0000000000000000        0.0000000000000000     
   3.4999999217689037        0.0000000000000000        0.0000000000000000     
   3.5099999215453863        0.0000000000000000        0.0000000000000000     
   3.5199999213218689        0.0000000000000000        0.0000000000000000     
   3.5299999210983515        0.0000000000000000        0.0000000000000000     
   3.5399999208748341        0.0000000000000000        0.0000000000000000     
   3.5499999206513166        0.0000000000000000        0.0000000000000000     
   3.5599999204277992        0.0000000000000000        0.0000000000000000     
   3.5699999202042818        0.0000000000000000        0.0000000000000000     
   3.5799999199807644        0.0000000000000000        0.0000000000000000     
   3.5899999197572470        0.0000000000000000        0.0000000000000000     
   3.5999999195337296        0.0000000000000000        0.0000000000000000     
   3.6099999193102121        0.0000000000000000        0.0000000000000000     
   3.6199999190866947        0.0000000000000000        0.0000000000000000     
   3.6299999188631773        0.0000000000000000        0.0000000000000000     
   3.6399999186396599        0.0000000000000000        0.0000000000000000     
   3.6499999184161425        0.0000000000000000        0.0000000000000000     
   3.6599999181926250        0.0000000000000000        0.0000000000000000     
   3.6699999179691076        0.0000000000000000        0.0000000000000000     
   3.6799999177455902        0.0000000000000000        0.0000000000000000     
   3.6899999175220728        0.0000000000000000        0.0000000000000000     
   3.6999999172985554        0.0000000000000000        0.0000000000000000     
   3.7099999170750380        0.0000000000000000        0.0000000000000000     
   3.7199999168515205        0.0000000000000000        0.0000000000000000     
   3.7299999166280031        0.0000000000000000        0.0000000000000000     
   3.7399999164044857        0.0000000000000000        0.0000000000000000     
   3.7499999161809683        0.0000000000000000        0.0000000000000000     
   3.7599999159574509        0.0000000000000000        0.0000000000000000     
   3.7699999157339334        0.0000000000000000        0.0000000000000000     
   3.7799999155104160        0.0000000000000000        0.0000000000000000     
   3.7899999152868986        0.0000000000000000        0.0000000000000000     
   3.7999999150633812        0.0000000000000000        0.0000000000000000     
   3.8099999148398638        0.0000000000000000        0.0000000000000000     
   3.8199999146163464        0.0000000000000000        0.0000000000000000     
   3.8299999143928289        0.0000000000000000        0.0000000000000000     
   3.8399999141693115        0.0000000000000000        0.0000000000000000     
   3.8499999139457941        0.0000000000000000        0.0000000000000000     
   3.8599999137222767        0.0000000000000000        0.0000000000000000     
   3.8699999134987593        0.0000000000000000        0.0000000000000000     
   3.8799999132752419        0.0000000000000000        0.0000000000000000     
   3.8899999130517244        0.0000000000000000        0.0000000000000000     
   3.8999999128282070        0.0000000000000000        0.0000000000000000     
   3.9099999126046896        0.0000000000000000        0.0000000000000000     
   3.9199999123811722        0.0000000000000000        0.0000000000000000     
   3.9299999121576548        0.0000000000000000        0.0000000000000000     
   3.9399999119341373        0.0000000000000000        0.0000000000000000     
   3.9499999117106199        0.0000000000000000        0.0000000000000000     
   3.9599999114871025        0.0000000000000000        0.0000000000000000     
   3.9699999112635851        0.0000000000000000        0.0000000000000000     
   3.9799999110400677        0.0000000000000000        0.0000000000000000     
   3.9899999108165503        0.0000000000000000        0.0000000000000000     
   3.9999999105930328        0.0000000000000000        0.0000000000000000     
   4.0099999103695154        0.0000000000000000        0.0000000000000000     
   4.0199999101459980        0.0000000000000000        0.0000000000000000     
   4.0299999099224806        0.0000000000000000        0.0000000000000000     
   4.0399999096989632        0.0000000000000000        0.0000000000000000     
   4.0499999094754457        0.0000000000000000        0.0000000000000000     
   4.0599999092519283        0.0000000000000000        0.0000000000000000     
   4.0699999090284109        0.0000000000000000        0.0000000000000000     
   4.0799999088048935        0.0000000000000000        0.0000000000000000     
   4.0899999085813761        0.0000000000000000        0.0000000000000000     
   4.0999999083578587        0.0000000000000000        0.0000000000000000     
   4.1099999081343412        0.0000000000000000        0.0000000000000000     
   4.1199999079108238        0.0000000000000000        0.0000000000000000     
   4.1299999076873064        0.0000000000000000        0.0000000000000000     
   4.1399999074637890        0.0000000000000000        0.0000000000000000     
   4.1499999072402716        0.0000000000000000        0.0000000000000000     
   4.1599999070167542        0.0000000000000000        0.0000000000000000     
   4.1699999067932367        0.0000000000000000        0.0000000000000000     
   4.1799999065697193        0.0000000000000000        0.0000000000000000     
   4.1899999063462019        0.0000000000000000        0.0000000000000000     
   4.1999999061226845        0.0000000000000000        0.0000000000000000     
   4.2099999058991671        0.0000000000000000        0.0000000000000000     
   4.2199999056756496        0.0000000000000000        0.0000000000000000     
   4.2299999054521322        0.0000000000000000        0.0000000000000000     
   4.2399999052286148        0.0000000000000000        0.0000000000000000     
   4.2499999050050974        0.0000000000000000        0.0000000000000000     
   4.2599999047815800        0.0000000000000000        0.0000000000000000     
   4.2699999045580626        0.0000000000000000        0.0000000000000000     
   4.2799999043345451        0.0000000000000000        0.0000000000000000     
   4.2899999041110277        0.0000000000000000        0.0000000000000000     
   4.2999999038875103        0.0000000000000000        0.0000000000000000     
   4.3099999036639929        0.0000000000000000        0.0000000000000000     
   4.3199999034404755        0.0000000000000000        0.0000000000000000     
   4.3299999032169580        0.0000000000000000        0.0000000000000000     
   4.3399999029934406        0.0000000000000000        0.0000000000000000     
   4.3499999027699232        0.0000000000000000        0.0000000000000000     
   4.3599999025464058        0.0000000000000000        0.0000000000000000     
   4.3699999023228884        0.0000000000000000        0.0000000000000000     
   4.3799999020993710        0.0000000000000000        0.0000000000000000     
   4.3899999018758535        0.0000000000000000        0.0000000000000000     
   4.3999999016523361        0.0000000000000000        0.0000000000000000     
   4.4099999014288187        0.0000000000000000        0.0000000000000000     
   4.4199999012053013        0.0000000000000000        0.0000000000000000     
   4.4299999009817839        0.0000000000000000        0.0000000000000000     
   4.4399999007582664        0.0000000000000000        0.0000000000000000     
   4.4499999005347490        0.0000000000000000        0.0000000000000000     
   4.4599999003112316        0.0000000000000000        0.0000000000000000     
   4.4699999000877142        0.0000000000000000        0.0000000000000000     
   4.4799998998641968        0.0000000000000000        0.0000000000000000     
   4.4899998996406794        0.0000000000000000        0.0000000000000000     
   4.4999998994171619        0.0000000000000000        0.0000000000000000     
   4.5099998991936445        0.0000000000000000        0.0000000000000000     
   4.5199998989701271        0.0000000000000000        0.0000000000000000     
   4.5299998987466097        0.0000000000000000        0.0000000000000000     
   4.5399998985230923        0.0000000000000000        0.0000000000000000     
   4.5499998982995749        0.0000000000000000        0.0000000000000000     
   4.5599998980760574        0.0000000000000000        0.0000000000000000     
   4.5699998978525400        0.0000000000000000        0.0000000000000000     
   4.5799998976290226        0.0000000000000000        0.0000000000000000     
   4.5899998974055052        0.0000000000000000        0.0000000000000000     
   4.5999998971819878        0.0000000000000000        0.0000000000000000     
   4.6099998969584703        0.0000000000000000        0.0000000000000000     
   4.6199998967349529        0.0000000000000000        0.0000000000000000     
   4.6299998965114355        0.0000000000000000        0.0000000000000000     
   4.6399998962879181        0.0000000000000000        0.0000000000000000     
   4.6499998960644007        0.0000000000000000        0.0000000000000000     
   4.6599998958408833        0.0000000000000000        0.0000000000000000     
   4.6699998956173658        0.0000000000000000        0.0000000000000000     
   4.6799998953938484        0.0000000000000000        0.0000000000000000     
   4.6899998951703310        0.0000000000000000        0.0000000000000000     
   4.6999998949468136        0.0000000000000000        0.0000000000000000     
   4.7099998947232962        0.0000000000000000        0.0000000000000000     
   4.7199998944997787        0.0000000000000000        0.0000000000000000     
   4.7299998942762613        0.0000000000000000        0.0000000000000000     
   4.7399998940527439        0.0000000000000000        0.0000000000000000     
   4.7499998938292265        0.0000000000000000        0.0000000000000000     
   4.7599998936057091        0.0000000000000000        0.0000000000000000     
   4.7699998933821917        0.0000000000000000        0.0000000000000000     
   4.7799998931586742        0.0000000000000000        0.0000000000000000     
   4.7899998929351568        0.0000000000000000        0.0000000000000000     
   4.7999998927116394        0.0000000000000000        0.0000000000000000     
   4.8099998924881220        0.0000000000000000        0.0000000000000000     
   4.8199998922646046        0.0000000000000000        0.0000000000000000     
   4.8299998920410872        0.0000000000000000        0.0000000000000000     
   4.8399998918175697        0.0000000000000000        0.0000000000000000     
   4.8499998915940523        0.0000000000000000        0.0000000000000000     
   4.8599998913705349        0.0000000000000000        0.0000000000000000     
   4.8699998911470175        0.0000000000000000        0.0000000000000000     
   4.8799998909235001        0.0000000000000000        0.0000000000000000     
   4.8899998906999826        0.0000000000000000        0.0000000000000000     
   4.8999998904764652        0.0000000000000000        0.0000000000000000     
   4.9099998902529478        0.0000000000000000        0.0000000000000000     
   4.9199998900294304        0.0000000000000000        0.0000000000000000     
   4.9299998898059130        0.0000000000000000        0.0000000000000000     
   4.9399998895823956        0.0000000000000000        0.0000000000000000     
   4.9499998893588781        0.0000000000000000        0.0000000000000000     
   4.9599998891353607        0.0000000000000000        0.0000000000000000     
   4.9699998889118433        0.0000000000000000        0.0000000000000000     
   4.9799998886883259        0.0000000000000000        0.0000000000000000     
   4.9899998884648085        0.0000000000000000        0.0000000000000000     
   4.9999998882412910        0.0000000000000000        0.0000000000000000     
   5.0099998880177736        0.0000000000000000        0.0000000000000000     
   5.0199998877942562        0.0000000000000000        0.0000000000000000     
   5.0299998875707388        0.0000000000000000        0.0000000000000000     
   5.0399998873472214        0.0000000000000000        0.0000000000000000     
   5.0499998871237040        0.0000000000000000        0.0000000000000000     
   5.0599998869001865        0.0000000000000000        0.0000000000000000     
   5.0699998866766691        0.0000000000000000        0.0000000000000000     
   5.0799998864531517        0.0000000000000000        0.0000000000000000     
   5.0899998862296343        0.0000000000000000        0.0000000000000000     
   5.0999998860061169        0.0000000000000000        0.0000000000000000     
   5.1099998857825994        0.0000000000000000        0.0000000000000000     
   5.1199998855590820        0.0000000000000000        0.0000000000000000     
   5.1299998853355646        0.0000000000000000        0.0000000000000000     
   5.1399998851120472        0.0000000000000000        0.0000000000000000     
   5.1499998848885298        0.0000000000000000        0.0000000000000000     
   5.1599998846650124        0.0000000000000000        0.0000000000000000     
   5.1699998844414949        0.0000000000000000        0.0000000000000000     
   5.1799998842179775        0.0000000000000000        0.0000000000000000     
   5.1899998839944601        0.0000000000000000        0.0000000000000000     
   5.1999998837709427        0.0000000000000000        0.0000000000000000     
   5.2099998835474253        0.0000000000000000        0.0000000000000000     
   5.2199998833239079        0.0000000000000000        0.0000000000000000     
   5.2299998831003904        0.0000000000000000        0.0000000000000000     
   5.2399998828768730        0.0000000000000000        0.0000000000000000     
   5.2499998826533556        0.0000000000000000        0.0000000000000000     
   5.2599998824298382        0.0000000000000000        0.0000000000000000     
   5.2699998822063208        0.0000000000000000        0.0000000000000000     
   5.2799998819828033        0.0000000000000000        0.0000000000000000     
   5.2899998817592859        0.0000000000000000        0.0000000000000000     
   5.2999998815357685        0.0000000000000000        0.0000000000000000     
   5.3099998813122511        0.0000000000000000        0.0000000000000000     
   5.3199998810887337        0.0000000000000000        0.0000000000000000     
   5.3299998808652163        0.0000000000000000        0.0000000000000000     
   5.3399998806416988        0.0000000000000000        0.0000000000000000     
   5.3499998804181814        0.0000000000000000        0.0000000000000000     
   5.3599998801946640        0.0000000000000000        0.0000000000000000     
   5.3699998799711466        0.0000000000000000        0.0000000000000000     
   5.3799998797476292        0.0000000000000000        0.0000000000000000     
   5.3899998795241117        0.0000000000000000        0.0000000000000000     
   5.3999998793005943        0.0000000000000000        0.0000000000000000     
   5.4099998790770769        0.0000000000000000        0.0000000000000000     
   5.4199998788535595        0.0000000000000000        0.0000000000000000     
   5.4299998786300421        0.0000000000000000        0.0000000000000000     
   5.4399998784065247        0.0000000000000000        0.0000000000000000     
   5.4499998781830072        0.0000000000000000        0.0000000000000000     
   5.4599998779594898        0.0000000000000000        0.0000000000000000     
   5.4699998777359724        0.0000000000000000        0.0000000000000000     
   5.4799998775124550        0.0000000000000000        0.0000000000000000     
   5.4899998772889376        0.0000000000000000        0.0000000000000000     
   5.4999998770654202        0.0000000000000000        0.0000000000000000     
   5.5099998768419027        0.0000000000000000        0.0000000000000000     
   5.5199998766183853        0.0000000000000000        0.0000000000000000     
   5.5299998763948679        0.0000000000000000        0.0000000000000000     
   5.5399998761713505        0.0000000000000000        0.0000000000000000     
   5.5499998759478331        0.0000000000000000        0.0000000000000000     
   5.5599998757243156        0.0000000000000000        0.0000000000000000     
   5.5699998755007982        0.0000000000000000        0.0000000000000000     
   5.5799998752772808        0.0000000000000000        0.0000000000000000     
   5.5899998750537634        0.0000000000000000        0.0000000000000000     
   5.5999998748302460        0.0000000000000000        0.0000000000000000     
   5.6099998746067286        0.0000000000000000        0.0000000000000000     
   5.6199998743832111        0.0000000000000000        0.0000000000000000     
   5.6299998741596937        0.0000000000000000        0.0000000000000000     
   5.6399998739361763        0.0000000000000000        0.0000000000000000     
   5.6499998737126589        0.0000000000000000        0.0000000000000000     
   5.6599998734891415        0.0000000000000000        0.0000000000000000     
   5.6699998732656240        0.0000000000000000        0.0000000000000000     
   5.6799998730421066        0.0000000000000000        0.0000000000000000     
   5.6899998728185892        0.0000000000000000        0.0000000000000000     
   5.6999998725950718        0.0000000000000000        0.0000000000000000     
   5.7099998723715544        0.0000000000000000        0.0000000000000000     
   5.7199998721480370        0.0000000000000000        0.0000000000000000     
   5.7299998719245195        0.0000000000000000        0.0000000000000000     
   5.7399998717010021        0.0000000000000000        0.0000000000000000     
   5.7499998714774847        0.0000000000000000        0.0000000000000000     
   5.7599998712539673        0.0000000000000000        0.0000000000000000     
   5.7699998710304499        0.0000000000000000        0.0000000000000000     
   5.7799998708069324        0.0000000000000000        0.0000000000000000     
   5.7899998705834150        0.0000000000000000        0.0000000000000000     
   5.7999998703598976        0.0000000000000000        0.0000000000000000     
   5.8099998701363802        0.0000000000000000        0.0000000000000000     
   5.8199998699128628        0.0000000000000000        0.0000000000000000     
   5.8299998696893454        0.0000000000000000        0.0000000000000000     
   5.8399998694658279        0.0000000000000000        0.0000000000000000     
   5.8499998692423105        0.0000000000000000        0.0000000000000000     
   5.8599998690187931        0.0000000000000000        0.0000000000000000     
   5.8699998687952757        0.0000000000000000        0.0000000000000000     
   5.8799998685717583        0.0000000000000000        0.0000000000000000     
   5.8899998683482409        0.0000000000000000        0.0000000000000000     
   5.8999998681247234        0.0000000000000000        0.0000000000000000     
   5.9099998679012060        0.0000000000000000        0.0000000000000000     
   5.9199998676776886        0.0000000000000000        0.0000000000000000     
   5.9299998674541712        0.0000000000000000        0.0000000000000000     
   5.9399998672306538        0.0000000000000000        0.0000000000000000     
   5.9499998670071363        0.0000000000000000        0.0000000000000000     
   5.9599998667836189        0.0000000000000000        0.0000000000000000     
   5.9699998665601015        0.0000000000000000        0.0000000000000000     
   5.9799998663365841        0.0000000000000000        0.0000000000000000     
   5.9899998661130667        0.0000000000000000        0.0000000000000000     
   5.9999998658895493        0.0000000000000000        0.0000000000000000     
   6.0099998656660318        0.0000000000000000        0.0000000000000000     
   6.0199998654425144        0.0000000000000000        0.0000000000000000     
   6.0299998652189970        0.0000000000000000        0.0000000000000000     
   6.0399998649954796        0.0000000000000000        0.0000000000000000     
   6.0499998647719622        0.0000000000000000        0.0000000000000000     
   6.0599998645484447        0.0000000000000000        0.0000000000000000     
   6.0699998643249273        0.0000000000000000        0.0000000000000000     
   6.0799998641014099        0.0000000000000000        0.0000000000000000     
   6.0899998638778925        0.0000000000000000        0.0000000000000000     
   6.0999998636543751        0.0000000000000000        0.0000000000000000     
   6.1099998634308577        0.0000000000000000        0.0000000000000000     
   6.1199998632073402        0.0000000000000000        0.0000000000000000     
   6.1299998629838228        0.0000000000000000        0.0000000000000000     
   6.1399998627603054        0.0000000000000000        0.0000000000000000     
   6.1499998625367880        0.0000000000000000        0.0000000000000000     
   6.1599998623132706        0.0000000000000000        0.0000000000000000     
   6.1699998620897532        0.0000000000000000        0.0000000000000000     
   6.1799998618662357        0.0000000000000000        0.0000000000000000     
   6.1899998616427183        0.0000000000000000        0.0000000000000000     
   6.1999998614192009        0.0000000000000000        0.0000000000000000     
   6.2099998611956835        0.0000000000000000        0.0000000000000000     
   6.2199998609721661        0.0000000000000000        0.0000000000000000     
   6.2299998607486486        0.0000000000000000        0.0000000000000000     
   6.2399998605251312        0.0000000000000000        0.0000000000000000     
   6.2499998603016138        0.0000000000000000        0.0000000000000000     
   6.2599998600780964        0.0000000000000000        0.0000000000000000     
   6.2699998598545790        0.0000000000000000        0.0000000000000000     
   6.2799998596310616        0.0000000000000000        0.0000000000000000     
   6.2899998594075441        0.0000000000000000        0.0000000000000000     
   6.2999998591840267        0.0000000000000000        0.0000000000000000     
   6.3099998589605093        0.0000000000000000        0.0000000000000000     
   6.3199998587369919        0.0000000000000000        0.0000000000000000     
   6.3299998585134745        0.0000000000000000        0.0000000000000000     
   6.3399998582899570        0.0000000000000000        0.0000000000000000     
   6.3499998580664396        0.0000000000000000        0.0000000000000000     
   6.3599998578429222        0.0000000000000000        0.0000000000000000     
   6.3699998576194048        0.0000000000000000        0.0000000000000000     
   6.3799998573958874        0.0000000000000000        0.0000000000000000     
   6.3899998571723700        0.0000000000000000        0.0000000000000000     
   6.3999998569488525        0.0000000000000000        0.0000000000000000     
   6.4099998567253351        0.0000000000000000        0.0000000000000000     
   6.4199998565018177        0.0000000000000000        0.0000000000000000     
   6.4299998562783003        0.0000000000000000        0.0000000000000000     
   6.4399998560547829        0.0000000000000000        0.0000000000000000     
   6.4499998558312654        0.0000000000000000        0.0000000000000000     
   6.4599998556077480        0.0000000000000000        0.0000000000000000     
   6.4699998553842306        0.0000000000000000        0.0000000000000000     
   6.4799998551607132        0.0000000000000000        0.0000000000000000     
   6.4899998549371958        0.0000000000000000        0.0000000000000000     
   6.4999998547136784        0.0000000000000000        0.0000000000000000     
   6.5099998544901609        0.0000000000000000        0.0000000000000000     
   6.5199998542666435        0.0000000000000000        0.0000000000000000     
   6.5299998540431261        0.0000000000000000        0.0000000000000000     
   6.5399998538196087        0.0000000000000000        0.0000000000000000     
   6.5499998535960913        0.0000000000000000        0.0000000000000000     
   6.5599998533725739        0.0000000000000000        0.0000000000000000     
   6.5699998531490564        0.0000000000000000        0.0000000000000000     
   6.5799998529255390        0.0000000000000000        0.0000000000000000     
   6.5899998527020216        0.0000000000000000        0.0000000000000000     
   6.5999998524785042        0.0000000000000000        0.0000000000000000     
   6.6099998522549868        0.0000000000000000        0.0000000000000000     
   6.6199998520314693        0.0000000000000000        0.0000000000000000     
   6.6299998518079519        0.0000000000000000        0.0000000000000000     
   6.6399998515844345        0.0000000000000000        0.0000000000000000     
   6.6499998513609171        0.0000000000000000        0.0000000000000000     
   6.6599998511373997        0.0000000000000000        0.0000000000000000     
   6.6699998509138823        0.0000000000000000        0.0000000000000000     
   6.6799998506903648        0.0000000000000000        0.0000000000000000     
   6.6899998504668474        0.0000000000000000        0.0000000000000000     
   6.6999998502433300        0.0000000000000000        0.0000000000000000     
   6.7099998500198126        0.0000000000000000        0.0000000000000000     
   6.7199998497962952        0.0000000000000000        0.0000000000000000     
   6.7299998495727777        0.0000000000000000        0.0000000000000000     
   6.7399998493492603        0.0000000000000000        0.0000000000000000     
   6.7499998491257429        0.0000000000000000        0.0000000000000000     
   6.7599998489022255        0.0000000000000000        0.0000000000000000     
   6.7699998486787081        0.0000000000000000        0.0000000000000000     
   6.7799998484551907        0.0000000000000000        0.0000000000000000     
   6.7899998482316732        0.0000000000000000        0.0000000000000000     
   6.7999998480081558        0.0000000000000000        0.0000000000000000     
   6.8099998477846384        0.0000000000000000        0.0000000000000000     
   6.8199998475611210        0.0000000000000000        0.0000000000000000     
   6.8299998473376036        0.0000000000000000        0.0000000000000000     
   6.8399998471140862        0.0000000000000000        0.0000000000000000     
   6.8499998468905687        0.0000000000000000        0.0000000000000000     
   6.8599998466670513        0.0000000000000000        0.0000000000000000     
   6.8699998464435339        0.0000000000000000        0.0000000000000000     
   6.8799998462200165        0.0000000000000000        0.0000000000000000     
   6.8899998459964991        0.0000000000000000        0.0000000000000000     
   6.8999998457729816        0.0000000000000000        0.0000000000000000     
   6.9099998455494642        0.0000000000000000        0.0000000000000000     
   6.9199998453259468        0.0000000000000000        0.0000000000000000     
   6.9299998451024294        0.0000000000000000        0.0000000000000000     
   6.9399998448789120        0.0000000000000000        0.0000000000000000     
   6.9499998446553946        0.0000000000000000        0.0000000000000000     
   6.9599998444318771        0.0000000000000000        0.0000000000000000     
   6.9699998442083597        0.0000000000000000        0.0000000000000000     
   6.9799998439848423        0.0000000000000000        0.0000000000000000     
   6.9899998437613249        0.0000000000000000        0.0000000000000000     
   6.9999998435378075        0.0000000000000000        0.0000000000000000     
   7.0099998433142900        0.0000000000000000        0.0000000000000000     
   7.0199998430907726        0.0000000000000000        0.0000000000000000     
   7.0299998428672552        0.0000000000000000        0.0000000000000000     
   7.0399998426437378        0.0000000000000000        0.0000000000000000     
   7.0499998424202204        0.0000000000000000        0.0000000000000000     
   7.0599998421967030        0.0000000000000000        0.0000000000000000     
   7.0699998419731855        0.0000000000000000        0.0000000000000000     
   7.0799998417496681        0.0000000000000000        0.0000000000000000     
   7.0899998415261507        0.0000000000000000        0.0000000000000000     
   7.0999998413026333        0.0000000000000000        0.0000000000000000     
   7.1099998410791159        0.0000000000000000        0.0000000000000000     
   7.1199998408555984        0.0000000000000000        0.0000000000000000     
   7.1299998406320810        0.0000000000000000        0.0000000000000000     
   7.1399998404085636        0.0000000000000000        0.0000000000000000     
   7.1499998401850462        0.0000000000000000        0.0000000000000000     
   7.1599998399615288        0.0000000000000000        0.0000000000000000     
   7.1699998397380114        0.0000000000000000        0.0000000000000000     
   7.1799998395144939        0.0000000000000000        0.0000000000000000     
   7.1899998392909765        0.0000000000000000        0.0000000000000000     
   7.1999998390674591        0.0000000000000000        0.0000000000000000     
   7.2099998388439417        0.0000000000000000        0.0000000000000000     
   7.2199998386204243        0.0000000000000000        0.0000000000000000     
   7.2299998383969069        0.0000000000000000        0.0000000000000000     
   7.2399998381733894        0.0000000000000000        0.0000000000000000     
   7.2499998379498720        0.0000000000000000        0.0000000000000000     
   7.2599998377263546        0.0000000000000000        0.0000000000000000     
   7.2699998375028372        0.0000000000000000        0.0000000000000000     
   7.2799998372793198        0.0000000000000000        0.0000000000000000     
   7.2899998370558023        0.0000000000000000        0.0000000000000000     
   7.2999998368322849        0.0000000000000000        0.0000000000000000     
   7.3099998366087675        0.0000000000000000        0.0000000000000000     
   7.3199998363852501        0.0000000000000000        0.0000000000000000     
   7.3299998361617327        0.0000000000000000        0.0000000000000000     
   7.3399998359382153        0.0000000000000000        0.0000000000000000     
   7.3499998357146978        0.0000000000000000        0.0000000000000000     
   7.3599998354911804        0.0000000000000000        0.0000000000000000     
   7.3699998352676630        0.0000000000000000        0.0000000000000000     
   7.3799998350441456        0.0000000000000000        0.0000000000000000     
   7.3899998348206282        0.0000000000000000        0.0000000000000000     
   7.3999998345971107        0.0000000000000000        0.0000000000000000     
   7.4099998343735933        0.0000000000000000        0.0000000000000000     
   7.4199998341500759        0.0000000000000000        0.0000000000000000     
   7.4299998339265585        0.0000000000000000        0.0000000000000000     
   7.4399998337030411        0.0000000000000000        0.0000000000000000     
   7.4499998334795237        0.0000000000000000        0.0000000000000000     
   7.4599998332560062        0.0000000000000000        0.0000000000000000     
   7.4699998330324888        0.0000000000000000        0.0000000000000000     
   7.4799998328089714        0.0000000000000000        0.0000000000000000     
   7.4899998325854540        0.0000000000000000        0.0000000000000000     
   7.4999998323619366        0.0000000000000000        0.0000000000000000     
   7.5099998321384192        0.0000000000000000        0.0000000000000000     
   7.5199998319149017        0.0000000000000000        0.0000000000000000     
   7.5299998316913843        0.0000000000000000        0.0000000000000000     
   7.5399998314678669        0.0000000000000000        0.0000000000000000     
   7.5499998312443495        0.0000000000000000        0.0000000000000000     
   7.5599998310208321        0.0000000000000000        0.0000000000000000     
   7.5699998307973146        0.0000000000000000        0.0000000000000000     
   7.5799998305737972        0.0000000000000000        0.0000000000000000     
   7.5899998303502798        0.0000000000000000        0.0000000000000000     
   7.5999998301267624        0.0000000000000000        0.0000000000000000     
   7.6099998299032450        0.0000000000000000        0.0000000000000000     
   7.6199998296797276        0.0000000000000000        0.0000000000000000     
   7.6299998294562101        0.0000000000000000        0.0000000000000000     
   7.6399998292326927        0.0000000000000000        0.0000000000000000     
   7.6499998290091753        0.0000000000000000        0.0000000000000000     
   7.6599998287856579        0.0000000000000000        0.0000000000000000     
   7.6699998285621405        0.0000000000000000        0.0000000000000000     
   7.6799998283386230        0.0000000000000000        0.0000000000000000     
   7.6899998281151056        0.0000000000000000        0.0000000000000000     
   7.6999998278915882        0.0000000000000000        0.0000000000000000     
   7.7099998276680708        0.0000000000000000        0.0000000000000000     
   7.7199998274445534        0.0000000000000000        0.0000000000000000     
   7.7299998272210360        0.0000000000000000        0.0000000000000000     
   7.7399998269975185        0.0000000000000000        0.0000000000000000     
   7.7499998267740011        0.0000000000000000        0.0000000000000000     
   7.7599998265504837        0.0000000000000000        0.0000000000000000     
   7.7699998263269663        0.0000000000000000        0.0000000000000000     
   7.7799998261034489        0.0000000000000000        0.0000000000000000     
   7.7899998258799314        0.0000000000000000        0.0000000000000000     
   7.7999998256564140        0.0000000000000000        0.0000000000000000     
   7.8099998254328966        0.0000000000000000        0.0000000000000000     
   7.8199998252093792        0.0000000000000000        0.0000000000000000     
   7.8299998249858618        0.0000000000000000        0.0000000000000000     
   7.8399998247623444        0.0000000000000000        0.0000000000000000     
   7.8499998245388269        0.0000000000000000        0.0000000000000000     
   7.8599998243153095        0.0000000000000000        0.0000000000000000     
   7.8699998240917921        0.0000000000000000        0.0000000000000000     
   7.8799998238682747        0.0000000000000000        0.0000000000000000     
   7.8899998236447573        0.0000000000000000        0.0000000000000000     
   7.8999998234212399        0.0000000000000000        0.0000000000000000     
   7.9099998231977224        0.0000000000000000        0.0000000000000000     
   7.9199998229742050        0.0000000000000000        0.0000000000000000     
   7.9299998227506876        0.0000000000000000        0.0000000000000000     
   7.9399998225271702        0.0000000000000000        0.0000000000000000     
   7.9499998223036528        0.0000000000000000        0.0000000000000000     
   7.9599998220801353        0.0000000000000000        0.0000000000000000     
   7.9699998218566179        0.0000000000000000        0.0000000000000000     
   7.9799998216331005        0.0000000000000000        0.0000000000000000     
   7.9899998214095831        0.0000000000000000        0.0000000000000000     
   7.9999998211860657        0.0000000000000000        0.0000000000000000     
