   0.0000000000000000        1.0000000000000000        0.0000000000000000     
   9.9999997764825821E-003  0.99993750320623120        4.9997436382600360E-003
   1.9999999552965164E-002  0.99975002563790605        1.4998206026187989E-002
   2.9999999329447746E-002  0.99943760573282170        2.4993593989791299E-002
   3.9999999105930328E-002  0.99900030754874058        3.4983858730198623E-002
   4.9999998882412910E-002  0.99843822075271926        4.4966952699530230E-002
   5.9999998658895493E-002  0.99775146060390485        5.4940830121135653E-002
   6.9999998435378075E-002  0.99694016792979323        6.4903447509541051E-002
   7.9999998211860657E-002  0.99600450909594429        7.4852764189956386E-002
   8.9999997988343239E-002  0.99494467596915226        8.4786742817192270E-002
   9.9999997764825821E-002  0.99376088587406974        9.4703349893835817E-002
  0.10999999754130840       0.99245338154328866       0.10460055628753476     
  0.11999999731779099       0.99102243106088050       0.11447633774723877     
  0.12999999709427357       0.98946832779940186       0.12432867541824667     
  0.13999999687075615       0.98779139035037389       0.13415555635590837     
  0.14999999664723873       0.98599196244824483       0.14395497403782989     
  0.15999999642372131       0.98407041288784802       0.15372492887443054     
  0.16999999620020390       0.98202713543536946       0.16346342871770039     
  0.17999999597668648       0.97986254873284140       0.17316848936800747     
  0.18999999575316906       0.97757709619618116       0.18283813507880314     
  0.19999999552965164       0.97517124590679460       0.19247039905907556     
  0.20999999530613422       0.97264549049676841       0.20206332397340027     
  0.21999999508261681       0.97000034702767579       0.21161496243943836     
  0.22999999485909939       0.96723635686302312       0.22112337752273245     
  0.23999999463558197       0.96435408553436708       0.23058664322865155     
  0.24999999441206455       0.96135412260113429       0.24000284499133642     
  0.25999999418854713       0.95823708150417697       0.24937008015949763     
  0.26999999396502972       0.95500359941310187       0.25868645847891925     
  0.27999999374151230       0.95165433706740976       0.26795010257152196     
  0.28999999351799488       0.94818997861148735       0.27715914841084038     
  0.29999999329447746       0.94461123142349368       0.28631174579376989     
  0.30999999307096004       0.94091882593818721       0.29540605880843973     
  0.31999999284744263       0.93711351546373978       0.30444026629806986     
  0.32999999262392521       0.93319607599258803       0.31341256232067033     
  0.33999999240040779       0.92916730600637332       0.32232115660444360     
  0.34999999217689037       0.92502802627502512       0.33116427499875023     
  0.35999999195337296       0.92077907965004258       0.33994015992050119     
  0.36999999172985554       0.91642133085203370       0.34864707079584079     
  0.37999999150633812       0.91195566625257207       0.35728328449698510     
  0.38999999128282070       0.90738299365043373       0.36584709577408375     
  0.39999999105930328       0.90270424204227850       0.37433681768197313     
  0.40999999083578587       0.89792036138784304       0.38275078200169127     
  0.41999999061226845       0.89303232236971319       0.39108733965662718     
  0.42999999038875103       0.88804111614774817       0.39934486112317746     
  0.43999999016523361       0.88294775410822657       0.40752173683578674     
  0.44999998994171619       0.87775326760779193       0.41561637758624925     
  0.45999998971819878       0.87245870771227152       0.42362721491715100     
  0.46999998949468136       0.86706514493044873       0.43155270150933445     
  0.47999998927116394       0.86157366894286835       0.43939131156326955     
  0.48999998904764652       0.85598538832575710       0.44714154117421678     
  0.49999998882412910       0.85030143027014360       0.45480190870107029     
  0.50999998860061169       0.84452294029626207       0.46237095512877191     
  0.51999998837709427       0.83865108196332905       0.46984724442418829     
  0.52999998815357685       0.83268703657477994       0.47722936388534659     
  0.53999998793005943       0.82663200287905725       0.48451592448392600     
  0.54999998770654202       0.82048719676604254       0.49170556120090486     
  0.55999998748302460       0.81425385095922465       0.49879693335526637     
  0.56999998725950718       0.80793321470370039       0.50578872492566707     
  0.57999998703598976       0.80152655345010337       0.51267964486497630     
  0.58999998681247234       0.79503514853455948       0.51946842740759658     
  0.59999998658895493       0.78846029685476748       0.52615383236947766     
  0.60999998636543751       0.78180331054230523       0.53273464544073967     
  0.61999998614192009       0.77506551663126411       0.53920967847082402     
  0.62999998591840267       0.76824825672331265       0.54557776974609284     
  0.63999998569488525       0.76135288664929524       0.55183778425980023     
  0.64999998547136784       0.75438077612746923       0.55798861397436306     
  0.65999998524785042       0.74733330841848722       0.56402917807585951     
  0.66999998502433300       0.74021187997723137       0.56995842322068835     
  0.67999998480081558       0.73301790010160717       0.57577532377432405     
  0.68999998457729816       0.72575279057840558       0.58147888204210540     
  0.69999998435378075       0.71841798532634271       0.58706812849199919     
  0.70999998413026333       0.71101493003638749       0.59254212196928202     
  0.71999998390674591       0.70354508180948760       0.59789994990308792     
  0.72999998368322849       0.69600990879180524       0.60314072850477063     
  0.73999998345971107       0.68841088980757537       0.60826360295803417     
  0.74999998323619366       0.68074951398969752       0.61326774760078662     
  0.75999998301267624       0.67302728040817494       0.61815236609867563     
  0.76999998278915882       0.66524569769651465       0.62291669161026797     
  0.77999998256564140       0.65740628367620091       0.62755998694383719     
  0.78999998234212399       0.64951056497935689       0.63208154470572642     
  0.79999998211860657       0.64156007666970871       0.63648068744025732     
  0.80999998189508915       0.63355636186196496       0.64075676776115853     
  0.81999998167157173       0.62550097133972760       0.64490916847448931     
  0.82999998144805431       0.61739546317204796       0.64893730269303829     
  0.83999998122453690       0.60924140232874202       0.65284061394217874     
  0.84999998100101948       0.60104036029458008       0.65661857625716602     
  0.85999998077750206       0.59279391468246467       0.66027069427186436     
  0.86999998055398464       0.58450364884571115       0.66379650329889439     
  0.87999998033046722       0.57617115148954501       0.66719556940119462     
  0.88999998010694981       0.56779801628192961       0.67046748945499324     
  0.89999997988343239       0.55938584146383785       0.67361189120418929     
  0.90999997965991497       0.55093622945908116       0.67662843330614586     
  0.91999997943639755       0.54245078648380829       0.67951680536889925     
  0.92999997921288013       0.53393112215578675       0.68227672797979166     
  0.93999997898936272       0.52537884910357857       0.68490795272553806     
  0.94999997876584530       0.51679558257572167       0.68741026220373924     
  0.95999997854232788       0.50818294005002862       0.68978347002585749     
  0.96999997831881046       0.49954254084311178       0.69202742081167179     
  0.97999997809529305       0.49087600572024609       0.69414199017523415     
  0.98999997787177563       0.48218495650567744       0.69612708470234974     
  0.99999997764825821       0.47347101569348554       0.69798264191960668     
   1.0099999774247408       0.46473580605910919       0.69970863025498342     
   1.0199999772012234       0.45598095027164037       0.70130504899006507     
   1.0299999769777060       0.44720807050699385       0.70277192820390033     
   1.0399999767541885       0.43841878806205736       0.70410932870853593     
   1.0499999765306711       0.42961472296992703       0.70531734197626572     
   1.0599999763071537       0.42079749361633173       0.70639609005863402     
   1.0699999760836363       0.41196871635734911       0.70734572549723618     
   1.0799999758601189       0.40313000513851510       0.70816643122636080     
   1.0899999756366014       0.39428297111542798       0.70885842046752012     
   1.0999999754130840       0.38542922227594673       0.70942193661591790     
   1.1099999751895666       0.37657036306408315       0.70985725311890535     
   1.1199999749660492       0.36770799400568493       0.71016467334647870     
   1.1299999747425318       0.35884371133600740       0.71034453045387336     
   1.1399999745190144       0.34997910662926951       0.71039718723631196     
   1.1499999742954969       0.34111576643028890       0.71032303597596547     
   1.1599999740719795       0.33225527188828979       0.71012249828118812     
   1.1699999738484621       0.32339919839297687       0.70979602491809013     
   1.1799999736249447       0.31454911521296597       0.70934409563451195     
   1.1899999734014273       0.30570658513666282       0.70876721897646755     
   1.1999999731779099       0.29687316411567888       0.70806593209712521     
   1.2099999729543924       0.28805040091087236       0.70724080055839578     
   1.2199999727308750       0.27923983674110175       0.70629241812520094     
   1.2299999725073576       0.27044300493477780       0.70522140655249410     
   1.2399999722838402       0.26166143058429858       0.70402841536511152     
   1.2499999720603228       0.25289663020345132       0.70271412163052782     
   1.2599999718368053       0.24415011138786355       0.70127922972459711     
   1.2699999716132879       0.23542337247858458       0.69972447109035818     
   1.2799999713897705       0.22671790222887764       0.69805060398998675     
   1.2899999711662531       0.21803517947430134       0.69625841324997684     
   1.2999999709427357       0.20937667280615838       0.69434870999963694     
   1.3099999707192183       0.20074384024838776       0.69232233140298671     
   1.3199999704957008       0.19213812893797599       0.69018014038414199     
   1.3299999702721834       0.18356097480896125       0.68792302534627725     
   1.3399999700486660       0.17501380228010338       0.68555189988425513     
   1.3499999698251486       0.16649802394629171       0.68306770249101600     
   1.3599999696016312       0.15801504027376057       0.68047139625781938     
   1.3699999693781137       0.14956623929918236       0.67776396856843202     
   1.3799999691545963       0.14115299633270598       0.67494643078735883     
   1.3899999689310789       0.13277667366500734       0.67201981794221233     
   1.3999999687075615       0.12443862027841789       0.66898518840031918     
   1.4099999684840441       0.11614017156219521       0.66584362353966375     
   1.4199999682605267       0.10788264903199930       0.66259622741426771     
   1.4299999680370092        9.9667360053636161E-002  0.65924412641410868     
   1.4399999678134918        9.1495597571129697E-002  0.65578846891967901     
   1.4499999675899744        8.3368639839181441E-002  0.65223042495129058     
   1.4599999673664570        7.5287750160076397E-002  0.64857118581322815     
   1.4699999671429396        6.7254176625092227E-002  0.64481196373285943     
   1.4799999669194221        5.9269151860467585E-002  0.64095399149480714     
   1.4899999666959047        5.1333892777984412E-002  0.63699852207029206     
   1.4999999664723873        4.3449600330217573E-002  0.63294682824175597     
   1.5099999662488699        3.5617459270504144E-002  0.62880020222287436     
   1.5199999660253525        2.7838637917683356E-002  0.62455995527406993     
   1.5299999658018351        2.0114287925657018E-002  0.62022741731363862     
   1.5399999655783176        1.2445544057818976E-002  0.61580393652460208     
   1.5499999653548002        4.8335239664009707E-003  0.61129087895739898     
   1.5599999651312828       -2.7206720232190191E-003  0.60668962812853056     
   1.5699999649077654       -1.0215961123201039E-002  0.60200158461527675     
   1.5799999646842480       -1.7651278288876436E-002  0.59722816564659753     
   1.5899999644607306       -2.5025576419287737E-002  0.59237080469033876     
   1.5999999642372131       -3.2337826552593998E-002  0.58743095103685938     
   1.6099999640136957       -3.9587018056301763E-002  0.58241006937919926     
   1.6199999637901783       -4.6772158812282992E-002  0.57730963938990743     
   1.6299999635666609       -5.3892275396542622E-002  0.57213115529465131     
   1.6399999633431435       -6.0946413253699649E-002  0.56687612544272825     
   1.6499999631196260       -6.7933636866147021E-002  0.56154607187460093     
   1.6599999628961086       -7.4853029917856667E-002  0.55614252988657942     
   1.6699999626725912       -8.1703695452797626E-002  0.55066704759277385     
   1.6799999624490738       -8.8484756027936234E-002  0.54512118548444144     
   1.6899999622255564       -9.5195353860788742E-002  0.53950651598685173     
   1.6999999620020390      -0.10183465097149824       0.53382462301379696     
   1.7099999617785215      -0.10840182931940866       0.52807710151987231     
   1.7199999615550041      -0.11489609093411045       0.52226555705065258     
   1.7299999613314867      -0.12131665804093350       0.51639160529089334     
   1.7399999611079693      -0.12766277318086447       0.51045687161088316     
   1.7499999608844519      -0.13393369932486682       0.50446299061107525     
   1.7599999606609344      -0.14012871998258350       0.49841160566512765     
   1.7699999604374170      -0.14624713930540331       0.49230436846148035     
   1.7799999602138996      -0.15228828218387375       0.48614293854359925     
   1.7899999599903822      -0.15825149433944399       0.47992898284901697     
   1.7999999597668648      -0.16413614241052366       0.47366417524730026     
   1.8099999595433474      -0.16994161403284413       0.46735019607707529     
   1.8199999593198299      -0.17566731791411069       0.46098873168224125     
   1.8299999590963125      -0.18131268390293490       0.45458147394750370     
   1.8399999588727951      -0.18687716305203894       0.44813011983335943     
   1.8499999586492777      -0.19236022767572397       0.44163637091066399     
   1.8599999584257603      -0.19776137140159694       0.43510193289491428     
   1.8699999582022429      -0.20308010921655137       0.42852851518037793     
   1.8799999579787254      -0.20831597750699904       0.42191783037420222     
   1.8899999577552080      -0.21346853409335159       0.41527159383063378     
   1.8999999575316906      -0.21853735825875156       0.40859152318548270     
   1.9099999573081732      -0.22352205077205509       0.40187933789096231     
   1.9199999570846558      -0.22842223390506905       0.39513675875103743     
   1.9299999568611383      -0.23323755144404765       0.38836550745741361     
   1.9399999566376209      -0.23796766869545449       0.38156730612629869     
   1.9499999564141035      -0.24261227248599829       0.37474387683606969     
   1.9599999561905861      -0.24717107115695131       0.36789694116597604     
   1.9699999559670687      -0.25164379455276176       0.36102821973601140     
   1.9799999557435513      -0.25603019400397287       0.35413943174808488     
   1.9899999555200338      -0.26033004230446233       0.34723229452862303     
   1.9999999552965164      -0.26454313368301841       0.34030852307273329     
   2.0099999550729990      -0.26866928376926991       0.33336982959005884     
   2.0199999548494816      -0.27270832955398888       0.32641792305245537     
   2.0299999546259642      -0.27666012934378692       0.31945450874361836     
   2.0399999544024467      -0.28052456271022702       0.31248128781079021     
   2.0499999541789293      -0.28430153043337497       0.30549995681867542     
   2.0599999539554119      -0.28799095443981598       0.29851220730569139     
   2.0699999537318945      -0.29159277773516290       0.29151972534268167     
   2.0799999535083771      -0.29510696433108569       0.28452419109421817     
   2.0899999532848597      -0.29853349916689170       0.27752727838261787     
   2.0999999530613422      -0.30187238802568905       0.27053065425479816     
   2.1099999528378248      -0.30512365744516673       0.26353597855209554     
   2.1199999526143074      -0.30828735462302626       0.25654490348316977     
   2.1299999523907900      -0.31136354731710192       0.24955907320011597     
   2.1399999521672726      -0.31435232374020827       0.24258012337790530     
   2.1499999519437551      -0.31725379244975399       0.23560968079727448     
   2.1599999517202377      -0.32006808223216465       0.22864936293118276     
   2.1699999514967203      -0.32279534198215692       0.22170077753495404     
   2.1799999512732029      -0.32543574057690927       0.21476552224022064     
   2.1899999510496855      -0.32798946674517510       0.20784518415278425     
   2.1999999508261681      -0.33045672893138656       0.20094133945450751     
   2.2099999506026506      -0.33283775515479824       0.19405555300934946     
   2.2199999503791332      -0.33513279286372150       0.18718937797365567     
   2.2299999501556158      -0.33734210878490212       0.18034435541081323     
   2.2399999499320984      -0.33946598876809508       0.17352201391037869     
   2.2499999497085810      -0.34150473762589195       0.16672386921178617     
   2.2599999494850636      -0.34345867896885757       0.15995142383274064     
   2.2699999492615461      -0.34532815503603442       0.15320616670240036     
   2.2799999490380287      -0.34711352652087479       0.14648957279945041     
   2.2899999488145113      -0.34881517239266135       0.13980310279516761     
   2.2999999485909939      -0.35043348971347904       0.13314820270157596     
   2.3099999483674765      -0.35196889345080196       0.12652630352478886     
   2.3199999481439590      -0.35342181628576103       0.11993882092363384     
   2.3299999479204416      -0.35479270841715810       0.11338715487365267     
   2.3399999476969242      -0.35608203736129551       0.10687268933656840     
   2.3499999474734068      -0.35729028774768923       0.10039679193530880     
   2.3599999472498894      -0.35841796111073687        9.3960813634673679E-002
   2.3699999470263720      -0.35946557567741139        8.7566088427731684E-002
   2.3799999468028545      -0.36043366615105399        8.1213933028030011E-002
   2.3899999465793371      -0.36132278349133978        7.4905646567698589E-002
   2.3999999463558197      -0.36213349469049161        6.8642510301528098E-002
   2.4099999461323023      -0.36286638254581782        6.2425787317098969E-002
   2.4199999459087849      -0.36352204542865196        5.6256722251036728E-002
   2.4299999456852674      -0.36410109704977206        5.0136541011466418E-002
   2.4399999454617500      -0.36460416622137948        4.4066450506736993E-002
   2.4499999452382326      -0.36503189661571706        3.8047638380484201E-002
   2.4599999450147152      -0.36538494652040837        3.2081272753098203E-002
   2.4699999447911978      -0.36566398859059995        2.6168501969660016E-002
   2.4799999445676804      -0.36586970959798981        2.0310454354408529E-002
   2.4899999443441629      -0.36600281017682612        1.4508237971797453E-002
   2.4999999441206455      -0.36606400456696048        8.7629403941993783E-003
   2.5099999438971281      -0.36605402035404189        3.0756284763116797E-003
   2.5199999436736107      -0.36597359820693720       -2.5526518636833318E-003
   2.5299999434500933      -0.36582349161246519       -8.1208758561539789E-003
   2.5399999432265759      -0.36560446660753193       -1.3628040085202870E-002
   2.5499999430030584      -0.36531730150875569       -1.9073162686953391E-002
   2.5599999427795410      -0.36496278663967008       -2.4455283540896204E-002
   2.5699999425560236      -0.36454172405559515       -2.9773464454255341E-002
   2.5799999423325062      -0.36405492726626637       -3.5026789339335909E-002
   2.5899999421089888      -0.36350322095631143       -4.0214364383817841E-002
   2.5999999418854713      -0.36288744070366652       -4.5335318213962597E-002
   2.6099999416619539      -0.36220843269602276       -5.0388802050702113E-002
   2.6199999414384365      -0.36146705344539476       -5.5373989858581794E-002
   2.6299999412149191      -0.36066416950090324       -6.0290078487531755E-002
   2.6399999409914017      -0.35980065715986415       -6.5136287807442961E-002
   2.6499999407678843      -0.35887740217727654       -6.9911860835527362E-002
   2.6599999405443668      -0.35789529947380239       -7.4616063856443648E-002
   2.6699999403208494      -0.35685525284233116       -7.9248186535172460E-002
   2.6799999400973320      -0.35575817465322213       -8.3807542022627579E-002
   2.6899999398738146      -0.35460498555831815       -8.8293467053991978E-002
   2.6999999396502972      -0.35339661419382384       -9.2705322039769819E-002
   2.7099999394267797      -0.35213399688214170       -9.7042491149548271E-002
   2.7199999392032623      -0.35081807733275971      -0.10130438238846511     
   2.7299999389797449      -0.34944980634228362      -0.10549042766638053     
   2.7399999387562275      -0.34803014149370720      -0.10960008285975417     
   2.7499999385327101      -0.34656004685501418      -0.11363282786623037     
   2.7599999383091927      -0.34504049267720427      -0.11758816665193741     
   2.7699999380856752      -0.34347245509183677      -0.12146562729150848     
   2.7799999378621578      -0.34185691580818445      -0.12526476200083472     
   2.7899999376386404      -0.34019486181008990      -0.12898514716256285     
   2.7999999374151230      -0.33848728505261705      -0.13262638334435212     
   2.8099999371916056      -0.33673518215858961      -0.13618809530990794     
   2.8199999369680882      -0.33493955411510823      -0.13966993202281119     
   2.8299999367445707      -0.33310140597013754      -0.14307156664316509     
   2.8399999365210533      -0.33122174652925424      -0.14639269651708339     
   2.8499999362975359      -0.32930158805264648      -0.14963304315904585     
   2.8599999360740185      -0.32734194595245480      -0.15279235222714904     
   2.8699999358505011      -0.32534383849054438      -0.15587039349128320     
   2.8799999356269836      -0.32330828647679732      -0.15886696079426724     
   2.8899999354034662      -0.32123631296801403      -0.16178187200597657     
   2.8999999351799488      -0.31912894296751115      -0.16461496897050060     
   2.9099999349564314      -0.31698720312550444      -0.16736611744636828     
   2.9199999347329140      -0.31481212144036219      -0.17003520703988290     
   2.9299999345093966      -0.31260472696081681      -0.17262215113160836     
   2.9399999342858791      -0.31036604948921886      -0.17512688679605226     
   2.9499999340623617      -0.30809711928591949      -0.17754937471459195     
   2.9599999338388443      -0.30579896677486462      -0.17988959908169269     
   2.9699999336153269      -0.30347262225048532      -0.18214756750446814     
   2.9799999333918095      -0.30111911558596582      -0.18432331089563578     
   2.9899999331682920      -0.29873947594297251      -0.18641688335992154     
   2.9999999329447746      -0.29633473148292389      -0.18842836207396971     
   3.0099999327212572      -0.29390590907988279      -0.19035784715981607     
   3.0199999324977398      -0.29145403403514974      -0.19220546155198412     
   3.0299999322742224      -0.28898012979363646      -0.19397135085826545     
   3.0399999320507050      -0.28648521766209706      -0.19565568321424795     
   3.0499999318271875      -0.28397031652929422      -0.19725864913165625     
   3.0599999316036701      -0.28143644258817618      -0.19878046134057123     
   3.0699999313801527      -0.27888460906013945      -0.20022135462559656     
   3.0799999311566353      -0.27631582592145149      -0.20158158565604217     
   3.0899999309331179      -0.27373109963190695      -0.20286143281019597     
   3.0999999307096004      -0.27113143286578895      -0.20406119599375663     
   3.1099999304860830      -0.26851782424520726      -0.20518119645250188     
   3.1199999302625656      -0.26589126807588326      -0.20622177657926838     
   3.1299999300390482      -0.26325275408545085      -0.20718329971532032     
   3.1399999298155308      -0.26060326716434196      -0.20806614994618572     
   3.1499999295920134      -0.25794378710932303      -0.20887073189204056     
   3.1599999293684959      -0.25527528836974900      -0.20959747049272237     
   3.1699999291449785      -0.25259873979659980      -0.21024681078745644     
   3.1799999289214611      -0.24991510439436304      -0.21081921768937839     
   3.1899999286979437      -0.24722533907582570      -0.21131517575493941     
   3.1999999284744263      -0.24453039441983659      -0.21173518894828033     
   3.2099999282509089      -0.24183121443210023      -0.21207978040066303     
   3.2199999280273914      -0.23912873630906120      -0.21234949216504828     
   3.2299999278038740      -0.23642389020493768      -0.21254488496591054     
   3.2399999275803566      -0.23371759900196096      -0.21266653794438126     
   3.2499999273568392      -0.23101077808387704      -0.21271504839881361     
   3.2599999271333218      -0.22830433511276502      -0.21269103152086216     
   3.2699999269098043      -0.22559916980922581      -0.21259512012717266     
   3.2799999266862869      -0.22289617373599371      -0.21242796438677769     
   3.2899999264627695      -0.22019623008502187      -0.21219023154429525     
   3.2999999262392521      -0.21750021346809162      -0.21188260563902811     
   3.3099999260157347      -0.21480898971099446      -0.21150578722006277     
   3.3199999257922173      -0.21212341565133425      -0.21106049305746788     
   3.3299999255686998      -0.20944433893999559      -0.21054745584969270     
   3.3399999253451824      -0.20677259784632387      -0.20996742392726717     
   3.3499999251216650      -0.20410902106706028      -0.20932116095290607     
   3.3599999248981476      -0.20145442753907458      -0.20860944561812014     
   3.3699999246746302      -0.19880962625593671      -0.20783307133643847     
   3.3799999244511127      -0.19617541608836714      -0.20699284593334644     
   3.3899999242275953      -0.19355258560860483      -0.20608959133304494     
   3.3999999240040779      -0.19094191291872994      -0.20512414324213679     
   3.4099999237805605      -0.18834416548297739      -0.20409735083034711     
   3.4199999235570431      -0.18576009996407614      -0.20301007640838487     
   3.4299999233335257      -0.18319046206364761      -0.20186319510305384     
   3.4399999231100082      -0.18063598636669531      -0.20065759452972110     
   3.4499999228864908      -0.17809739619021642      -0.19939417446225247     
   3.4599999226629734      -0.17557540343596512      -0.19807384650052412     
   3.4699999224394560      -0.17307070844739542      -0.19669753373562063     
   3.4799999222159386      -0.17058399987081066      -0.19526617041282959     
   3.4899999219924212      -0.16811595452074490      -0.19378070159254390     
   3.4999999217689037      -0.16566723724960050      -0.19224208280918295     
   3.5099999215453863      -0.16323850082156455      -0.19065127972824400     
   3.5199999213218689      -0.16083038579082568      -0.18900926780159594     
   3.5299999210983515      -0.15844352038411136      -0.18731703192112734     
   3.5399999208748341      -0.15607852038756417      -0.18557556607086145     
   3.5499999206513166      -0.15373598903797467      -0.18378587297765042     
   3.5599999204277992      -0.15141651691838667      -0.18194896376056185     
   3.5699999202042818      -0.14912068185808972      -0.18006585757907043     
   3.5799999199807644      -0.14684904883701172      -0.17813758128016779     
   3.5899999197572470      -0.14460216989452399      -0.17616516904450369     
   3.5999999195337296      -0.14238058404266879      -0.17414966203167168     
   3.6099999193102121      -0.14018481718381898      -0.17209210802475253     
   3.6199999190866947      -0.13801538203277705      -0.16999356107422856     
   3.6299999188631773      -0.13587277804332029      -0.16785508114138195     
   3.6399999186396599      -0.13375749133919679      -0.16567773374129008     
   3.6499999184161425      -0.13166999464957621      -0.16346258958553089     
   3.6599999181926250      -0.12961074724895733      -0.16121072422471094     
   3.6699999179691076      -0.12758019490153327      -0.15892321769092876     
   3.6799999177455902      -0.12557876981001417      -0.15660115414028583     
   3.6899999175220728      -0.12360689056890500      -0.15424562149555721     
   3.6999999172985554      -0.12166496212223567      -0.15185771108913368     
   3.7099999170750380      -0.11975337572573856      -0.14943851730634683     
   3.7199999168515205      -0.11787250891346772      -0.14698913722928805     
   3.7299999166280031      -0.11602272546885220      -0.14451067028123235     
   3.7399999164044857      -0.11420437540017497      -0.14200421787177697     
   3.7499999161809683      -0.11241779492046734      -0.13947088304280467     
   3.7599999159574509      -0.11066330643180745      -0.13691177011538108     
   3.7699999157339334      -0.10894121851401012      -0.13432798433769466     
   3.7799999155104160      -0.10725182591769405      -0.13172063153414734     
   3.7899999152868986      -0.10559540956171085      -0.12909081775570364     
   3.7999999150633812      -0.10397223653491916      -0.12643964893160492     
   3.8099999148398638      -0.10238256010228605      -0.12376823052255498     
   3.8199999146163464      -0.10082661971529590      -0.12107766717548259     
   3.8299999143928289       -9.9304641026646462E-002 -0.11836906237998554     
   3.8399999141693115       -9.7816835909209976E-002 -0.11564351812656019     
   3.8499999139457941       -9.6363402479236082E-002 -0.11290213456671970     
   3.8599999137222767       -9.4944525123772022E-002 -0.11014600967510300     
   3.8699999134987593       -9.3560374532274254E-002 -0.10737623891367613     
   3.8799999132752419       -9.2211107732384515E-002 -0.10459391489812610     
   3.8899999130517244       -9.0896868129841948E-002 -0.10180012706654695     
   3.8999999128282070       -8.9617785552501716E-002  -9.8995961350516443E-002
   3.9099999126046896       -8.8373976298429385E-002  -9.6182499848660744E-002
   3.9199999123811722       -8.7165543188038999E-002  -9.3360820502803671E-002
   3.9299999121576548       -8.5992575620241749E-002  -9.0531996776795687E-002
   3.9399999119341373       -8.4855149632570737E-002  -8.7697097338116842E-002
   3.9499999117106199       -8.3753327965246316E-002  -8.4857185742346783E-002
   3.9599999114871025       -8.2687160129145315E-002  -8.2013320120593619E-002
   3.9699999112635851       -8.1656682477636230E-002  -7.9166552869972262E-002
   3.9799999110400677       -8.0661918282241354E-002  -7.6317930347221744E-002
   3.9899999108165503       -7.9702877812085779E-002  -7.3468492565549451E-002
   3.9999999105930328       -7.8779558417091999E-002  -7.0619272894789309E-002
   4.0099999103695154       -7.7891944614877834E-002  -6.7771297764959215E-002
   4.0199999101459980       -7.7040008181314221E-002  -6.4925586373301911E-002
   4.0299999099224806       -7.6223708244698568E-002  -6.2083150394892123E-002
   4.0399999096989632       -7.5442991383498068E-002  -5.9244993696891096E-002
   4.0499999094754457       -7.4697791727616536E-002  -5.6412112056528588E-002
   4.0599999092519283       -7.3988031063137380E-002  -5.3585492882890613E-002
   4.0699999090284109       -7.3313618940494069E-002  -5.0766114942589910E-002
   4.0799999088048935       -7.2674452786018834E-002  -4.7954948089394524E-002
   4.0899999085813761       -7.2070418016819099E-002  -4.5152952997888365E-002
   4.0999999083578587       -7.1501388158930548E-002  -4.2361080901236067E-002
   4.1099999081343412       -7.0967224968694412E-002  -3.9580273333122779E-002
   4.1199999079108238       -7.0467778557306085E-002  -3.6811461873938120E-002
   4.1299999076873064       -7.0002887518481077E-002  -3.4055567901271663E-002
   4.1399999074637890       -6.9572379059183551E-002  -3.1313502344785853E-002
   4.1499999072402716       -6.9176069133361870E-002  -2.8586165445530443E-002
   4.1599999070167542       -6.8813762578634724E-002  -2.5874446519761032E-002
   4.1699999067932367       -6.8485253255870820E-002  -2.3179223727322357E-002
   4.1799999065697193       -6.8190324191604076E-002  -2.0501363844655458E-002
   4.1899999063462019       -6.7928747723225810E-002  -1.7841722042486012E-002
   4.1999999061226845       -6.7700285646894551E-002  -1.5201141668249384E-002
   4.2099999058991671       -6.7504689368103457E-002  -1.2580454033306175E-002
   4.2199999056756496       -6.7341700054844675E-002  -9.9804782050002868E-003
   4.2299999054521322       -6.7211048793309289E-002  -7.4020208036097053E-003
   4.2399999052286148       -6.7112456746061019E-002  -4.8458758042384019E-003
   4.2499999050050974       -6.7045635312621116E-002  -2.3128243436959283E-003
   4.2599999047815800       -6.7010286292401383E-002   1.9636546759053443E-004
   4.2699999045580626       -6.7006102049921648E-002   2.6809387285887673E-003
   4.2799999043345451       -6.7032765682247711E-002   5.1401539255576945E-003
   4.2899999041110277       -6.7089951188584990E-002   7.5732831047879336E-003
   4.2999999038875103       -6.7177323641962841E-002   9.9796120401493965E-003
   4.3099999036639929       -6.7294539362944050E-002   1.2358440395410463E-002
   4.3199999034404755       -6.7441246095293478E-002   1.4709081881295145E-002
   4.3299999032169580       -6.7617083183539567E-002   1.7030864407246535E-002
   4.3399999029934406       -6.7821681752362015E-002   1.9323130227866723E-002
   4.3499999027699232       -6.8054664887738425E-002   2.1585236084005265E-002
   4.3599999025464058       -6.8315647819782777E-002   2.3816553338470152E-002
   4.3699999023228884       -6.8604238107207782E-002   2.6016468106337152E-002
   4.3799999020993710       -6.8920035823343453E-002   2.8184381379835290E-002
   4.3899999018758535       -6.9262633743643470E-002   3.0319709147788108E-002
   4.3999999016523361       -6.9631617534611015E-002   3.2421882509592284E-002
   4.4099999014288187       -7.0026565944075539E-002   3.4490347783717012E-002
   4.4199999012053013       -7.0447050992751559E-002   3.6524566610709561E-002
   4.4299999009817839       -7.0892638167010608E-002   3.8524016050694145E-002
   4.4399999007582664       -7.1362886612797272E-002   4.0488188675353323E-002
   4.4499999005347490       -7.1857349330620227E-002   4.2416592654382898E-002
   4.4599999003112316       -7.2375573371548874E-002   4.4308751836413168E-002
   4.4699999000877142       -7.2917100034146504E-002   4.6164205824391340E-002
   4.4799998998641968       -7.3481465062270518E-002   4.7982510045421714E-002
   4.4899998996406794       -7.4068198843670441E-002   4.9763235815062111E-002
   4.4999998994171619       -7.4676826609314434E-002   5.1505970396076940E-002
   4.5099998991936445       -7.5306868633375060E-002   5.3210317051649032E-002
   4.5199998989701271       -7.5957840433805074E-002   5.4875895093054301E-002
   4.5299998987466097       -7.6629252973434162E-002   5.6502339921805117E-002
   4.5399998985230923       -7.7320612861517632E-002   5.8089303066269998E-002
   4.5499998982995749       -7.8031422555668195E-002   5.9636452212779203E-002
   4.5599998980760574       -7.8761180564102126E-002   6.1143471231227417E-002
   4.5699998978525400       -7.9509381648131303E-002   6.2610060195186654E-002
   4.5799998976290226       -8.0275517024832752E-002   6.4035935396544230E-002
   4.5899998974055052       -8.1059074569827638E-002   6.5420829354682367E-002
   4.5999998971819878       -8.1859539020101860E-002   6.6764490820217848E-002
   4.6099998969584703       -8.2676392176800562E-002   6.8066684773321756E-002
   4.6199998967349529       -8.3509113107929356E-002   6.9327192416641231E-002
   4.6299998965114355       -8.4357178350895234E-002   7.0545811162846542E-002
   4.6399998962879181       -8.5220062114820375E-002   7.1722354616828993E-002
   4.6499998960644007       -8.6097236482562747E-002   7.2856652552576312E-002
   4.6599998958408833       -8.6988171612377305E-002   7.3948550884754188E-002
   4.6699998956173658       -8.7892335939152397E-002   7.4997911635024186E-002
   4.6799998953938484       -8.8809196375156108E-002   7.6004612893129819E-002
   4.6899998951703310       -8.9738218510227813E-002   7.6968548772784223E-002
   4.6999998949468136       -9.0678866811350775E-002   7.7889629362394519E-002
   4.7099998947232962       -9.1630604821541756E-002   7.8767780670659454E-002
   4.7199998944997787       -9.2592895357994476E-002   7.9602944567078532E-002
   4.7299998942762613       -9.3565200709413973E-002   8.0395078717412263E-002
   4.7399998940527439       -9.4546982832479656E-002   8.1144156514134938E-002
   4.7499998938292265       -9.5537703547375147E-002   8.1850167001922464E-002
   4.7599998936057091       -9.6536824732323750E-002   8.2513114798219697E-002
   4.7699998933821917       -9.7543808517068953E-002   8.3133020008932829E-002
   4.7799998931586742       -9.8558117475239751E-002   8.3709918139294001E-002
   4.7899998929351568       -9.9579214815541564E-002   8.4243859999946699E-002
   4.7999998927116394      -0.10060656457171366        8.4734911608301974E-002
   4.8099998924881220      -0.10163963179119513        8.5183154085216622E-002
   4.8199998922646046      -0.10267788272244174        8.5588683547046338E-002
   4.8299998920410872      -0.10372078500083685        8.5951610993127578E-002
   4.8399998918175697      -0.10476780783314024        8.6272062188743656E-002
   4.8499998915940523      -0.10581842218041934        8.6550177543631771E-002
   4.8599998913705349      -0.10687210093940820        8.6786111986088751E-002
   4.8699998911470175      -0.10792831912224006        8.6980034832734768E-002
   4.8799998909235001      -0.10898655403450030        8.7132129653995430E-002
   4.8899998906999826      -0.11004628545154740        8.7242594135363893E-002
   4.8999998904764652      -0.11110699579304992        8.7311639934505650E-002
   4.9099998902529478      -0.11216817029568878        8.7339492534270119E-002
   4.9199998900294304      -0.11322929718397461        8.7326391091673949E-002
   4.9299998898059130      -0.11428986783913084        8.7272588282922364E-002
   4.9399998895823956      -0.11534937696599411        8.7178350144535677E-002
   4.9499998893588781      -0.11640732275788424        8.7043955910649451E-002
   4.9599998891353607      -0.11746320705939706        8.6869697846557611E-002
   4.9699998889118433      -0.11851653552707413        8.6655881078568822E-002
   4.9799998886883259      -0.11956681778790429        8.6402823420247576E-002
   4.9899998884648085      -0.12061356759561290        8.6110855195112329E-002
   4.9999998882412910      -0.12165630298469549        8.5780319055863877E-002
   5.0099998880177736      -0.12269454642215351        8.5411569800218148E-002
   5.0199998877942562      -0.12372782495689072        8.5004974183418514E-002
   5.0299998875707388      -0.12475567036672972        8.4560910727503463E-002
   5.0399998873472214      -0.12577761930300904        8.4079769527406395E-002
   5.0499998871237040      -0.12679321343272240        8.3561952053965119E-002
   5.0599998869001865      -0.12780199957816218        8.3007870953919274E-002
   5.0699998866766691      -0.12880352985403073        8.2417949846974800E-002
   5.0799998864531517      -0.12979736180198367        8.1792623120015243E-002
   5.0899998862296343      -0.13078305852257055        8.1132335718540394E-002
   5.0999998860061169      -0.13176018880453930        8.0437542935413317E-002
   5.1099998857825994      -0.13272832725147146        7.9708710196997712E-002
   5.1199998855590820      -0.13368705440571704        7.8946312846767813E-002
   5.1299998853355646      -0.13463595686959776        7.8150835926474038E-002
   5.1399998851120472      -0.13557462742384960        7.7322773954947729E-002
   5.1499998848885298      -0.13650266514327580        7.6462630704629164E-002
   5.1599998846650124      -0.13741967550958281        7.5570918975903359E-002
   5.1699998844414949      -0.13832527052137275        7.4648160369328753E-002
   5.1799998842179775      -0.13921906880126697        7.3694885055844164E-002
   5.1899998839944601      -0.14010069570013639        7.2711631545040026E-002
   5.1999998837709427      -0.14096978339841512        7.1698946451580037E-002
   5.2099998835474253      -0.14182597100447542        7.0657384259860026E-002
   5.2199998833239079      -0.14266890465004262        6.9587507086990824E-002
   5.2299998831003904      -0.14349823758263019        6.8489884444192461E-002
   5.2399998828768730      -0.14431363025497565        6.7365092996687276E-002
   5.2499998826533556      -0.14511475041145980        6.6213716322179525E-002
   5.2599998824298382      -0.14590127317149218        6.5036344668009630E-002
   5.2699998822063208      -0.14667288110984719        6.3833574707071059E-002
   5.2799998819828033      -0.14742926433393641        6.2606009292578230E-002
   5.2899998817592859      -0.14817012055800322        6.1354257211773733E-002
   5.2999998815357685      -0.14889515517422783        6.0078932938663489E-002
   5.3099998813122511      -0.14960408132073102        5.8780656385868248E-002
   5.3199998810887337      -0.15029661994646673        5.7460052655680119E-002
   5.3299998808652163      -0.15097249987299399        5.6117751790412611E-002
   5.3399998806416988      -0.15163145785312085        5.4754388522132810E-002
   5.3499998804181814      -0.15227323862641279        5.3370602021864069E-002
   5.3599998801946640      -0.15289759497156025        5.1967035648347655E-002
   5.3699998799711466      -0.15350428775560057        5.0544336696451614E-002
   5.3799998797476292      -0.15409308597999077        4.9103156145314901E-002
   5.3899998795241117      -0.15466376682352859        4.7644148406314743E-002
   5.3999998793005943      -0.15521611568212063        4.6167971070944946E-002
   5.4099998790770769      -0.15574992620539735        4.4675284658692561E-002
   5.4199998788535595      -0.15626500033017571        4.3166752365000137E-002
   5.4299998786300421      -0.15676114831077129        4.1643039809400442E-002
   5.4399998784065247      -0.15723818874616319        4.0104814783910217E-002
   5.4499998781830072      -0.15769594860401562        3.8552747001769104E-002
   5.4599998779594898      -0.15813426324156155        3.6987507846609639E-002
   5.4699998777359724      -0.15855297642335450        3.5409770122143580E-002
   5.4799998775124550      -0.15895194033589613        3.3820207802449619E-002
   5.4899998772889376      -0.15933101559914764        3.2219495782946819E-002
   5.4999998770654202      -0.15969007127493492        3.0608309632137815E-002
   5.5099998768419027      -0.16002898487225767        2.8987325344205124E-002
   5.5199998766183853      -0.16034764234951421        2.7357219092543447E-002
   5.5299998763948679      -0.16064593811365455        2.5718666984310190E-002
   5.5399998761713505      -0.16092377501627556        2.4072344816075862E-002
   5.5499998759478331      -0.16118106434667256        2.2418927830655331E-002
   5.5599998757243156      -0.16141772582186362        2.0759090475200227E-002
   5.5699998755007982      -0.16163368757360250        1.9093506160632143E-002
   5.5799998752772808      -0.16182888613239887        1.7422847022495469E-002
   5.5899998750537634      -0.16200326640856377        1.5747783683308033E-002
   5.5999998748302460      -0.16215678167030032        1.4068985016486851E-002
   5.6099998746067286      -0.16228939351886038        1.2387117911925562E-002
   5.6199998743832111      -0.16240107186078875        1.0702847043299232E-002
   5.6299998741596937      -0.16249179487727733        9.0168346371713795E-003
   5.6399998739361763      -0.16256154899065300        7.3297402439772025E-003
   5.6499998737126589      -0.16261032882802354        5.6422205109560603E-003
   5.6599998734891415      -0.16263813718210690        3.9549289571053419E-003
   5.6699998732656240      -0.16264498496927027        2.2685157502269036E-003
   5.6799998730421066      -0.16263089118480581        5.8362748613627769E-004
   5.6899998728185892      -0.16259588285547147       -1.0990930298961472E-003
   5.6999998725950718      -0.16253999498932536       -2.7790069994037886E-003
   5.7099998723715544      -0.16246327052288387       -4.4554798446152346E-003
   5.7199998721480370      -0.16236576026563365       -6.1278814199122421E-003
   5.7299998719245195      -0.16224752284192936       -7.7955862207893670E-003
   5.7399998717010021      -0.16210862463030909       -9.4579735902513527E-003
   5.7499998714774847      -0.16194913970026045       -1.1114427922585509E-002
   5.7599998712539673      -0.16176914974647144       -1.2764338864447465E-002
   5.7699998710304499      -0.16156874402060031       -1.4407101513199846E-002
   5.7799998708069324      -0.16134801926059991       -1.6042116612444604E-002
   5.7899998705834150      -0.16110707961763263       -1.7668790744690917E-002
   5.7999998703598976      -0.16084603658061250       -1.9286536521101821E-002
   5.8099998701363802      -0.16056500889841216       -2.0894772768263924E-002
   5.8199998699128628      -0.16026412249977265       -2.2492924711925846E-002
   5.8299998696893454      -0.15994351041095495       -2.4080424157652276E-002
   5.8399998694658279      -0.15960331267117281       -2.5656709668341798E-002
   5.8499998692423105      -0.15924367624584676       -2.7221226738557949E-002
   5.8599998690187931      -0.15886475493772031       -2.8773427965624310E-002
   5.8699998687952757      -0.15846670929587955       -3.0312773217435682E-002
   5.8799998685717583      -0.15804970652271788       -3.1838729796938782E-002
   5.8899998683482409      -0.15761392037888880       -3.3350772603237253E-002
   5.8999998681247234      -0.15715953108628933       -3.4848384289277098E-002
   5.9099998679012060      -0.15668672522911786       -3.6331055416070020E-002
   5.9199998676776886      -0.15619569565305061       -3.7798284603413577E-002
   5.9299998674541712      -0.15568664136258087       -3.9249578677068402E-002
   5.9399998672306538      -0.15515976741656654       -4.0684452812354117E-002
   5.9499998670071363      -0.15461528482203121       -4.2102430674127111E-002
   5.9599998667836189      -0.15405341042626469       -4.3503044553104532E-002
   5.9699998665601015      -0.15347436680726947       -4.4885835498500497E-002
   5.9799998663365841      -0.15287838216259997       -4.6250353446941839E-002
   5.9899998661130667      -0.15226569019664132       -4.7596157347632125E-002
   5.9999998658895493      -0.15163653000637581       -4.8922815283734218E-002
   6.0099998656660318      -0.15099114596568419       -5.0229904589942975E-002
   6.0199998654425144      -0.15032978760823063       -5.1517011966221278E-002
   6.0299998652189970      -0.14965270950897930       -5.2783733587673881E-002
   6.0399998649954796      -0.14896017116439189       -5.4029675210535151E-002
   6.0499998647719622      -0.14825243687135459       -5.5254452274248189E-002
   6.0599998645484447      -0.14752977560488420       -5.6457689999614279E-002
   6.0699998643249273      -0.14679246089466286       -5.7639023482993060E-002
   6.0799998641014099      -0.14604077070045104       -5.8798097786535365E-002
   6.0899998638778925      -0.14527498728642887       -5.9934568024432019E-002
   6.0999998636543751      -0.14449539709451584       -6.1048099445163491E-002
   6.1099998634308577      -0.14370229061671924       -6.2138367509736614E-002
   6.1199998632073402      -0.14289596226656170       -6.3205057965896219E-002
   6.1299998629838228      -0.14207671024963853       -6.4247866918300853E-002
   6.1399998627603054      -0.14124483643335525       -6.5266500894653273E-002
   6.1499998625367880      -0.14040064621589637       -6.6260676907777927E-002
   6.1599998623132706      -0.13954444839447594       -6.7230122513638940E-002
   6.1699998620897532      -0.13867655503292084       -6.8174575865293824E-002
   6.1799998618662357      -0.13779728132863781       -6.9093785762779233E-002
   6.1899998616427183      -0.13690694547901497       -6.9987511698926919E-002
   6.1999998614192009      -0.13600586854730862       -7.0855523901109177E-002
   6.2099998611956835      -0.13509437432806648       -7.1697603368914717E-002
   6.2199998609721661      -0.13417278921213793       -7.2513541907757148E-002
   6.2299998607486486      -0.13324144205132216       -7.3303142158419904E-002
   6.2399998605251312      -0.13230066402270477       -7.4066217622542618E-002
   6.2499998603016138      -0.13135078849273360       -7.4802592684055522E-002
   6.2599998600780964      -0.13039215088108411       -7.5512102626569891E-002
   6.2699998598545790      -0.12942508852436468       -7.6194593646733755E-002
   6.2799998596310616      -0.12844994053971218       -7.6849922863563638E-002
   6.2899998594075441      -0.12746704768832745       -7.7477958323764501E-002
   6.2999998591840267      -0.12647675223900121       -7.8078579003051277E-002
   6.3099998589605093      -0.12547939783167933       -7.8651674803486851E-002
   6.3199998587369919      -0.12447532934111741       -7.9197146546852712E-002
   6.3299998585134745      -0.12346489274067367       -7.9714905964069743E-002
   6.3399998582899570      -0.12244843496628920       -8.0204875680688070E-002
   6.3499998580664396      -0.12142630378070418       -8.0666989198466030E-002
   6.3599998578429222      -0.12039884763795869       -8.1101190873059892E-002
   6.3699998576194048      -0.11936641554822597       -8.1507435887846952E-002
   6.3799998573958874      -0.11832935694302622       -8.1885690223906127E-002
   6.3899998571723700      -0.11728802154086833       -8.2235930626181369E-002
   6.3999998569488525      -0.11624275921336663       -8.2558144565854460E-002
   6.4099998567253351      -0.11519391985187966       -8.2852330198954979E-002
   6.4199998565018177      -0.11414185323471719       -8.3118496321236579E-002
   6.4299998562783003      -0.11308690889496174       -8.3356662319349684E-002
   6.4399998560547829      -0.11202943598895010       -8.3566858118342233E-002
   6.4499998558312654      -0.11096978316546016       -8.3749124125521018E-002
   6.4599998556077480      -0.10990829843564798       -8.3903511170707420E-002
   6.4699998553842306      -0.10884532904377925       -8.4030080442922622E-002
   6.4799998551607132      -0.10778122133879926       -8.4128903423538251E-002
   6.4899998549371958      -0.10671632064678477       -8.4200061815929830E-002
   6.4999998547136784      -0.10565097114432072       -8.4243647471671318E-002
   6.5099998544901609      -0.10458551573284439       -8.4259762313310130E-002
   6.5199998542666435      -0.10352029591399879       -8.4248518253763255E-002
   6.5299998540431261      -0.10245565166603698       -8.4210037112375860E-002
   6.5399998538196087      -0.10139192132131802       -8.4144450527685183E-002
   6.5499998535960913      -0.10032944144493508       -8.4051899866933164E-002
   6.5599998533725739       -9.9268546714515474E-002  -8.3932536132372546E-002
   6.5699998531490564       -9.8209569801231952E-002  -8.3786519864411990E-002
   6.5799998529255390       -9.7152841252063818E-002  -8.3614021041646822E-002
   6.5899998527020216       -9.6098689373346022E-002  -8.3415218977822905E-002
   6.5999998524785042       -9.5047440115643755E-002  -8.3190302215782094E-002
   6.6099998522549868       -9.3999416959989396E-002  -8.2939468418438633E-002
   6.6199998520314693       -9.2954940805517972E-002  -8.2662924256836773E-002
   6.6299998518079519       -9.1914329858536911E-002  -8.2360885295340663E-002
   6.6399998515844345       -9.0877899523064937E-002  -8.2033575874008544E-002
   6.6499998513609171       -8.9845962292874476E-002  -8.1681228988203985E-002
   6.6599998511373997       -8.8818827645071249E-002  -8.1304086165497863E-002
   6.6699998509138823       -8.7796801935243973E-002  -8.0902397339915347E-002
   6.6799998506903648       -8.6780188294216506E-002  -8.0476420723583186E-002
   6.6899998504668474       -8.5769286526434091E-002  -8.0026422675833084E-002
   6.6999998502433300       -8.4764393010014469E-002  -7.9552677569817862E-002
   6.7099998500198126       -8.3765800598494242E-002  -7.9055467656697742E-002
   6.7199998497962952       -8.2773798524299780E-002  -7.8535082927454800E-002
   6.7299998495727777       -8.1788672303971605E-002  -7.7991820972394099E-002
   6.7399998493492603       -8.0810703645170054E-002  -7.7425986838391067E-002
   6.7499998491257429       -7.9840170355489778E-002  -7.6837892883944825E-002
   6.7599998489022255       -7.8877346253109298E-002  -7.6227858632098133E-002
   6.7699998486787081       -7.7922501079301681E-002  -7.5596210621284909E-002
   6.7799998484551907       -7.6975900412831103E-002  -7.4943282254167146E-002
   6.7899998482316732       -7.6037805586259694E-002  -7.4269413644523177E-002
   6.7999998480081558       -7.5108473604188139E-002  -7.3574951462250071E-002
   6.8099998477846384       -7.4188157063452539E-002  -7.2860248776543304E-002
   6.8199998475611210       -7.3277104075299679E-002  -7.2125664897317240E-002
   6.8299998473376036       -7.2375558189561595E-002  -7.1371565214930446E-002
   6.8399998471140862       -7.1483758320849883E-002  -7.0598321038280357E-002
   6.8499998468905687       -7.0601938676789211E-002  -6.9806309431331981E-002
   6.8599998466670513       -6.9730328688308682E-002  -6.8995913048145896E-002
   6.8699998464435339       -6.8869152942009002E-002  -6.8167519966471038E-002
   6.8799998462200165       -6.8018631114622488E-002  -6.7321523519968021E-002
   6.8899998459964991       -6.7178977909582160E-002  -6.6458322129129263E-002
   6.8999998457729816       -6.6350402995715360E-002  -6.5578319130962015E-002
   6.9099998455494642       -6.5533110948076512E-002  -6.4681922607501233E-002
   6.9199998453259468       -6.4727301190932673E-002  -6.3769545213218759E-002
   6.9299998451024294       -6.3933167942915051E-002  -6.2841604001396142E-002
   6.9399998448789120       -6.3150900164348281E-002  -6.1898520249527973E-002
   6.9499998446553946       -6.2380681506769037E-002  -6.0940719283823302E-002
   6.9599998444318771       -6.1622690264644182E-002  -5.9968630302872396E-002
   6.9699998442083597       -6.0877099329298134E-002  -5.8982686200546405E-002
   6.9799998439848423       -6.0144076145058199E-002  -5.7983323388197540E-002
   6.9899998437613249       -5.9423782667625769E-002  -5.6970981616227372E-002
   6.9999998435378075       -5.8716375324680430E-002  -5.5946103795090858E-002
   7.0099998433142900       -5.8022004978723236E-002  -5.4909135815803811E-002
   7.0199998430907726       -5.7340816892164484E-002  -5.3860526370021311E-002
   7.0299998428672552       -5.6672950694660600E-002  -5.2800726769754711E-002
   7.0399998426437378       -5.6018540352703740E-002  -5.1730190766794609E-002
   7.0499998424202204       -5.5377714141467069E-002  -5.0649374371907210E-002
   7.0599998421967030       -5.4750594618907626E-002  -4.9558735673871250E-002
   7.0699998419731855       -5.4137298602128070E-002  -4.8458734658422632E-002
   7.0799998417496681       -5.3537937145997562E-002  -4.7349833027173598E-002
   7.0899998415261507       -5.2952615524031355E-002  -4.6232494016573145E-002
   7.0999998413026333       -5.2381433211527745E-002  -4.5107182216975211E-002
   7.1099998410791159       -5.1824483870960281E-002  -4.3974363391880780E-002
   7.1199998408555984       -5.1281855339622207E-002  -4.2834504297419855E-002
   7.1299998406320810       -5.0753629619519416E-002  -4.1688072502139017E-002
   7.1399998404085636       -5.0239882869507264E-002  -4.0535536207159793E-002
   7.1499998401850462       -4.9740685399665849E-002  -3.9377364066772905E-002
   7.1599998399615288       -4.9256101667907538E-002  -3.8214025009532950E-002
   7.1699998397380114       -4.8786190278809698E-002  -3.7045988059917788E-002
   7.1799998395144939       -4.8331003984664805E-002  -3.5873722160616385E-002
   7.1899998392909765       -4.7890589688739341E-002  -3.4697695995508579E-002
   7.1999998390674591       -4.7464988450732028E-002  -3.3518377813399586E-002
   7.2099998388439417       -4.7054235494421254E-002  -3.2336235252571767E-002
   7.2199998386204243       -4.6658360217490695E-002  -3.1151735166215559E-002
   7.2299998383969069       -4.6277386203521440E-002  -2.9965343448800974E-002
   7.2399998381733894       -4.5911331236138046E-002  -2.8777524863450581E-002
   7.2499998379498720       -4.5560207315295378E-002  -2.7588742870374217E-002
   7.2599998377263546       -4.5224020675692159E-002  -2.6399459456425214E-002
   7.2699998375028372       -4.4902771807296522E-002  -2.5210134965837187E-002
   7.2799998372793198       -4.4596455477968068E-002  -2.4021227932199934E-002
   7.2899998370558023       -4.4305060758160271E-002  -2.2833194911732232E-002
   7.2999998368322849       -4.4028571047686302E-002  -2.1646490317908738E-002
   7.3099998366087675       -4.3766964104530640E-002  -2.0461566257497479E-002
   7.3199998363852501       -4.3520212075688153E-002  -1.9278872368063686E-002
   7.3299998361617327       -4.3288281530011678E-002  -1.8098855656995077E-002
   7.3399998359382153       -4.3071133493048350E-002  -1.6921960342102849E-002
   7.3499998357146978       -4.2868723483844386E-002  -1.5748627693852008E-002
   7.3599998354911804       -4.2681001553697251E-002  -1.4579295879273748E-002
   7.3699998352676630       -4.2507912326833576E-002  -1.3414399807611908E-002
   7.3799998350441456       -4.2349395042990470E-002  -1.2254370977754673E-002
   7.3899998348206282       -4.2205383601877373E-002  -1.1099637327501853E-002
   7.3999998345971107       -4.2075806609494754E-002  -9.9506230847172666E-003
   7.4099998343735933       -4.1960587426285632E-002  -8.8077486204148452E-003
   7.4199998341500759       -4.1859644217095052E-002  -7.6714303038262419E-003
   7.4299998339265585       -4.1772890002912191E-002  -6.5420803594968199E-003
   7.4399998337030411       -4.1700232714369186E-002  -5.4201067264559892E-003
   7.4499998334795237       -4.1641575246970174E-002  -4.3059129195069500E-003
   7.4599998332560062       -4.1596815518023536E-002  -3.1998978926799566E-003
   7.4699998330324888       -4.1565846525249688E-002  -2.1024559048922840E-003
   7.4799998328089714       -4.1548556407036405E-002  -1.0139763878571067E-003
   7.4899998325854540       -4.1544828504313007E-002   6.5156183717462058E-005
   7.4999998323619366       -4.1554541424014275E-002   1.1345624195989131E-003
   7.5099998321384192       -4.1577569104104532E-002   2.1938681391311995E-003
   7.5199998319149017       -4.1613780880131720E-002   3.2427044939276530E-003
   7.5299998316913843       -4.1663041553281016E-002   4.2807080881187148E-003
   7.5399998314678669       -4.1725211459896897E-002   5.3075210961182730E-003
   7.5499998312443495       -4.1800146542442261E-002   6.3227913778734221E-003
   7.5599998310208321       -4.1887698421862726E-002   7.3261725915635262E-003
   7.5699998307973146       -4.1987714471323823E-002   8.3173243037155051E-003
   7.5799998305737972       -4.2100037891288411E-002   9.2959120967033414E-003
   7.5899998303502798       -4.2224507785901262E-002   1.0261607673600869E-002
   7.5999998301267624       -4.2360959240647353E-002   1.1214088960357995E-002
   7.6099998299032450       -4.2509223401250136E-002   1.2153040205271587E-002
   7.6199998296797276       -4.2669127553775617E-002   1.3078152075723350E-002
   7.6299998294562101       -4.2840495205907783E-002   1.3989121752158136E-002
   7.6399998292326927       -4.3023146169360614E-002   1.4885653019277210E-002
   7.6499998290091753       -4.3216896643391609E-002   1.5767456354422130E-002
   7.6599998287856579       -4.3421559299381469E-002   1.6634249013126011E-002
   7.6699998285621405       -4.3636943366444289E-002   1.7485755111810070E-002
   7.6799998283386230       -4.3862854718032349E-002   1.8321705707604455E-002
   7.6899998281151056       -4.4099095959499429E-002   1.9141838875273511E-002
   7.6999998278915882       -4.4345466516586204E-002   1.9945899781226788E-002
   7.7099998276680708       -4.4601762724791195E-002   2.0733640754598173E-002
   7.7199998274445534       -4.4867777919590429E-002   2.1504821355376746E-002
   7.7299998272210360       -4.5143302527468919E-002   2.2259208439574019E-002
   7.7399998269975185       -4.5428124157726742E-002   2.2996576221413444E-002
   7.7499998267740011       -4.5722027695022406E-002   2.3716706332529158E-002
   7.7599998265504837       -4.6024795392616155E-002   2.4419387878162079E-002
   7.7699998263269663       -4.6336206966275495E-002   2.5104417490342677E-002
   7.7799998261034489       -4.6656039688805322E-002   2.5771599378050812E-002
   7.7899998258799314       -4.6984068485164870E-002   2.6420745374344211E-002
   7.7999998256564140       -4.7320066028133524E-002   2.7051674980448321E-002
   7.8099998254328966       -4.7663802834487595E-002   2.7664215406801376E-002
   7.8199998252093792       -4.8015047361649986E-002   2.8258201611049676E-002
   7.8299998249858618       -4.8373566104774758E-002   2.8833476332989230E-002
   7.8399998247623444       -4.8739123694228399E-002   2.9389890126451025E-002
   7.8499998245388269       -4.9111482993429767E-002   2.9927301388128345E-002
   7.8599998243153095       -4.9490405197010548E-002   3.0445576383345670E-002
   7.8699998240917921       -4.9875649929258130E-002   3.0944589268769824E-002
   7.8799998238682747       -5.0266975342802805E-002   3.1424222112065164E-002
   7.8899998236447573       -5.0664138217511270E-002   3.1884364908495735E-002
   7.8999998234212399       -5.1066894059548409E-002   3.2324915594478372E-002
   7.9099998231977224       -5.1474997200569458E-002   3.2745780058091943E-002
   7.9199998229742050       -5.1888200897004688E-002   3.3146872146548947E-002
   7.9299998227506876       -5.2306257429398852E-002   3.3528113670636753E-002
   7.9399998225271702       -5.2728918201767769E-002   3.3889434406137002E-002
   7.9499998223036528       -5.3155933840934456E-002   3.4230772092232589E-002
   7.9599998220801353       -5.3587054295807506E-002   3.4552072426912897E-002
   7.9699998218566179       -5.4022028936564374E-002   3.4853289059388885E-002
   7.9799998216331005       -5.4460606653702531E-002   3.5134383579530790E-002
   7.9899998214095831       -5.4902535956921551E-002   3.5395325504342184E-002
