   0.00000000       1.00000000       0.00000000    
   2.5000000000000000        1.0000000000000000        0.0000000000000000        0.0000000000000000     
   2.5200000000000000        1.0000000000000000        0.0000000000000000        0.0000000000000000     
   2.5400000000000000       0.99948050451920789        0.0000000000000000        4.1559638463368743E-004
   2.5600000000000001       0.99792180668234876        4.0000000000000002E-004   1.6625546541209958E-003
   2.5800000000000001       0.99636470970434110        1.1999999999999999E-003   2.9082322365271197E-003
   2.6000000000000001       0.99377157775343894        2.3986882684012369E-003   4.9827377972488486E-003
   2.6200000000000001       0.99118196239452927        3.9960648499587212E-003   7.0544300843765843E-003
   2.6400000000000001       0.98756263511075937        5.9895107926761009E-003   9.9498919113925055E-003
   2.6600000000000001       0.98394904607851996        8.3790268541954933E-003   1.2840763137184031E-002
   2.6800000000000002       0.97931520138186401        1.1160695985744484E-002   1.6547838894508792E-002
   2.7000000000000002       0.97468961014504063        1.4334521062180727E-002   2.0248311883967498E-002
   2.7200000000000002       0.96905631963544181        1.7895300519477738E-002   2.4754944291646555E-002
   2.7400000000000002       0.96343407559153904        2.1843041595988540E-002   2.9252739526768767E-002
   2.7600000000000002       0.95681974522994295        2.6171276083611809E-002   3.4544203816045636E-002
   2.7800000000000002       0.95021951309219199        3.0880018767035111E-002   3.9824389526246409E-002
   2.8000000000000003       0.94264581027942351        3.5961556777282876E-002   4.5883351776461190E-002
   2.8199999999999998       0.93508949396401597        4.1415916644277274E-002   5.1928404828787224E-002
   2.8399999999999999       0.92658126133398322        4.7234166750589709E-002   5.8734990932813425E-002
   2.8599999999999999       0.91809391468649892        5.3416350646980651E-002   6.5524868250800866E-002
   2.8799999999999999       0.90867907098758871        5.9952347625290045E-002   7.3056743209929040E-002
   2.8999999999999999       0.89928879574431786        6.6842224647741949E-002   8.0568963404545724E-002
   2.9199999999999999       0.88899822423890440        7.4074705137216423E-002   8.8801420608876483E-002
   2.9399999999999999       0.87873605567410829        8.1649886985936851E-002   9.7011155460713372E-002
   2.9600000000000000       0.86760348054066383        8.9555374358530324E-002  0.10591721556746894     
   2.9800000000000000       0.85650326130455823        9.7791304708453430E-002  0.11479739095635343     
   3.0000000000000000       0.84456511257974731       0.10634420277582392       0.12434790993620215     
   3.0200000000000000       0.83266335528394120       0.11521425527377317       0.13386931577284705     
   3.0400000000000000       0.81995862293309263       0.12438695042065089       0.14403310165352590     
   3.0600000000000001       0.80729436209015826       0.13386253487751576       0.15416451032787340     
   3.0800000000000001       0.79386443984341148       0.14362550617267231       0.16490844812527083     
   3.1000000000000001       0.78047907381496839       0.15367618248283166       0.17561674094802529     
   3.1200000000000001       0.76636759345294325       0.16399811928261190       0.18690592523764540     
   3.1400000000000001       0.75230471710586766       0.17459171856789052       0.19815622631530588     
   3.1600000000000001       0.73755737392263931       0.18543964509302657       0.20995410086188857     
   3.1800000000000002       0.72286260273548908       0.19654239753558117       0.22170991781160876     
   3.2000000000000002       0.70752697294769362       0.20788180386991617       0.23397842164184512     
   3.2200000000000002       0.69224775934890126       0.21945847266782170       0.24620179252087901     
   3.2400000000000002       0.67637311025766378       0.23125345159785266       0.25890151179386900     
   3.2600000000000002       0.66055855301321453       0.24326747244900510       0.27155315758942838     
   3.2800000000000002       0.64419564675999519       0.25548086153601152       0.28464348259200384     
   3.3000000000000003       0.62789629426089055       0.26789448703048913       0.29768296459128757     
   3.3200000000000003       0.61109718604900154       0.28048801528267159       0.31112225116079878     
   3.3399999999999999       0.59436483437754339       0.29326246356110364       0.32450813249796528     
   3.3599999999999999       0.57718266605772828       0.30619690205179789       0.33825386715381739     
   3.3799999999999999       0.56007015273628125       0.31929250906776185       0.35194387781097503     
   3.3999999999999999       0.54255894267710891       0.33252782482762300       0.36595284585831289     
   3.4199999999999999       0.52511993702326931       0.34590419953580670       0.37990405038138458     
   3.4399999999999999       0.50733436720495084       0.35939971203202353       0.39413250623603935     
   3.4600000000000000       0.48962315823275837       0.37301589381100281       0.40830147341379330     
   3.4800000000000000       0.47161835951614201       0.38673043331526819       0.42270531238708636     
   3.5000000000000000       0.45368964233393094       0.40054505092436976       0.43704828613285529     
   3.5200000000000000       0.43552097886470131       0.41443711806359551       0.45158321690823899     
   3.5400000000000000       0.41742964052626352       0.42840854942756956       0.46605628757898920     
   3.5600000000000001       0.39915249423764926       0.44243647520729584       0.48067800460988064     
   3.5800000000000001       0.38095340000446654       0.45652300732044815       0.49523727999642680     
   3.6000000000000001       0.36262295617995799       0.47064511291059219       0.50990163505603359     
   3.6200000000000001       0.34437073714830524       0.48480510115367237       0.52450341028135583     
   3.6400000000000001       0.32604177199897894       0.49897985672973277       0.53916658240081683     
   3.6600000000000001       0.30779061503669436       0.51317188289823401       0.55376750797064456     
   3.6800000000000002       0.28951728623574507       0.52735806483825498       0.56838617101140387     
   3.7000000000000002       0.27132072715944905       0.54154109318981380       0.58294341827244078     
   3.7200000000000002       0.25315636825951526       0.55569793893830655       0.59747490539238779     
   3.7400000000000002       0.23506708916412930       0.56983146957952802       0.61194632866869658     
   3.7600000000000002       0.21706400880107882       0.58391882950402119       0.62634879295913704     
   3.7800000000000002       0.19913364042977946       0.59796304845317727       0.64069308765617650     
   3.8000000000000003       0.18134292718995945       0.61194153403701590       0.65492565824803251     
   3.8200000000000003       0.16362185720438571       0.62585745931856618       0.66910251423649147     
   3.8399999999999999       0.14609319100114113       0.63968858705484555       0.68312544719908708     
   3.8599999999999999       0.12863037897896959       0.65343821020439163       0.69709569681682437     
   3.8799999999999999       0.11141184974873608       0.66708454058031152       0.71087052020101116     
   3.8999999999999999        9.4254649698903098E-002  0.68063096296429759       0.72459628024087763     
   3.9199999999999999        7.7392584187660485E-002  0.69405623395256444       0.73808593264987166     
   3.9399999999999999        6.0586575332825666E-002  0.70736379733550181       0.75153073973373952     
   3.9600000000000000        4.4125372700456897E-002  0.72053305183945082       0.76469970183963454     
   3.9800000000000000        2.7714199232073411E-002  0.73356746266250639       0.77782864061434132     
   4.0000000000000000        1.1696176155533637E-002  0.74644716939414779       0.79064305907557308     
   4.0200000000000005       -4.2786033805579105E-003  0.75917561626231245       0.80342288270444639     
   4.0400000000000000       -1.9813357474058699E-002  0.77173378356727840       0.81585068597924693     
   4.0600000000000005       -3.5312410553929918E-002  0.78412504747782652       0.82824992844314405     
   4.0800000000000001       -5.0326167544943984E-002  0.79633132965794617       0.84026093403595525     
   4.0999999999999996       -6.5312517250065844E-002  0.80835588654020640       0.85225001380005283     
   4.1200000000000001       -7.9770033152119696E-002  0.82018168226293287       0.86381602652169576     
   4.1399999999999997       -9.4209176460408883E-002  0.83181179743835998       0.87536734116832715     
   4.1600000000000001      -0.10807780254520365       0.84323033986227491       0.88646224203616297     
   4.1799999999999997      -0.12193781688693965       0.85444015407410401       0.89755025350955175     
   4.2000000000000002      -0.13518759870080577       0.86542659236096220       0.90815007896064470     
   4.2199999999999998      -0.14843923639519993       0.87619219906419021       0.91875138911615994     
   4.2400000000000002      -0.16104300031788440       0.88672367099024729       0.92883440025430763     
   4.2599999999999998      -0.17365977056576090       0.89702318463506270       0.93892781645260881     
   4.2800000000000002      -0.18559319762345594       0.90707888005751802       0.94847455809876480     
   4.2999999999999998      -0.19755143579208290       0.91689249514239224       0.95804114863366641     
   4.3200000000000003      -0.20879312249814530       0.92645371012044364       0.96703449799851637     
   4.3399999999999999      -0.22007204649543680       0.93576375083469021       0.97605763719634953     
   4.3600000000000003      -0.23060355255420326       0.94481393224879773       0.98448284204336256     
   4.3799999999999999      -0.24118530615101824       0.95360489256835845       0.99294824492081468     
   4.4000000000000004      -0.25099118892221361       0.96212967312558961        1.0007929511377709     
   4.4199999999999999      -0.26086087194303709       0.97038824726987682        1.0086886975544296     
   4.4400000000000004      -0.26992870762623478       0.97837547082756859        1.0159429661009878     
   4.4600000000000000      -0.27907439298988590       0.98609057402927280        1.0232595143919088     
   4.4800000000000004      -0.28739478455005774       0.99353031121344959        1.0299158276400462     
   4.5000000000000000      -0.29580752220298195        1.0006930907971259        1.0366460177623855     
   4.5200000000000005      -0.30337409411912764        1.0075776449360476        1.0426992752953022     
   4.5400000000000000      -0.31104790196406368        1.0141814817448747        1.0488383215712511     
   4.5600000000000005      -0.31785728194300183        1.0205053851816073        1.0542858255544016     
   4.5800000000000001      -0.32478912392513704        1.0265458854348288        1.0598312991401098     
   4.6000000000000005      -0.33084091178154651        1.0323058863256380        1.0646727294252372     
   4.6200000000000001      -0.33703066335246584        1.0377808640316815        1.0696245306819727     
   4.6399999999999997      -0.34232738731396256        1.0429759037792645        1.0738619098511701     
   4.6600000000000001      -0.34777778855053620        1.0478853538712811        1.0782222308404290     
   4.6799999999999997      -0.35232484930274000        1.0525165353831689        1.0818598794421921     
   4.7000000000000002      -0.35704144601336202        1.0568625977845714        1.0856331568106896     
   4.7199999999999998      -0.36084704885433111        1.0609331447873387        1.0886776390834649     
   4.7400000000000002      -0.36483812205840072        1.0647200596546658        1.0918704976467206     
   4.7599999999999998      -0.36791319758427277        1.0682352673337354        1.0943305580674181     
   4.7800000000000002      -0.37118968180227990        1.0714693217627607        1.0969517454418241     
   4.7999999999999998      -0.37354779559623796        1.0744364990353861        1.0988382364769904     
   4.8200000000000003      -0.37612318643705633        1.0771259655535756        1.1008985491496450     
   4.8399999999999999      -0.37778043828162228        1.0795543693189209        1.1022243506252980     
   4.8600000000000003      -0.37967068986040625        1.0817094365230038        1.1037365518883251     
   4.8799999999999999      -0.38064560303833306        1.0836101982679252        1.1045164824306664     
   4.9000000000000004      -0.38186901580253951        1.0852428939993473        1.1054952126420317     
   4.9199999999999999      -0.38218241709401668        1.0866289391713584        1.1057459336752133     
   4.9400000000000004      -0.38275951667631325        1.0877530466544614        1.1062076133410508     
   4.9600000000000000      -0.38243440769960158        1.0886390072442855        1.1059475261596814     
   4.9800000000000004      -0.38238781545456568        1.0892699746421852        1.1059102523636526     
   5.0000000000000000      -0.38144923603334052        1.0896720954470414        1.1051593888266724     
   5.0200000000000005      -0.38080353194969296        1.0898269393180402        1.1046428255597545     
   5.0400000000000000      -0.37927841622309805        1.0897629783833340        1.1034227329784785     
   5.0600000000000005      -0.37805999493455861        1.0894601815462679        1.1024479959476470     
   5.0800000000000001      -0.37597702095507662        1.0889493053073314        1.1007816167640614     
   5.1000000000000005      -0.37421394160059135        1.0882087096472515        1.0993711532804731     
   5.1200000000000001      -0.37160337519015268        1.0872713833142600        1.0972827001521221     
   5.1399999999999997      -0.36932520589806206        1.0861140780802339        1.0954601647184496     
   5.1600000000000001      -0.36621873955419126        1.0847719518280794        1.0929749916433529     
   5.1799999999999997      -0.36345639734473706        1.0832201579924616        1.0907651178757898     
   5.2000000000000002      -0.35988698500584748        1.0814959495332199        1.0879095880046781     
   5.2199999999999998      -0.35667257192213209        1.0795729007964057        1.0853380575377056     
   5.2400000000000002      -0.35267426041422173        1.0774902749249065        1.0821394083313773     
   5.2599999999999998      -0.34904089670324057        1.0752200959612190        1.0792327173625924     
   5.2800000000000002      -0.34464865469913453        1.0728035416740251        1.0757189237593077     
   5.2999999999999998      -0.34063030987172888        1.0702111242229531        1.0725042478973832     
   5.3200000000000003      -0.33587985519861130        1.0674858300177794        1.0687038841588892     
   5.3399999999999999      -0.33151117780009626        1.0645967074301375        1.0652089422400770     
   5.3600000000000003      -0.32643880393135405        1.0615884353962373        1.0611510431450832     
   5.3799999999999999      -0.32175495085315536        1.0584286562470457        1.0574039606825243     
   5.4000000000000004      -0.31639735341653091        1.0551636155574489        1.0531178827332248     
   5.4199999999999999      -0.31143381957343547        1.0517596169362893        1.0491470556587483     
   5.4400000000000004      -0.30582792369919676        1.0482643373499116        1.0446623389593575     
   5.4600000000000000      -0.30062037288683968        1.0446428184352934        1.0404962983094719     
   5.4800000000000004      -0.29480316220719771        1.0409440244109103        1.0358425297657583     
   5.5000000000000000      -0.28938725994025583        1.0371318209278215        1.0315098079522047     
   5.5200000000000005      -0.28339560803469049        1.0332563069427869        1.0267164864277525     
   5.5400000000000000      -0.27780685714804160        1.0292802670920684        1.0222454857184333     
   5.5600000000000005      -0.27167736220867172        1.0252547747464538        1.0173418897669373     
   5.5800000000000001      -0.26595094198165192        1.0211416371811661        1.0127607535853216     
   5.6000000000000005      -0.25971976544845443        1.0169927346528895        1.0077758123587637     
   5.6200000000000001      -0.25389037498646777        1.0127690090603838        1.0031122999891744     
   5.6399999999999997      -0.24759308487419840        1.0085229734589252       0.99807446789935883     
   5.6600000000000001      -0.24169479145249190        1.0042148242880917       0.99335583316199350     
   5.6799999999999997      -0.23536621105978245       0.99989752743374527       0.98829296884782603     
   5.7000000000000002      -0.22943230410140616       0.99553066128506218       0.98354584328112493     
   5.7199999999999998      -0.22310636675793097       0.99116745941745721       0.97848509340634482     
   5.7400000000000002      -0.21716921808198139       0.98676701658905430       0.97373537446558511     
   5.7599999999999998      -0.21087882855203052       0.98238264448308699       0.96870306284162444     
   5.7800000000000002      -0.20496975948946761       0.97797309513935959       0.96397580759157409     
   5.7999999999999998      -0.19874666260998278       0.97359156507888100       0.95899733008798627     
   5.8200000000000003      -0.19289581854286775       0.96919661047935823       0.95431665483429429     
   5.8399999999999999      -0.18677047563124236       0.96484111650915216       0.94941638050499388     
   5.8600000000000003      -0.18100670846742539       0.96048359570451614       0.94480536677394034     
   5.8799999999999999      -0.17500818198940488       0.95617642354943211       0.94000654559152397     
   5.9000000000000004      -0.16935894103876500       0.95187822591909754       0.93548715283101203     
   5.9199999999999999      -0.16351478797987365       0.94764066892596388       0.93081183038389903     
   5.9400000000000004      -0.15800601965044855       0.94342265289752092       0.92640481572035882     
   5.9600000000000000      -0.15234219398578114       0.93927493432075648       0.92187375518862502     
   5.9800000000000004      -0.14699825066879296       0.93515685257620762       0.91759860053503450     
   6.0000000000000000      -0.14153901527601487       0.93111805449214358       0.91323121222081205     
   6.0200000000000005      -0.13638257373817270       0.92711848592932644       0.90910605899053820     
   6.0400000000000000      -0.13115042204743657       0.92320648502735014       0.90492033763794932     
   6.0600000000000005      -0.12620241159724754       0.91934277370750384       0.90096192927779806     
   6.0800000000000001      -0.12121799921972543       0.91557418416840464       0.89697439937578027     
   6.1000000000000005      -0.11649753986214408       0.91186238544269360       0.89319803188971536     
   6.1200000000000001      -0.11177962638625547       0.90825250907630595       0.88942370110900437     
   6.1400000000000006      -0.10730397712710978       0.90470734304546707       0.88584318170168785     
   6.1600000000000001      -0.10286937821855774       0.90127012682097896       0.88229550257484624     
   6.1799999999999997       -9.8653895627075480E-002  0.89790493924332715       0.87892311650166044     
   6.2000000000000002       -9.4517445515742829E-002  0.89465294030672915       0.87561395641259443     
   6.2199999999999998       -9.0575552600420425E-002  0.89147967103071557       0.87246044208033635     
   6.2400000000000002       -8.6750076984279903E-002  0.88842402926499153       0.86940006158742400     
   6.2599999999999998       -8.3093242384545032E-002  0.88545318822357622       0.86647459390763604     
   6.2800000000000002       -7.9589541728251167E-002  0.88260360636850466       0.86367163338260089     
   6.2999999999999998       -7.6227269172120873E-002  0.87984425713397307       0.86098181533769669     
   6.3200000000000003       -7.3054112326123202E-002  0.87720898844412365       0.85844328986089868     
   6.3399999999999999       -6.9993940252598794E-002  0.87466873930382394       0.85599515220207911     
   6.3600000000000003       -6.7158068267689427E-002  0.87225458268555234       0.85372645461415153     
   6.3799999999999999       -6.4405579462201212E-002  0.86993958516153680       0.85152446356976097     
   6.4000000000000004       -6.1911719424621897E-002  0.86775188769282330       0.84952937553969754     
   6.4199999999999999       -5.9470560466679208E-002  0.86566684239174263       0.84757644837334345     
   6.4400000000000004       -5.7321449130498928E-002  0.86370950909260746       0.84585715930439920     
   6.4600000000000000       -5.5193359405047035E-002  0.86185767873659669       0.84415468752403777     
   6.4800000000000004       -5.3389776351708884E-002  0.86013318942286576       0.84271182108136711     
   6.5000000000000000       -5.1574626329771604E-002  0.85851641887770624       0.84125970106381731     
   6.5200000000000005       -5.0115436339720591E-002  0.85702585189717351       0.84009234907177643     
   6.5400000000000000       -4.8611274789935988E-002  0.85564459498096568       0.83888901983194875     
   6.5600000000000005       -4.7493479068293293E-002  0.85438765759868784       0.83799478325463461     
   6.5800000000000001       -4.6296588819142462E-002  0.85324101042266953       0.83703727105531400     
   6.6000000000000005       -4.5515384676694477E-002  0.85221607559140022       0.83641230774135567     
   6.6200000000000001       -4.4620346509782902E-002  0.85130181615462663       0.83569627720782647     
   6.6400000000000006       -4.4169195062303747E-002  0.85050596537735934       0.83533535604984310     
   6.6600000000000001       -4.3568959280173916E-002  0.84982059910884455       0.83485516742413923     
   6.6799999999999997       -4.3439660693485233E-002  0.84924967107325422       0.83475172855478830     
   6.7000000000000002       -4.3125625871298437E-002  0.84878848198893353       0.83450050069703874     
   6.7199999999999998       -4.3308401646665093E-002  0.84843712662830328       0.83464672131733220     
   6.7400000000000002       -4.3270500045855996E-002  0.84819423374602421       0.83461640003668480     
   6.7599999999999998       -4.3754081810481231E-002  0.84805597135809740       0.83500326544838499     
   6.7800000000000002       -4.3980870904312276E-002  0.84802438999180019       0.83518469672344997     
   6.7999999999999998       -4.4752595144975663E-002  0.84809167502609650       0.83580207611598056     
   6.8200000000000003       -4.5231354680933721E-002  0.84826338256056211       0.83618508374474709     
   6.8399999999999999       -4.6277262835336841E-002  0.84852767166598408       0.83702181026826961     
   6.8600000000000003       -4.6994096837637354E-002  0.84889367739608645       0.83759527747010998     
   6.8799999999999999       -4.8299040137893670E-002  0.84934550130438147       0.83863923211031510     
   6.9000000000000004       -4.9238983235084327E-002  0.84989591990766189       0.83939118658806755     
   6.9199999999999999       -5.0786731681099144E-002  0.85052495871441314       0.84062938534487930     
   6.9400000000000004       -5.1933859128960647E-002  0.85124908691321965       0.84154708730316852     
   6.9600000000000000       -5.3707213956261005E-002  0.85204424830660375       0.84296577116500893     
   6.9800000000000004       -5.5044754714940747E-002  0.85293064426587561       0.84403580377195275     
   7.0000000000000000       -5.7025663711878186E-002  0.85388014424453962       0.84562053096950263     
   7.0200000000000005       -5.8536115928494822E-002  0.85491670924370267       0.84682889274279582     
   7.0400000000000000       -6.0705790951678509E-002  0.85600815485870219       0.84856463276134297     
   7.0600000000000005       -6.2371039195510604E-002  0.85718221677104300       0.84989683135640848     
   7.0800000000000001       -6.4710075229833644E-002  0.85840269042294848       0.85176806018386708     
   7.1000000000000005       -6.6511508826640475E-002  0.85970108853324945       0.85320920706131254     
   7.1200000000000001       -6.9000003937315604E-002  0.86103723335415039       0.85520000314985245     
   7.1400000000000006       -7.0918635752297093E-002  0.86244640404528849       0.85673490860183765     
   7.1600000000000001       -7.3536311280874372E-002  0.86388450989660903       0.85882904902469959     
   7.1799999999999997       -7.5552896306203404E-002  0.86539057273821240       0.86044231704496266     
   7.2000000000000002       -7.8279216670535570E-002  0.86691666235882869       0.86262337333642847     
   7.2199999999999998       -8.0374369783212218E-002  0.86850550613587074       0.86429949582656984     
   7.2400000000000002       -8.3188661252676738E-002  0.87010542098103605       0.86655092900214137     
   7.2599999999999998       -8.5342973521563240E-002  0.87176278920742900       0.86827437881725056     
   7.2800000000000002       -8.8224541353437907E-002  0.87342227452735532       0.87057963308275044     
   7.2999999999999998       -9.0418694290621049E-002  0.87513384999905075       0.87233495543249695     
   7.3200000000000003       -9.3346937631219096E-002  0.87683863871658263       0.87467755010497528     
   7.3399999999999999       -9.5561814802181289E-002  0.87859012667033554       0.87644945184174505     
   7.3600000000000003       -9.8516338777042411E-002  0.88032602162995821       0.87881307102163397     
   7.3799999999999999      -0.10073313420635757       0.88210323108769806       0.88058650736508604     
   7.4000000000000004      -0.10369385864730946       0.88385618526294041       0.88295508691784763     
   7.4199999999999999      -0.10589418148155502       0.88564510815747133       0.88471534518524408     
   7.4400000000000004      -0.10884144576463758       0.88740130242062154       0.88707315661171016     
   7.4600000000000000      -0.11100742068175708       0.88918819011606487       0.88880593654540574     
   7.4800000000000004      -0.11392208417866113       0.89093410819278662       0.89113766734292899     
   7.5000000000000000      -0.11603644706294078       0.89270554503266253       0.89282915765035264     
   7.5200000000000005      -0.11889998473956438       0.89442804528453312       0.89511998779165158     
   7.5400000000000000      -0.12094617317351025       0.89617101882151762       0.89675693853880822     
   7.5600000000000005      -0.12374076590228320       0.89785740252155433       0.89899261272182651     
   7.5800000000000001      -0.12570300406080392       0.89955937010563958       0.90056240324864312     
   7.6000000000000005      -0.12841162324836941       0.90119744589539874       0.90272929859869555     
   7.6200000000000001      -0.13027500081657778       0.90284639732126948       0.90422000065326236     
   7.6400000000000006      -0.13288148698503924       0.90442454156297869       0.90630518958803141     
   7.6600000000000001      -0.13463203175847377       0.90600905750278393       0.90770562540677902     
   7.6799999999999997      -0.13712116675650093       0.90751627026604753       0.90969693340520075     
   7.7000000000000002      -0.13874591062142100       0.90902557624022695       0.91099672849713687     
   7.7199999999999998      -0.14110348318084157       0.91045153268998269       0.91288278654467325     
   7.7400000000000002      -0.14259052121224894       0.91187554835629603       0.91407241696979913     
   7.7599999999999998      -0.14480338560611189       0.91321064533677598       0.91584270848488958     
   7.7800000000000002      -0.14614192806207668       0.91454002890597597       0.91691354244966128     
   7.7999999999999998      -0.14819805566133384       0.91577542654422095       0.91855844452906710     
   7.8200000000000003      -0.14937847269383239       0.91700161415983406       0.91950277815506587     
   7.8399999999999999      -0.15126699626152418       0.91812927234178543       0.92101359700921925     
   7.8600000000000003      -0.15228085520610563       0.91924451229099480       0.92182468416488461     
   7.8799999999999999      -0.15399210581002734       0.92025722189304970       0.92319368464802187     
   7.9000000000000004      -0.15483220095899261       0.92125460354558675       0.92386576076719418     
   7.9199999999999999      -0.15635773742603484       0.92214601233474325       0.92508618994082781     
   7.9400000000000004      -0.15701811223221041       0.92301948973687287       0.92561448978576844     
   7.9600000000000000      -0.15835074310968614       0.92378412288290246       0.92668059448774898     
   7.9800000000000004      -0.15882670481008523       0.92452853296377724       0.92706136384806825     
   8.0000000000000000      -0.15996050284115415       0.92516180813721005       0.92796840227292332     
   8.0199999999999996      -0.16024862953161648       0.92577288351502762       0.92819890362529334     
   8.0400000000000009      -0.16117893869317240       0.92627112057489169       0.92894315095453794     
   8.0600000000000005      -0.16127707892624313       0.92674549698017072       0.92902166314099466     
   8.0800000000000001      -0.16200051411812691       0.92710592228524302       0.92960041129450155     
   8.0999999999999996      -0.16190777913676102       0.92744114064800776       0.92952622330940893     
   8.1200000000000010      -0.16242221865068462       0.92766188605466715       0.92993777492054763     
   8.1400000000000006      -0.16213896740963202       0.92785638933129000       0.92971117392770575     
   8.1600000000000001      -0.16244353834454206       0.92793648596972900       0.92995483067563356     
   8.1799999999999997      -0.16197135550927874       0.92798961081335252       0.92957708440742304     
   8.1999999999999993      -0.16206641233684799       0.92792897776179561       0.92965312986947846     
   8.2200000000000006      -0.16140807948646907       0.92784094116762594       0.92912646358917539     
   8.2400000000000002      -0.16129517600578847       0.92764036917109283       0.92903614080463093     
   8.2599999999999998      -0.16045463630117948       0.92741225025418128       0.92836370904094356     
   8.2799999999999994      -0.16013649125534626       0.92707338066016665       0.92810919300427708     
   8.3000000000000007      -0.15911880786701971       0.92670709774845594       0.92729504629361592     
   8.3200000000000003      -0.15859926452600381       0.92623239685644065       0.92687941162080323     
   8.3399999999999999      -0.15741057314705639       0.92573068010573467       0.92592845851764505     
   8.3599999999999994      -0.15669455319081543       0.92512340915066182       0.92535564255265246     
   8.3800000000000008      -0.15534200898936937       0.92448976891061874       0.92427360719149554     
   8.4000000000000004      -0.15443546105252071       0.92375394992211546       0.92354836884201663     
   8.4199999999999999      -0.15292718044461437       0.92299264110326973       0.92234174435569161     
   8.4399999999999995      -0.15183702370892505       0.92213301890249466       0.92146961896714008     
   8.4600000000000009      -0.15018202135698189       0.92124900161354295       0.92014561708558562     
   8.4800000000000004      -0.14891608460038228       0.92027100222784064       0.91913286768030589     
   8.5000000000000000      -0.14712420606399673       0.91926989896991584       0.91769936485119752     
   8.5199999999999996      -0.14569116259465609       0.91817958476201289       0.91655293007572503     
   8.5400000000000009      -0.14377301307939097       0.91706763448228001       0.91501841046351284     
   8.5600000000000005      -0.14218231200052464       0.91587165630532130       0.91374584960041971     
   8.5800000000000001      -0.14014918166663323       0.91465566562595091       0.91211934533330652     
   8.5999999999999996      -0.13841097593207094       0.91336121232835998       0.91072878074565677     
   8.6200000000000010      -0.13627476223847357       0.91204850427861117       0.90901980979077879     
   8.6400000000000006      -0.13439983397055347       0.91066324989331282       0.90751986717644284     
   8.6600000000000001      -0.13217296153996536       0.90926161048215126       0.90573836923197237     
   8.6799999999999997      -0.13017264508999410       0.90779365944325907       0.90413811607199523     
   8.7000000000000011      -0.12786798358879006       0.90631128241747838       0.90229438687103214     
   8.7200000000000006      -0.12575408682611020       0.90476911315397290       0.90060326946088820     
   8.7400000000000002      -0.12338486735731036       0.90321454329231088       0.89870789388584837     
   8.7599999999999998      -0.12116959167594273       0.90160695055252549       0.89693567334075430     
   8.7799999999999994      -0.11874932218562029       0.89998902584959417       0.89499945774849621     
   8.8000000000000007      -0.11644518171752291       0.89832506211255925       0.89315614537401844     
   8.8200000000000003      -0.11398756191399323       0.89665285520769189       0.89119004953119463     
   8.8399999999999999      -0.11160730243523392       0.89494177153745214       0.88928584194818727     
   8.8599999999999994      -0.10912613871662648       0.89322453074274333       0.88730091097330122     
   8.8800000000000008      -0.10668265672726002       0.89147571743981124       0.88534612538180812     
   8.9000000000000004      -0.10419177760655834       0.88972280771874834       0.88335342208524681     
   8.9199999999999999      -0.10169804005679824       0.88794573511883212       0.88135843204543862     
   8.9399999999999995       -9.9211212564231044E-002  0.88616657936202603       0.87936897005138492     
   8.9600000000000009       -9.6680177688695773E-002  0.88437073912619457       0.87734414215095669     
   8.9800000000000004       -9.4211025219562969E-002  0.88257476006390789       0.87536882017565043     
   9.0000000000000000       -9.1655564928055433E-002  0.88076960729644260       0.87332445194244446     
   9.0199999999999996       -8.9217486989776940E-002  0.87896617037886415       0.87137398959182166     
   9.0400000000000009       -8.6650311247334105E-002  0.87716106689931983       0.86932024899786731     
   9.0600000000000005       -8.4256405542830842E-002  0.87535942446505910       0.86740512443426465     
   9.0800000000000001       -8.1689989153781506E-002  0.87356358354954622       0.86535199132302520     
   9.0999999999999996       -7.9352976419361732E-002  0.87177282059055583       0.86348238113548936     
   9.1200000000000010       -7.6799488609987324E-002  0.86999525348411366       0.86143959088798994     
   9.1400000000000006       -7.4531640604853608E-002  0.86822423530144643       0.85962531248388285     
   9.1600000000000001       -7.2002877777102903E-002  0.86647369978865085       0.85760230222168232     
   9.1799999999999997       -6.9815948798559541E-002  0.86473102181806749       0.85585275903884761     
   9.2000000000000011       -6.7323270803274812E-002  0.86301597312287204       0.85385861664261986     
   9.2200000000000006       -6.5228433076856510E-002  0.86130991319259664       0.85218274646148517     
   9.2400000000000002       -6.2782703329285178E-002  0.85963845746090772       0.85022616266342821     
   9.2599999999999998       -6.0790486596505308E-002  0.85797693072577774       0.84863238927720419     
   9.2799999999999994       -5.8402016329663201E-002  0.85635678132554138       0.84672161306373062     
   9.3000000000000007       -5.6522251928061353E-002  0.85474729810263894       0.84521780154244908     
   9.3200000000000003       -5.4200748850953218E-002  0.85318573495645778       0.84336059908076266     
   9.3399999999999999       -5.2442518551779574E-002  0.85163536166706355       0.84195401484142374     
   9.3599999999999994       -5.0197040149745076E-002  0.85013919381158698       0.84015763211979611     
   9.3800000000000008       -4.8568629988131551E-002  0.84865451721321450       0.83885490399050533     
   9.4000000000000004       -4.6407541671851862E-002  0.84723004875798069       0.83712603333748159     
   9.4199999999999999       -4.4916400972867518E-002  0.84581714362835270       0.83593312077829407     
   9.4399999999999995       -4.2847339251021660E-002  0.84447014326450431       0.83427787140081733     
   9.4600000000000009       -4.1500045022778341E-002  0.84313454367683638       0.83320003601822268     
   9.4800000000000004       -3.9529885841166172E-002  0.84187021786328797       0.83162390867293290     
   9.5000000000000000       -3.8332112673316238E-002  0.84061689216924440       0.83066569013865310     
   9.5199999999999996       -3.6466945030653702E-002  0.83943986210067156       0.82917355602452292     
   9.5400000000000009       -3.5423440603394182E-002  0.83827319171399350       0.82833875248271538     
   9.5600000000000005       -3.3668545521125123E-002  0.83718747415146877       0.82693483641690024     
   9.5800000000000001       -3.2783111796381173E-002  0.83611123620171712       0.82622648943710508     
   9.5999999999999996       -3.1142946686926846E-002  0.83512022822316290       0.82491435734954155     
   9.6200000000000010       -3.0418426819921695E-002  0.83413758212536349       0.82433474145593744     
   9.6400000000000006       -2.8896615264992133E-002  0.83324404982930433       0.82311729221199370     
   9.6600000000000001       -2.8334886241109501E-002  0.83235752779167249       0.82266790899288766     
   9.6799999999999997       -2.6934213159216330E-002  0.83156359896424992       0.82154737052737303     
   9.7000000000000011       -2.6536184128111255E-002  0.83077510043277059       0.82122894730248908     
   9.7200000000000006       -2.5258596278432750E-002  0.83008226116463735       0.82020687702274631     
   9.7400000000000002       -2.5024212524932209E-002  0.82939305118019468       0.82001937001994585     
   9.7599999999999998       -2.3870824263368493E-002  0.82880214639703342       0.81909665941069487     
   9.7799999999999994       -2.3799076723004069E-002  0.82821285781811271       0.81903926137840333     
   9.8000000000000007       -2.2770180895798787E-002  0.82772409566611449       0.81821614471663906     
   9.8200000000000003       -2.2859121092005445E-002  0.82723473518805368       0.81828729687360446     
   9.8399999999999999       -2.1954204922869893E-002  0.82684769519389034       0.81756336393829587     
   9.8599999999999994       -2.2200965173136942E-002  0.82645765307425689       0.81776077213850962     
   9.8800000000000008       -2.1418730971556752E-002  0.82617129797809674       0.81713498477724544     
   9.9000000000000004       -2.1819549681291642E-002  0.82587936135718609       0.81745563974503332     
   9.9199999999999999       -2.1157940172780221E-002  0.82569205249709865       0.81692635213822418     
   9.9399999999999995       -2.1708192008497284E-002  0.82549642218288311       0.81736655360679800     
   9.9600000000000009       -2.1164420062131352E-002  0.82540593828979103       0.81693153604970503     
   9.9800000000000004       -2.1858650769950777E-002  0.82530424885799325       0.81748692061596062     
   10.000000000000000       -2.1429233274718615E-002  0.82530780810215643       0.81714338661977493     
   10.020000000000000       -2.2261198886191033E-002  0.82529715114457602       0.81780895910895279     
   10.040000000000001       -2.1941994505630034E-002  0.82539143625763389       0.81755359560450414     
   10.060000000000000       -2.2904704650712742E-002  0.82546838659548893       0.81832376372057025     
   10.080000000000000       -2.2690955165124704E-002  0.82564957287627083       0.81815276413209981     
   10.100000000000000       -2.3776720191838623E-002  0.82581021754026795       0.81902137615347093     
   10.120000000000001       -2.3663095119151708E-002  0.82607400353817628       0.81893047609532132     
   10.140000000000001       -2.4863576701143000E-002  0.82631397330325473       0.81989086136091438     
   10.160000000000000       -2.4844220871328180E-002  0.82665561395990450       0.81987537669706256     
   10.180000000000000       -2.6150485768330810E-002  0.82697011721032498       0.82092038861466465     
   10.200000000000001       -2.6219069512254424E-002  0.82738445922850712       0.82097525560980356     
   10.220000000000001       -2.7621646134371895E-002  0.82776831791804439       0.82209731690749754     
   10.240000000000000       -2.7771417736136800E-002  0.82824983711690214       0.82221713418890952     
   10.260000000000000       -2.9260355150990871E-002  0.82869752457959456       0.82340828412079281     
   10.279999999999999       -2.9484195203235020E-002  0.82924036498626874       0.82358735616258805     
   10.300000000000001       -3.1049124215409795E-002  0.82974604534533514       0.82483929937232792     
   10.320000000000000       -3.1339601509726339E-002  0.83034405976625292       0.82507168120778107     
   10.340000000000000       -3.2969797434596784E-002  0.83090162868255346       0.82637583794767755     
   10.359999999999999       -3.3319226014233580E-002  0.83154842049201738       0.82665538081138701     
   10.380000000000001       -3.5003672763223005E-002  0.83215154698877924       0.82800293821057847     
   10.400000000000000       -3.5404169762516480E-002  0.83284051286860916       0.82832333581001327     
   10.420000000000000       -3.7131624854078088E-002  0.83348268196605646       0.82970529988326247     
   10.440000000000000       -3.7575168748667773E-002  0.83420705532769912       0.83006013499893427     
   10.460000000000001       -3.9334228858817682E-002  0.83488161121975479       0.83146738308705415     
   10.480000000000000       -3.9812717752550388E-002  0.83563450603953504       0.83185017420204044     
   10.500000000000000       -4.1591884420566445E-002  0.83633469554485940       0.83327350753645324     
   10.520000000000000       -4.2097193999096991E-002  0.83710915034389499       0.83367775519927767     
   10.540000000000001       -4.3884939107999288E-002  0.83782816636517521       0.83510795128639936     
   10.560000000000000       -4.4408979895378536E-002  0.83861718806783692       0.83552718391630298     
   10.580000000000000       -4.6193810552971511E-002  0.83934821279645422       0.83695504844237734     
   10.600000000000000       -4.6728584115921235E-002  0.84014482020519254       0.83738286729273703     
   10.620000000000001       -4.8499106570439099E-002  0.84088106781305016       0.83879928525635139     
   10.640000000000001       -4.9036760325473758E-002  0.84167833444275642       0.83922940826037906     
   10.660000000000000       -5.0781742560155774E-002  0.84241309300922862       0.84062539404812464     
   10.680000000000000       -5.1314622851140003E-002  0.84320418903116579       0.84105169828091209     
   10.700000000000001       -5.3023055514283962E-002  0.84393086146065610       0.84241844441142710     
   10.720000000000001       -5.3543758642317085E-002  0.84470909451416409       0.84283500691385371     
   10.740000000000000       -5.5204913983422879E-002  0.84542123820866344       0.84416393118673838     
   10.760000000000000       -5.5706334887014708E-002  0.84618009284841322       0.84456506790961194     
   10.779999999999999       -5.7309823385430822E-002  0.84687145790963880       0.84584785870834467     
   10.800000000000001       -5.7785201686663887E-002  0.84760463346697468       0.84622816134933110     
   10.820000000000000       -5.9321026076575543E-002  0.84826919921406030       0.84745682086126051     
   10.840000000000000       -5.9763989228217074E-002  0.84897064586296478       0.84781119138257377     
   10.859999999999999       -6.1222595642745473E-002  0.84960265546420854       0.84897807651419643     
   10.880000000000001       -6.1627198931950337E-002  0.85026660829551182       0.84930175914556028     
   10.900000000000000       -6.2999524909441176E-002  0.85086060132630847       0.85039961992755309     
   10.920000000000000       -6.3360288095639830E-002  0.85148161224787422       0.85068823047651199     
   10.940000000000000       -6.4637807212773374E-002  0.85203245500148794       0.85171024577021870     
   10.960000000000001       -6.4949747600426377E-002  0.85260542229717062       0.85195979808034117     
   10.980000000000000       -6.6124510519442056E-002  0.85310833569050926       0.85289960841555379     
   11.000000000000000       -6.6383172290419276E-002  0.85362853108655135       0.85310653783233548     
   11.020000000000000       -6.7447844031372814E-002  0.85407911601929187       0.85395827522509826     
   11.040000000000001       -6.7649323686631027E-002  0.85454220912350864       0.85411945894930497     
   11.060000000000000       -6.8597216960043658E-002  0.85493646916589006       0.85487777356803507     
   11.080000000000000       -6.8738184745877062E-002  0.85533854916223795       0.85499054779670169     
   11.100000000000000       -6.9563289206245257E-002  0.85567291046432892       0.85565063136499619     
   11.120000000000001       -6.9641006426512581E-002  0.85601050496331299       0.85571280514121006     
   11.140000000000001       -7.0338013732769225E-002  0.85628183329654517       0.85627041098621537     
   11.160000000000000       -7.0350345875000164E-002  0.85655192426016147       0.85628027670000018     
   11.180000000000000       -7.0914670470000260E-002  0.85675753912030095       0.85673173637600031     
   11.200000000000001       -7.0860096099992415E-002  0.85695757579879583       0.85668807687999393     
   11.220000000000001       -7.1287891647282789E-002  0.85709526151811044       0.85703031331782631     
   11.240000000000000       -7.1165507053557328E-002  0.85722317035462825       0.85693240564284590     
   11.260000000000000       -7.1453678495924003E-002  0.85729118418978711       0.85716294279673932     
   11.279999999999999       -7.1263198092054197E-002  0.85734537566785995       0.85701055847364338     
   11.300000000000001       -7.1409409322469128E-002  0.85734245284888277       0.85712752745797527     
   11.320000000000000       -7.1151161841670987E-002  0.85732182527657219       0.85692092947333676     
   11.340000000000000       -7.1153839003127300E-002  0.85724718102086062       0.85692307120250177     
   11.359999999999999       -7.0828759545449677E-002  0.85715112126409032       0.85666300763635983     
   11.380000000000001       -7.0687090001630912E-002  0.85700444977806667       0.85654967200130483     
   11.400000000000000       -7.0296708019450010E-002  0.85683283097417029       0.85623736641556014     
   11.420000000000000       -7.0010635063076129E-002  0.85661430148327711       0.85600850805046091     
   11.440000000000000       -6.9557058395236529E-002  0.85636747778388389       0.85564564671618926     
   11.460000000000001       -6.9127271785124747E-002  0.85607772764945300       0.85530181742809985     
   11.480000000000000       -6.8613166873832204E-002  0.85575652605948493       0.85489053349906574     
   11.500000000000000       -6.8041089315065070E-002  0.85539665105826301       0.85443287145205216     
   11.520000000000000       -6.7469657762386961E-002  0.85500236045489697       0.85397572620990969     
   11.540000000000001       -6.6757427466362304E-002  0.85457390231362373       0.85340594197308983     
   11.560000000000000       -6.6132379108798531E-002  0.85410825974542814       0.85290590328703875     
   11.580000000000000       -6.5282828591220310E-002  0.85361319103876809       0.85222626287297631     
   11.600000000000000       -6.4608351291147573E-002  0.85307836542085880       0.85168668103291800     
   11.620000000000001       -6.3624982586086301E-002  0.85251907195606524       0.85089998606886919     
   11.640000000000001       -6.2905708957837148E-002  0.85191764529183833       0.85032456716626970     
   11.660000000000000       -6.1792665444735127E-002  0.85129690611767384       0.84943413235578813     
   11.680000000000000       -6.1033636750544837E-002  0.85063185239146155       0.84882690940043592     
   11.700000000000001       -5.9795671808365120E-002  0.84995281758208296       0.84783653744669218     
   11.720000000000001       -5.9002299275309797E-002  0.84922747947982891       0.84720183942024796     
   11.740000000000000       -5.7644741993839947E-002  0.84849364585642761       0.84611579359507205     
   11.760000000000000       -5.6822765817113111E-002  0.84771170948309504       0.84545821265369059     
   11.779999999999999       -5.5351484009656379E-002  0.84692689444706570       0.84428118720772505     
   11.800000000000001       -5.4506930320016474E-002  0.84609236221997020       0.84360554425601331     
   11.820000000000000       -5.2928291094266319E-002  0.84526067588113385       0.84234263287541311     
   11.840000000000000       -5.2067427178171914E-002  0.84437783778763287       0.84165394174253749     
   11.859999999999999       -5.0388255332914439E-002  0.84350365357958057       0.84031060426633164     
   11.880000000000001       -4.9517543402698275E-002  0.84257705699552210       0.83961403472215856     
   11.900000000000000       -4.7745077927076066E-002  0.84166498097737630       0.83819606234166089     
   11.920000000000000       -4.6871127745455640E-002  0.84069939924935455       0.83749690219636452     
   11.940000000000000       -4.5012976704822627E-002  0.83975423829919682       0.83601038136385819     
   11.960000000000001       -4.4142497373078411E-002  0.83875463829901609       0.83531399789846272     
   11.980000000000000       -4.2206591470956858E-002  0.83778136740878550       0.83376527317676552     
   12.000000000000000       -4.1346342693216187E-002  0.83675287627248862       0.83307707415457299     
   12.020000000000000       -3.9340887802524108E-002  0.83575660515741834       0.83147271024201930     
   12.040000000000001       -3.8497630939767720E-002  0.83470447642384860       0.83079810475181426     
   12.060000000000000       -3.6431059898319088E-002  0.83369041566138180       0.82914484791865528     
   12.080000000000000       -3.5611509124988679E-002  0.83261999502651107       0.82848920729999098     
   12.100000000000000       -3.3492433090292456E-002  0.83159342194015540       0.82679394647223392     
   12.120000000000001       -3.2703206963743146E-002  0.83051011284328613       0.82616256557099454     
   12.140000000000001       -3.0540366620364173E-002  0.82947633734607806       0.82443229329629131     
   12.160000000000000       -2.9787940368908316E-002  0.82838556660260931       0.82383035229512669     
   12.180000000000000       -2.7590157278136955E-002  0.82734989721270491       0.82207212582250966     
   12.200000000000001       -2.6880816107108779E-002  0.82625708090539851       0.82150465288568708     
   12.220000000000001       -2.4656944483461576E-002  0.82522479114292202       0.81972555558676941     
   12.240000000000000       -2.3996738190649472E-002  0.82413530097957266       0.81919739055251961     
   12.260000000000000       -2.1755617382842908E-002  0.82311159634917719       0.81740449390627434     
   12.280000000000001       -2.1150316564851168E-002  0.82203072668936106       0.81692025325188100     
   12.300000000000001       -1.8900724510418132E-002  0.82102071244708164       0.81512057960833462     
   12.320000000000000       -1.8355778630105207E-002  0.81995364819419880       0.81468462290408417     
   12.340000000000000       -1.6106386542829830E-002  0.81896229809017684       0.81288510923426394     
   12.359999999999999       -1.5626884115007018E-002  0.81791408363744000       0.81250150729200576     
   12.380000000000001       -1.3386212652917400E-002  0.81694620981796762       0.81070897012233401     
   12.400000000000000       -1.2976843791069536E-002  0.81592171922836709       0.81038147503285574     
   12.420000000000000       -1.0753220939936116E-002  0.81498194347154995       0.80860257675194891     
   12.440000000000000       -1.0418242490941181E-002  0.81398585206216556       0.80833459399275298     
   12.460000000000001       -8.2197633841745773E-003  0.81307857851140097       0.80657581070733964     
   12.480000000000000       -7.9629668609558293E-003  0.81211533600189034       0.80637037348876461     
   12.500000000000000       -5.7974557415814637E-003  0.81124472555035210       0.80463796459326520     
   12.520000000000000       -5.6221382454337658E-003  0.81031853092400685       0.80449771059634712     
   12.540000000000001       -3.4971127595468999E-003  0.80948847739150254       0.80279769020763758     
   12.560000000000000       -3.4060510646540770E-003  0.80860325560507418       0.80272484085172335     
   12.580000000000000       -1.3286890585384493E-003  0.80781736383611547       0.80106295124683080     
   12.600000000000000       -1.3241170110614609E-003  0.80697674450173340       0.80105929360884920     
   12.620000000000001        6.9877401389755421E-004  0.80623831050044081       0.79944098078888204     
   12.640000000000001        6.1518465070585829E-004  0.80544560864945680       0.79950785227943533     
   12.660000000000000        2.5771952899480500E-003  0.80475760185319167       0.79793824376804157     
   12.680000000000000        2.4043504347279051E-003  0.80401580087777202       0.79807651965221771     
   12.700000000000001        4.2994942232759369E-003  0.80338084865714321       0.79656040462137934     
   12.720000000000001        4.0368894318798280E-003  0.80269258551101275       0.79677048845449616     
   12.740000000000000        5.8596246817418703E-003  0.80211295996932208       0.79531230025460653     
   12.760000000000000        5.5073533936221579E-003  0.80148051269428633       0.79559411728510232     
   12.780000000000001        7.2526019498166212E-003  0.80095811982455778       0.79419791844014676     
   12.800000000000001        6.8113599829713991E-003  0.80038339745444409       0.79455091201362293     
   12.820000000000000        8.4745228425266352E-003  0.79991976869712300       0.79322038172597875     
   12.840000000000000        7.9456091173678925E-003  0.79940430357559733       0.79364351270610578     
   12.859999999999999        9.5225788761098256E-003  0.79900058980478483       0.79238193689911218     
   12.880000000000001        8.9078923714741246E-003  0.79854553233833425       0.79287368610282072     
   12.900000000000000        1.0395062483831445E-002  0.79820250028924000       0.79168395001293490     
   12.920000000000000        9.6970954510551058E-003  0.79780861614138399       0.79224232363915592     
   12.940000000000000        1.1091366308358197E-002  0.79752664727654621       0.79112690695331356     
   12.960000000000001        1.0313193791751562E-002  0.79719431699433108       0.79174944496659883     
   12.980000000000000        1.1611975644452722E-002  0.79697340879119771       0.79071041948443788     
   13.000000000000000        1.0757241378499319E-002  0.79670262984017248       0.79139420689720064     
   13.020000000000000        1.1958454147275768E-002  0.79654239946794603       0.79043323668217935     
   13.040000000000001        1.1031352922322718E-002  0.79633279063728535       0.79117491766214187     
   13.060000000000000        1.2133422962021426E-002  0.79623248097657762       0.79029326163038283     
   13.080000000000000        1.1138679570992280E-002  0.79608328910186499       0.79108905634320625     
   13.100000000000000        1.2140533469721985E-002  0.79604177704677737       0.79028757322422249     
   13.120000000000001        1.1083378368351996E-002  0.79595188598427957       0.79113329730531845     
   13.140000000000001        1.1984433881613148E-002  0.79596769295309744       0.79041245289470952     
   13.160000000000000        1.0870575713764929E-002  0.79593563472621132       0.79130353942898812     
   13.180000000000000        1.1670729950228447E-002  0.79600693929406219       0.79066341603981727     
   13.200000000000001        1.0506325107884944E-002  0.79603090732008808       0.79159493991369212     
   13.220000000000001        1.1205940099187954E-002  0.79615555987471509       0.79103524792064972     
   13.240000000000000        9.9975595036380354E-003  0.79623342416825216       0.79200195239708959     
   13.260000000000000        1.0597445305268240E-002  0.79640896347858181       0.79152204375578539     
   13.280000000000001        9.3520386117045932E-003  0.79653828771675750       0.79251836911063633     
   13.300000000000001        9.8534340956116552E-003  0.79676195929322446       0.79211725272351075     
   13.320000000000000        8.5782915377654555E-003  0.79694001961766692       0.79313736676978763     
   13.340000000000000        8.9828430496926379E-003  0.79720879573342940       0.79281372556024587     
   13.359999999999999        7.6855551541580762E-003  0.79743260115444214       0.79385155587667366     
   13.380000000000001        7.9952932197640617E-003  0.79774320238761731       0.79360376542418876     
   13.400000000000000        6.6837086312506733E-003  0.79800951664751174       0.79465303309499946     
   13.420000000000000        6.9010229048325992E-003  0.79835843479652091       0.79447918167613396     
   13.440000000000000        5.5832045736664802E-003  0.79866379954145938       0.79553343634106688     
   13.460000000000001        5.7108172316526953E-003  0.79904732175851823       0.79543134621467793     
   13.480000000000000        4.3949972233807526E-003  0.79938808086163593       0.79648400222129545     
   13.500000000000000        4.4359350116970750E-003  0.79980231484332986       0.79645125199064237     
   13.520000000000000        3.1304682055931289E-003  0.80017463971631986       0.79749562543552555     
   13.540000000000001        3.0880333554905649E-003  0.80061553978518629       0.79752957331560759     
   13.560000000000000        1.8013503040900558E-003  0.80101545551098630       0.79855891975672799     
   13.580000000000000        1.6790905350358681E-003  0.80147884941803926       0.79865672757197137     
   13.600000000000000        4.1964976051873611E-004  0.80190226153377964       0.79966428019158498     
   13.620000000000001        2.2132759128694443E-004  0.80238387780898035       0.79982293792697057     
   13.640000000000001       -1.0024324034223640E-003  0.80282659956592528       0.80080194592273790     
   13.660000000000000       -1.2728708132703377E-003  0.80332209524177933       0.80101829665061630     
   13.680000000000000       -2.4525795404093816E-003  0.80377987516765870       0.80196206363232747     
   13.700000000000001       -2.7910357968785595E-003  0.80428486370034080       0.80223282863750289     
   13.720000000000001       -3.9184385097070160E-003  0.80475341328919103       0.80313475080776575     
   13.740000000000000       -4.3206934186482979E-003  0.80526349250192142       0.80345655473491873     
   13.760000000000000       -5.3876982930424824E-003  0.80573851385733863       0.80431015863443411     
   13.780000000000001       -5.8494431057385188E-003  0.80624929373209298       0.80467955448459083     
   13.800000000000001       -6.8481676077154358E-003  0.80672650699166815       0.80547853408617243     
   13.820000000000000       -7.3650348658303695E-003  0.80723363713774532       0.80589202789266423     
   13.840000000000000       -8.2878510411527814E-003  0.80770880750931351       0.80663028083292232     
   13.859999999999999       -8.8554448151219323E-003  0.80820800414070326       0.80708435585209759     
   13.880000000000001       -9.6950232445873839E-003  0.80867696838493108       0.80775601859566992     
   13.900000000000000       -1.0308948566830976E-002  0.80916404064290248       0.80824715885346488     
   13.920000000000000       -1.1058300739739143E-002  0.80962273284161046       0.80884664059179134     
   13.940000000000000       -1.1714192042621472E-002  0.81009360830433486       0.80937135363409718     
   13.960000000000001       -1.2366710911182801E-002  0.81053808475977251       0.80989336872894635     
   13.980000000000000       -1.3060259289337626E-002  0.81098883398712718       0.81044820743147017     
   14.000000000000000       -1.3609757778362028E-002  0.81141529710411175       0.81088780622268963     
   14.020000000000000       -1.4336736905792754E-002  0.81184215707306639       0.81146938952463421     
   14.040000000000001       -1.4777484164803130E-002  0.81224697808350610       0.81182198733184263     
   14.060000000000000       -1.5533774708962769E-002  0.81264637437749532       0.81242701976717024     
   14.080000000000000       -1.5860529907831170E-002  0.81302611477517983       0.81268842392626495     
   14.100000000000000       -1.6642142295606791E-002  0.81339468239977408       0.81331371383648554     
   14.120000000000001       -1.6850185779821922E-002  0.81374611396244922       0.81348014862385765     
   14.140000000000001       -1.7653281183901005E-002  0.81408071666914394       0.81412262494712084     
   14.160000000000000       -1.7738442821549995E-002  0.81440083995474488       0.81419075425723997     
   14.180000000000000       -1.8559352249937006E-002  0.81469858796494077       0.81484748179994959     
   14.200000000000001       -1.8518036819322362E-002  0.81498464917929214       0.81481442945545790     
   14.220000000000001       -1.9353278205704247E-002  0.81524291521135650       0.81548262256456339     
   14.240000000000000       -1.9182487690115161E-002  0.81549242135568323       0.81534599015209219     
   14.260000000000000       -2.0028780898242234E-002  0.81570885486933886       0.81602302471859378     
   14.280000000000001       -1.9726133572650049E-002  0.81591958708746004       0.81578090685811999     
   14.300000000000001       -2.0580413243799247E-002  0.81609212667153919       0.81646433059503942     
   14.320000000000000       -2.0144159457039384E-002  0.81626215172853478       0.81611532756563143     
   14.340000000000000       -2.1003585645853130E-002  0.81638903557032894       0.81680286851668249     
   14.359999999999999       -2.0432620221076749E-002  0.81651671540676785       0.81634609617686138     
   14.380000000000001       -2.1294586781514375E-002  0.81659648979368771       0.81703566942521155     
   14.400000000000000       -2.0588457977227272E-002  0.81668048911203928       0.81647076638178184     
   14.420000000000000       -2.1450598676917988E-002  0.81671201492899959       0.81716047894153443     
   14.440000000000000       -2.0609513670655107E-002  0.81675130678158592       0.81648761093652400     
   14.460000000000001       -2.1469706028492477E-002  0.81673376398038333       0.81717576482279408     
   14.480000000000000       -2.0494532904987022E-002  0.81672763334105580       0.81639562632398965     
   14.500000000000000       -2.1350899763246136E-002  0.81666052337090778       0.81708071981059693     
   14.520000000000000       -2.0243166008725607E-002  0.81660856868550358       0.81619453280698062     
   14.540000000000001       -2.1094074867207900E-002  0.81649171488679018       0.81687525989376641     
   14.560000000000000       -1.9855962391069286E-002  0.81639384761019229       0.81588476991285541     
   14.580000000000000       -2.0700022546680862E-002  0.81622739358623320       0.81656001803734479     
   14.600000000000000       -1.9334359271149414E-002  0.81608383572653498       0.81546748741691966     
   14.620000000000001       -2.0170416821793383E-002  0.81586824172080707       0.81613633345743475     
   14.640000000000001       -1.8680664899141594E-002  0.81567952142349087       0.81494453191931326     
   14.660000000000000       -1.9507795685753872E-002  0.81541555874200866       0.81560623654860320     
   14.680000000000000       -1.7898036421140438E-002  0.81518250395919623       0.81431842913691244     
   14.700000000000001       -1.8715536996025624E-002  0.81487124748976925       0.81497242959682059     
   14.720000000000001       -1.6990452571902986E-002  0.81459497779133316       0.81359236205752239     
   14.740000000000000       -1.7797829295141149E-002  0.81423779668294372       0.81423826343611294     
   14.760000000000000       -1.5962681410373776E-002  0.81391971327758073       0.81277014512829904     
   14.780000000000001       -1.6759637788884108E-002  0.81351825985421244       0.81340771023110736     
   14.800000000000001       -1.4820243342122254E-002  0.81316003389935010       0.81185619467369785     
   14.820000000000000       -1.5606665737905335E-002  0.81271623089307743       0.81248533259032429     
   14.840000000000000       -1.3569369700280429E-002  0.81231979018267753       0.81085549576022431     
   14.859999999999999       -1.4345311545343045E-002  0.81183581638071700       0.81147624923627459     
   14.880000000000001       -1.2216957182107458E-002  0.81140333050957136       0.80977356574568593     
   14.900000000000000       -1.2982621847535389E-002  0.81088160491918404       0.81038609747802826     
   14.920000000000000       -1.0770518461783927E-002  0.81041546903114292       0.80861641476942714     
   14.940000000000000       -1.1526240937308529E-002  0.80985863367473088       0.80922099274984682     
   14.960000000000001       -9.2381293213217811E-003  0.80936145091035838       0.80739050345705743     
   14.980000000000000       -9.9843568694730090E-003  0.80877235237077150       0.80798748549557853     
   15.000000000000000       -7.6283726604514674E-003  0.80824691513719915       0.80610269812836133     
   15.020000000000000       -8.3656446159582325E-003  0.80762858498010204       0.80669251569276657     
   15.040000000000001       -5.9502797629164429E-003  0.80707785517228137       0.80476022381033330     
   15.060000000000000       -6.6792066533681747E-003  0.80643348937841175       0.80534336532269446     
   15.080000000000000       -4.2132692106838596E-003  0.80586057768648622       0.80337061536854704     
   15.100000000000000       -4.9345113785761521E-003  0.80519351523170213       0.80394760910286100     
   15.120000000000001       -2.4270838491023509E-003  0.80460165967388153       0.80194166707928183     
   15.140000000000001       -3.1413297582343338E-003  0.80391536039906020       0.80251306380658749     
   15.160000000000000       -6.0172621495357395E-004  0.80330790422306197       0.80048138097196286     
   15.180000000000000       -1.3096706257131950E-003  0.80260592613912896       0.80104773650057060     
   15.200000000000001        1.2526071543795603E-003  0.80198629523803133       0.79899791427649636     
   15.220000000000001        5.5028495601749179E-004  0.80127227141366431       0.79955977203518602     
   15.240000000000000        3.1255921087845638E-003  0.80064395140381994       0.79749952631297238     
   15.260000000000000        2.4282498447093228E-003  0.79992156658468727       0.79805740012423254     
   15.280000000000001        5.0068435475225902E-003  0.79928807969421134       0.79599452516198199     
   15.300000000000001        4.3138970617983829E-003  0.79856104680297524       0.79654888235056132     
   15.320000000000000        6.8859819344288409E-003  0.79792592871921342       0.79449121445245696     
   15.340000000000000        6.1969257103675086E-003  0.79719796538493071       0.79504245943170604     
   15.359999999999999        8.7526992493561599E-003  0.79656474220831575       0.79299784060051515     
   15.380000000000001        8.0671261559582333E-003  0.79583954747237418       0.79354629907523344     
   15.400000000000000        1.0596823965846434E-002  0.79521171292209025       0.79152254082732298     
   15.420000000000000        9.9144440660991918E-003  0.79449294426537698       0.79206844474712068     
   15.440000000000000        1.2408384654348056E-002  0.79387393727943134       0.79007329227652168     
   15.460000000000001        1.1729042914885952E-002  0.79316518811214654       0.79061676566809125     
   15.480000000000000        1.4177671822048694E-002  0.79255837098069748       0.78865786254236114     
   15.500000000000000        1.3501364571782882E-002  0.79186314873202346       0.78919890834257378     
   15.520000000000000        1.5895297614469402E-002  0.79127178589828140       0.78728376190842453     
   15.540000000000001        1.5222187608922624E-002  0.79059349083817698       0.78782224991286198     
   15.560000000000000        1.7552253020263881E-002  0.79002072849579397       0.78595819758378893     
   15.580000000000000        1.6882682978442188E-002  0.78936263341538626       0.78649385361724633     
   15.600000000000000        1.9139962239068310E-002  0.78881148002515178       0.78468803020874534     
   15.620000000000001        1.8474466730693511E-002  0.78817671089571706       0.78522042661544522     
   15.640000000000001        2.0650333892623513E-002  0.78765001873752849       0.78347973288590123     
   15.660000000000000        1.9989649465366455E-002  0.78704153646084851       0.78400828042770687     
   15.680000000000000        2.2075808781602573E-002  0.78654198432941946       0.78233935297471802     
   15.700000000000001        2.1420882230518579E-002  0.78596256768450123       0.78286329421558509     
   15.720000000000001        2.3409403914473364E-002  0.78549264482915848       0.78127247686842138     
   15.740000000000000        2.2761398609064707E-002  0.78494487471188279       0.78179088111274830     
   15.760000000000000        2.4644752560147615E-002  0.78450686611213116       0.78028419795188197     
   15.780000000000001        2.4005052758276808E-002  0.78399311115546766       0.78079595779337863     
   15.800000000000001        2.5776140102948871E-002  0.78358908421486517       0.77937908791764099     
   15.820000000000000        2.5146353195110625E-002  0.78311148786791041       0.77988291744391158     
   15.840000000000000        2.6798535506396264E-002  0.78274328059914544       0.77856117159488303     
   15.860000000000001        2.6180492148532037E-002  0.78230374973345362       0.77905560628117443     
   15.880000000000001        2.7707618221268521E-002  0.78197296049762188       0.77783390542298525     
   15.900000000000000        2.7103370329280240E-002  0.78157315559914664       0.77831730373657582     
   15.920000000000000        2.8499800403196943E-002  0.78128113445188629       0.77720015967744249     
   15.940000000000000        2.7911616997488529E-002  0.78092246144648847       0.77767070640200919     
   15.960000000000001        2.9172244335447087E-002  0.78067030313317154       0.77666220453164236     
   15.980000000000000        2.8602605239095441E-002  0.78035390688300588       0.77711791580872369     
   16.000000000000000        2.9722874983393176E-002  0.78014244551447820       0.77622170001328550     
   16.020000000000000        2.9174462392825389E-002  0.77986920501186174       0.77666043008573971     
   16.039999999999999        3.0150387638272203E-002  0.77969901044143575       0.77587968988938227     
   16.059999999999999        2.9626075600504093E-002  0.77946953571595701       0.77629913951959673     
   16.080000000000002        3.0454250638930404E-002  0.77934091162754504       0.77563659948885577     
   16.100000000000001        2.9957092484404778E-002  0.77915554237138052       0.77603432601247624     
   16.120000000000001        3.0634703191248655E-002  0.77906852607786026       0.77549223744700113     
   16.140000000000001        3.0167916986003157E-002  0.77892733198347330       0.77586566641119747     
   16.160000000000000        3.0692748335562247E-002  0.77888169592365242       0.77544580133155028     
   16.180000000000000        3.0259700430761260E-002  0.77878447871744627       0.77579223965539112     
   16.199999999999999        3.0630141142484624E-002  0.77877973362947672       0.77549588708601236     
   16.219999999999999        3.0234327913175114E-002  0.77872603077450608       0.77581253766945990     
   16.240000000000002        3.0449372246918637E-002  0.77876143051325486       0.77564050220246505     
   16.260000000000002        3.0094400125126715E-002  0.77875052054391702       0.77592447989989866     
   16.280000000000001        3.0153646858512653E-002  0.77882506849976718       0.77587708251318999     
   16.300000000000001        2.9843210778400655E-002  0.77885597794150541       0.77612543137727952     
   16.320000000000000        2.9746859414219666E-002  0.77896843500836954       0.77620251246862437     
   16.340000000000000        2.9484719798891380E-002  0.77903994682591282       0.77641222416088695     
   16.359999999999999        2.9233564064779959E-002  0.77918884085691831       0.77661314874817611     
   16.379999999999999        2.9023522495378023E-002  0.77929950436548345       0.77678118200369761     
   16.399999999999999        2.8618941211715931E-002  0.77948314104597149       0.77710484703062732     
   16.420000000000002        2.8464814929629302E-002  0.77963128321124320       0.77722814805629659     
   16.440000000000001        2.7908760334655194E-002  0.77984775827035069       0.77767299173227589     
   16.460000000000001        2.7814355736880774E-002  0.78003149631495794       0.77774851541049550     
   16.480000000000000        2.7109339370349775E-002  0.78027870898926499       0.77831252850372024     
   16.500000000000000        2.7078424666271663E-002  0.78049596421595413       0.77833726026698269     
   16.520000000000000        2.6227500924511767E-002  0.78077163187147325       0.77901799926039061     
   16.539999999999999        2.6263778129521714E-002  0.78102014460626012       0.77898897749638263     
   16.559999999999999        2.5270525615427974E-002  0.78132181841846648       0.77978357950765764     
   16.580000000000002        2.5377602062865795E-002  0.78159916397078766       0.77969791834970748     
   16.600000000000001        2.4246102864150375E-002  0.78192424555647910       0.78060311770867974     
   16.620000000000001        2.4427462421954611E-002  0.78222785108777626       0.78045803006243641     
   16.640000000000001        2.3162279459800796E-002  0.78257360997735137       0.78147017643215944     
   16.660000000000000        2.3421253641996733E-002  0.78290077216464582       0.78126299708640268     
   16.680000000000000        2.2027406240107392E-002  0.78326436399889010       0.78237807500791412     
   16.699999999999999        2.2367145405797536E-002  0.78361226737577194       0.78210628367536206     
   16.719999999999999        2.0850083236650791E-002  0.78399075270751983       0.78331993341067940     
   16.740000000000002        2.1273528070495852E-002  0.78435648856158824       0.78298117754360330     
   16.760000000000002        1.9639103641397988E-002  0.78474685213963102       0.78428871708688164     
   16.780000000000001        2.0148957109675472E-002  0.78512743784280092       0.78388083431225963     
   16.800000000000001        1.8403396955915034E-002  0.78552660825324738       0.78527728243526795     
   16.820000000000000        1.9002096931116444E-002  0.78591900689953098       0.78479832245510694     
   16.840000000000000        1.7151971687163016E-002  0.78632387643838775       0.78627842265026970     
   16.859999999999999        1.7841664431745660E-002  0.78672501666268435       0.78572666845460359     
   16.879999999999999        1.5893857953997576E-002  0.78713246131283077       0.78728491363680198     
   16.899999999999999        1.6676372650356621E-002  0.78753925716403117       0.78665890187971477     
   16.920000000000002        1.4638050366426503E-002  0.78794615654991706       0.78828955970685888     
   16.940000000000001        1.5514874875418251E-002  0.78835552729216607       0.78758810009966540     
   16.960000000000001        1.3393451535362927E-002  0.78875878448652925       0.78928523877170964     
   16.980000000000000        1.4365709559819131E-002  0.78916767420378753       0.78850743235214482     
   17.000000000000000        1.2168816564086908E-002  0.78956423526241848       0.79026494674873060     
   17.020000000000000        1.3237246386747246E-002  0.78996963214357441       0.78941020289060226     
   17.039999999999999        1.0972698863952609E-002  0.79035650524664125       0.79122184090883796     
   17.059999999999999        1.2137633821149759E-002  0.79075546043125433       0.79028989294308027     
   17.080000000000002        9.8133976261213385E-003  0.79112973451295232       0.79214928189910294     
   17.100000000000001        1.1074748469428235E-002  0.79151938038127267       0.79114020122445750     
   17.120000000000001        8.6989072683441391E-003  0.79187824313350164       0.79304087418532476     
   17.140000000000001        1.0056146556290059E-002  0.79225581092871222       0.79195508275496795     
   17.160000000000000        7.6368691611544874E-003  0.79259656606913653       0.79389050467107647     
   17.180000000000000        9.0890178120953437E-003  0.79295940274469645       0.79272878575032379     
   17.199999999999999        6.6345259213662919E-003  0.79327948644485302       0.79469237926290703     
   17.219999999999999        8.1801420467200927E-003  0.79362507063543863       0.79345588636262399     
   17.240000000000002        5.6986785426190447E-003  0.79392206701048762       0.79544105716590474     
   17.260000000000002        7.3358486670202488E-003  0.79424802403123940       0.79413132106638384     
   17.280000000000001        4.8356466129947685E-003  0.79451967959945546       0.79613148270960421     
   17.300000000000001        6.5619793745560710E-003  0.79482379538500159       0.79475041650035516     
   17.320000000000000        4.0512318485829632E-003  0.79506803241219137       0.79675901452113373     
   17.340000000000000        5.8638542584591429E-003  0.79534826631422761       0.79530891659323277     
   17.359999999999999        3.3506851494309164E-003  0.79556319496579153       0.79731945188045528     
   17.379999999999999        5.2462414753396188E-003  0.79581769133577307       0.79580300681972838     
   17.400000000000002        2.7386773607353063E-003  0.79600162056713886       0.79780905811141178     
   17.420000000000002        4.7133306840904145E-003  0.79622871905882786       0.79622933545272767     
   17.440000000000001        2.2192738975612145E-003  0.79638016618339247       0.79822458088195103     
   17.460000000000001        4.2687103785047338E-003  0.79657841071858404       0.79658503169719630     
   17.480000000000000        1.7959133659758964E-003  0.79669610960102999       0.79856326930721933     
   17.500000000000000        3.9153492349455346E-003  0.79686425595065313       0.79686772061204358     
   17.520000000000000        1.4713902874208169E-003  0.79694716378253849       0.79882288777006338     
   17.539999999999999        3.6555815660557146E-003  0.79708418572447270       0.79707553474715542     
   17.559999999999999        1.2478420065837458E-003  0.79713148834823389       0.79900172639473299     
   17.580000000000002        3.4910969448444778E-003  0.79723658237252604       0.79720712244412439     
   17.600000000000001        1.1267398361427023E-003  0.79724769812945728       0.79909860813108580     
   17.620000000000001        3.4229340365985999E-003  0.79732028667107824       0.79726165277072125     
   17.640000000000001        1.1088844647060597E-003  0.79729486875837041       0.79911289242823524     
   17.660000000000000        3.4514786491180644E-003  0.79733460194722328       0.79723881708070554     
   17.680000000000000        1.1944056272392269E-003  0.79727253927868913       0.79904447549820867     
   17.699999999999999        3.5764659849341989E-003  0.79727929520611707       0.79713882721205265     
   17.719999999999999        1.3827660104181322E-003  0.79718071178079886       0.79889378719166559     
   17.740000000000002        3.7969870526039957E-003  0.79715459529137311       0.79696241035791682     
   17.760000000000002        1.6727693388514195E-003  0.79701984808365600       0.79866178452891889     
   17.780000000000001        4.1114991680531107E-003  0.79696118811039940       0.79671080066555755     
   17.800000000000001        2.0625725621318384E-003  0.79679086350459560       0.79834994195029463     
   17.820000000000000        4.5178404514247842E-003  0.79670020897504257       0.79638572763886017     
   17.840000000000000        2.5497020373736979E-003  0.79649511777650239       0.79796023837010110     
   17.859999999999999        5.0132482001405505E-003  0.79637323212596955       0.79598940143988761     
   17.879999999999999        3.1310735774230558E-003  0.79613440318963913       0.79749514113806164     
   17.900000000000002        5.5943809950433129E-003  0.79598225752679996       0.79552449520396540     
   17.920000000000002        3.8030162114399868E-003  0.79571093005266302       0.79695758703084807     
   17.940000000000001        6.2573443737194857E-003  0.79552969503085580       0.79499412450102447     
   17.960000000000001        4.5612994821899603E-003  0.79522730958387200       0.79635096041424802     
   17.980000000000000        6.9977198835222115E-003  0.79501834603953869       0.79440182409318227     
   18.000000000000000        5.4011640832781482E-003  0.79468653435939873       0.79567906873337746     
   18.020000000000000        7.8105973065712014E-003  0.79445138278655880       0.79375152215474309     
   18.039999999999999        6.3173556198414518E-003  0.79409195645987340       0.79494611550412686     
   18.059999999999999        8.6906098302062893E-003  0.79383232539652737       0.79304751213583502     
   18.080000000000002        7.3041612579934825E-003  0.79344726347077854       0.79415667099360521     
   18.100000000000001        9.6319719191308804E-003  0.79316501687964547       0.79229442246469528     
   18.120000000000001        8.3554490117026103E-003  0.79275645250443660       0.79331564079063799     
   18.140000000000001        1.0628519629897056E-002  0.79245359623627221       0.79149718429608240     
   18.160000000000000        9.4647094008662967E-003  0.79202380242301640       0.79242823247930705     
   18.180000000000000        1.1673753094543576E-002  0.79170246985609316       0.79066099752436525     
   18.199999999999999        1.0625099201208571E-002  0.79125384445222002       0.79149992063903318     
   18.219999999999999        1.2760880888177315E-002  0.79091628140615289       0.78979129528945824     
   18.240000000000002        1.1829486995342040E-002  0.79045133138426182       0.79053641040372646     
   18.260000000000002        1.3882865985151189E-002  0.79009988041035728       0.78889370721187912     
   18.280000000000001        1.3070500224959225E-002  0.78962120557637283       0.78954359982003264     
   18.300000000000001        1.5032473000288826E-002  0.78925828972995182       0.78797402159976893     
   18.320000000000000        1.4340573436695845E-002  0.78876856595728428       0.78852754125064339     
   18.340000000000000        1.6202316405376414E-002  0.78839667216002540       0.78703814687569895     
   18.359999999999999        1.5631997408773635E-002  0.78789863425898321       0.78749440207298116     
   18.379999999999999        1.7384909406911411E-002  0.78752029636119047       0.78609207247447088     
   18.400000000000002        1.6936968842102666E-002  0.78701672069442274       0.78645042492631789     
   18.420000000000002        1.8572713168879103E-002  0.78663450234826904       0.78514182946489675     
   18.440000000000001        1.8247640298110105E-002  0.78612818930381179       0.78540188776151199     
   18.460000000000001        1.9758186064122038E-002  0.78574466675905319       0.78419345114870243     
   18.480000000000000        1.9556170066158840E-002  0.78523842319266179       0.78435506394707299     
   18.500000000000000        2.0933832639661774E-002  0.78485616812600556       0.78325293388827066     
   18.520000000000000        2.0854771646007721E-002  0.78435278988380730       0.78331618268319392     
   18.539999999999999        2.2092251985103211E-002  0.78397435237213942       0.78232619841191742     
   18.559999999999999        2.2135762535315521E-002  0.78347660700335364       0.78229138997174763     
   18.580000000000002        2.3226185198962281E-002  0.78310449874931720       0.78141905184083027     
   18.600000000000001        2.3391612018661346E-002  0.78261510851675098       0.78128671038507091     
   18.620000000000001        2.4328561655360049E-002  0.78225178643281679       0.78053715067571205     
   18.640000000000001        2.4614987662891972E-002  0.78177341172619419       0.78030800986968651     
   18.660000000000000        2.5392543782960797E-002  0.78142126198030781       0.77968596497363141     
   18.680000000000000        2.5798800233747109E-002  0.78095648523415151       0.77936095981300235     
   18.699999999999999        2.6411570079228182E-002  0.78061780785640655       0.77887074393661748     
   18.719999999999999        2.6936246760581917E-002  0.78016911807028366       0.77845100259153455     
   18.740000000000002        2.7379396095951289E-002  0.77984611221577493       0.77809648312323898     
   18.760000000000002        2.8020851489517159E-002  0.77941589017016411       0.77758331880838627     
   18.780000000000001        2.8290133146460856E-002  0.77911064012837516       0.77736789348283131     
   18.800000000000001        2.9046504480406517E-002  0.77870114438436977       0.77676279641567492     
   18.820000000000000        2.9138284500915219E-002  0.77841560642003604       0.77668937239926783     
   18.840000000000000        3.0007497619514212E-002  0.77802896018548995       0.77599400190438872     
   18.859999999999999        2.9918778853377185E-002  0.77776495029005244       0.77606497691729825     
   18.879999999999999        3.0898557837632120E-002  0.77740312922871824       0.77528115372989437     
   18.900000000000002        3.0627000863010501E-002  0.77716231185511742       0.77549839930959164     
   18.920000000000002        3.1714877342414724E-002  0.77682713290882488       0.77462809812606825     
   18.940000000000001        3.1258818591474280E-002  0.77661101075568906       0.77499294512682060     
   18.960000000000001        3.2452140693845569E-002  0.77630412204271981       0.77403828744492353     
   18.980000000000000        3.1810607679355105E-002  0.77611402694687104       0.77455151385651599     
   19.000000000000000        3.3106548572838276E-002  0.77583689879245743       0.77351476114172946     
   19.020000000000000        3.2279272126113978E-002  0.77567398378124863       0.77417658229910880     
   19.039999999999999        3.3674838114880153E-002  0.77542790092859493       0.77306012950809588     
   19.059999999999999        3.2662261560397275E-002  0.77529313347590245       0.77387019075168217     
   19.080000000000002        3.4154299703204855E-002  0.77507918851833479       0.77267656023743614     
   19.100000000000001        3.2957584910523280E-002  0.77497334504011350       0.77363393207158149     
   19.120000000000001        3.4542790139086108E-002  0.77479243310702450       0.77236576788873113     
   19.140000000000001        3.3163820408359850E-002  0.77471609472425029       0.77346894367331220     
   19.160000000000000        3.4838742130328657E-002  0.77456890944534995       0.77212900629573711     
   19.180000000000000        3.3280121883504467E-002  0.77452245903398320       0.77337590249319643     
   19.199999999999999        3.5041170062744355E-002  0.77440948979816948       0.77196706394980463     
   19.219999999999999        3.3306221328513901E-002  0.77439311033749336       0.77335502293718894     
   19.240000000000002        3.5149672043189695E-002  0.77431464085440982       0.77188026236544838     
   19.260000000000002        3.3242427739754762E-002  0.77432831507683053       0.77340605780819627     
   19.280000000000001        3.5164428226454769E-002  0.77428442324089930       0.77186845741883625     
   19.300000000000001        3.3089622262107571E-002  0.77432793457803073       0.77352830219031399     
   19.320000000000000        3.5086195461782287E-002  0.77431849362658844       0.77193104363057419     
   19.340000000000000        3.2849249689106304E-002  0.77439142843830389       0.77372060024871503     
   19.359999999999999        3.4916298317911328E-002  0.77441610938736749       0.77206696134567099     
   19.379999999999999        3.2523306392985590E-002  0.77451786045246096       0.77398135488561159     
   19.400000000000002        3.4656616568138982E-002  0.77457613578572804       0.77227470674548881     
   19.420000000000002        3.2114324781396086E-002  0.77470590702499731       0.77430854017488315     
   19.440000000000001        3.4309569238832903E-002  0.77479705560396894       0.77255234460893374     
   19.460000000000001        3.1625354399096438E-002  0.77495386799891985       0.77469971648072289     
   19.480000000000000        3.3878095345973816E-002  0.77507698115456880       0.77289752372322096     
   19.500000000000000        3.1059939813604720E-002  0.77525967981761212       0.77515204814911631     
   19.520000000000000        3.3365631464528568E-002  0.77541366857682748       0.77330749482837724     
   19.539999999999999        3.0422095443466482E-002  0.77562093092182482       0.77566232364522680     
   19.559999999999999        3.2776086294628935E-002  0.77580453431505025       0.77377913096429696     
   19.580000000000002        2.9716277506351238E-002  0.77603487927040937       0.77622697799491913     
   19.600000000000001        3.2113812406542742E-002  0.77624667366042688       0.77430895007476586     
   19.620000000000001        2.8947353281512937E-002  0.77649847186069831       0.77684211737478970     
   19.640000000000001        3.1383575363164884E-002  0.77673688122644580       0.77489313970946816     
   19.660000000000000        2.8120567897139463E-002  0.77700836611256219       0.77750354568228852     
   19.680000000000000        3.0590520434127948E-002  0.77727167321630874       0.77552758365269769     
   19.699999999999999        2.7241508867678038E-002  0.77756095296923566       0.77820679290585759     
   19.719999999999999        2.9740137129545902E-002  0.77784731133029938       0.77620789029636328     
   19.740000000000002        2.6316068619273675E-002  0.77815238155803446       0.77894714510458107     
   19.760000000000002        2.8838221793781288E-002  0.77845982815163628       0.77692942256497499     
   19.780000000000001        2.5350405252922720E-002  0.77877858524515808       0.77971967579766188     
   19.800000000000001        2.7890838510397198E-002  0.77910505384093354       0.77768732919168226     
   19.820000000000000        2.4350901804760156E-002  0.77943530891091684       0.78051927855619185     
   19.840000000000000        2.6904278578562521E-002  0.77977864396208074       0.77847657713715002     
   19.859999999999999        2.3324124271015555E-002  0.78011813726500467       0.78134070058318761     
   19.879999999999999        2.5885018828575648E-002  0.78047610825626079       0.77929198493713958     
   19.900000000000002        2.2276778671547474E-002  0.78082252401587993       0.78217857706276206     
   19.920000000000002        2.4839679049822087E-002  0.78119284017578028       0.78012825676014241     
   19.940000000000001        2.1215667430469872E-002  0.78154382170394088       0.78302746605562412     
   19.960000000000001        2.3774978808361193E-002  0.78192414698569490       0.78098001695331110     
   19.980000000000000        2.0147645355198817E-002  0.78227731200503714       0.78388188371584100     
   20.000000000000000        2.2697693933433429E-002  0.78266528023862469       0.78184184485325325     
