   0.00000000       1.00000000       0.00000000    
   5.0000000000000000        1.0000000000000000        0.0000000000000000        0.0000000000000000     
   5.0200000000000005        1.0000000000000000        0.0000000000000000        0.0000000000000000     
   5.0400000000000000       0.99976029615346163        0.0000000000000000        4.7940769307674991E-004
   5.0600000000000005       0.99904102244307602        4.0000000000000002E-004   1.9179551138479578E-003
   5.0800000000000001       0.99832226381221600        1.1999999999999999E-003   3.3554723755679916E-003
   5.1000000000000005       0.99712547189871314        2.3987196624991355E-003   5.7490562025737102E-003
   5.1200000000000001       0.99592977472407618        3.9961589823943010E-003   8.1404505518476444E-003
   5.1399999999999997       0.99425911759850472        5.9897616461396632E-003   1.1481764802990568E-002
   5.1600000000000001       0.99259019104131418        8.3795281381625637E-003   1.4819617917371630E-002
   5.1799999999999997       0.99045090885737153        1.1161635144074273E-002   1.9098182285256948E-002
   5.2000000000000002       0.98831404019581259        1.4336084621772860E-002   2.3371919608374814E-002
   5.2199999999999998       0.98571293956610162        1.7897799812116068E-002   2.8574120867796760E-002
   5.2400000000000002       0.98311497289391803        2.1846785614121171E-002   3.3770054212163947E-002
   5.2599999999999998       0.98006039974033055        2.6176729900060189E-002   3.9879200519338909E-002
   5.2800000000000002       0.97700970826365208        3.0887642461002219E-002   4.5980583472695846E-002
   5.2999999999999998       0.97351151434195304        3.5971998308255010E-002   5.2976971316093913E-002
   5.3200000000000003       0.97001796640000726        4.1429814563911420E-002   5.9964067199985482E-002
   5.3399999999999999       0.96608746964796388        4.7252380201541364E-002   6.7825060704072238E-002
   5.3600000000000003       0.96216238861240488        5.3439722610872313E-002   7.5675222775190232E-002
   5.3799999999999999       0.95781232749931500        5.9981975724538207E-002   8.4375345001370006E-002
   5.4000000000000004       0.95346844573517353        6.6879180647928721E-002   9.3063108529652938E-002
   5.4199999999999999       0.94871292781824490        7.4120351276385152E-002  0.10257414436351020     
   5.4400000000000004       0.94396433491680776        8.1705546407379467E-002  0.11207133016638449     
   5.4600000000000000       0.93881877983638562        8.9622698719889635E-002  0.12236244032722876     
   5.4800000000000004       0.93368086535651429        9.7871889227189715E-002  0.13263826928697142     
   5.5000000000000000       0.92816194252750683       0.10644001181998419       0.14367611494498633     
   5.5200000000000005       0.92265133350686712       0.11532717481768838       0.15469733298626576     
   5.5400000000000000       0.91677689478776214       0.12451927912986228       0.16644621042447572     
   5.5600000000000005       0.91091138830903684       0.13401646605702916       0.17817722338192632     
   5.5800000000000001       0.90470039595251017       0.14380369247049823       0.19059920809497966     
   5.6000000000000005       0.89849888707179437       0.15388113892630553       0.20300222585641126     
   5.6200000000000001       0.89197133728199118       0.16423287008079371       0.21605732543601763     
   5.6399999999999997       0.88545374264711829       0.17485911262898421       0.22909251470576342     
   5.6600000000000001       0.87863058508813585       0.18574309345164852       0.24273882982372830     
   5.6799999999999997       0.87181776259356980       0.19688509287775074       0.25636447481286040     
   5.7000000000000002       0.86472081621140828       0.20826755679808912       0.27055836757718343     
   5.7199999999999998       0.85763448105347506       0.21989082727520712       0.28473103789304988     
   5.7400000000000002       0.85028634658968005       0.23173662806946854       0.29942730682063989     
   5.7599999999999998       0.84294898410123986       0.24380537166335561       0.31410203179752028     
   5.7800000000000002       0.83537295369056808       0.25607812034888161       0.32925409261886385     
   5.7999999999999998       0.82780772934768587       0.26855536627065230       0.34438454130462826     
   5.8200000000000003       0.82002769360434002       0.28121757244951517       0.35994461279131995     
   5.8399999999999999       0.81225836060905310       0.29406532044479294       0.37548327878189380     
   5.8600000000000003       0.80429871361630756       0.30707853747784597       0.39140257276738488     
   5.8799999999999999       0.79634951846917656       0.32025790472445176       0.40730096306164687     
   5.9000000000000004       0.78823506109551789       0.33358287810152648       0.42352987780896423     
   5.9199999999999999       0.78013064757925432       0.34705424897406029       0.43973870484149136     
   5.9400000000000004       0.77188648955047101       0.36065106723359819       0.45622702089905798     
   5.9600000000000000       0.76365180155154444       0.37437424528247787       0.47269639689691112     
   5.9800000000000004       0.75530326271249959       0.38820249282440844       0.48939347457500082     
   6.0000000000000000       0.74696344631122957       0.40213685430915247       0.50607310737754085     
   6.0200000000000005       0.73853595751333223       0.41615576543835525       0.52292808497333554     
   6.0400000000000000       0.73011626277456099       0.43026041375014762       0.53976747445087803     
   6.0600000000000005       0.72163526682521928       0.44442902728439004       0.55672946634956144     
   6.0800000000000001       0.71316094972125355       0.45866294759125781       0.57367810055749291     
   6.1000000000000005       0.70465180282984818       0.47294026136708128       0.59069639434030363     
   6.1200000000000001       0.69614802772495787       0.48726247481633139       0.60770394455008425     
   6.1400000000000006       0.68763590187614021       0.50160759942898181       0.62472819624771958     
   6.1600000000000001       0.67912764499753486       0.51597731624590470       0.64174471000493027     
   6.1799999999999997       0.67063743167694656       0.53034962736503055       0.65872513664610688     
   6.2000000000000002       0.66214938599084361       0.54472639819422330       0.67570122801831278     
   6.2199999999999998       0.65370560168070557       0.55908568680570858       0.69258879663858886     
   6.2400000000000002       0.64526208358389037       0.57342955165169085       0.70947583283221927     
   6.2599999999999998       0.63688877743635497       0.58773617158757552       0.72622244512729006     
   6.2800000000000002       0.62851363566355822       0.60200780572461277       0.74297272867288355     
   6.2999999999999998       0.62023429974830380       0.61622281785756117       0.75953140050339241     
   6.3200000000000003       0.61195082688383018       0.63038367409471396       0.77609834623233964     
   6.3399999999999999       0.60378830939315065       0.64446898659085872       0.79242338121369871     
   6.3600000000000003       0.59561915636154339       0.65848143329717246       0.80876168727691322     
   6.3799999999999999       0.58759557814120944       0.67239993734129755       0.82480884371758112     
   6.4000000000000004       0.57956267203639267       0.68622739165765911       0.84087465592721466     
   6.4199999999999999       0.57169934679389989       0.69994309208753014       0.85660130641220023     
   6.4400000000000004       0.56382381238927159       0.71355014777594061       0.87235237522145681     
   6.4600000000000000       0.55614117091281945       0.72702828808802411       0.88771765817436110     
   6.4800000000000004       0.54844325617625489       0.74038083749577066       0.90311348764749022     
   6.5000000000000000       0.54096077487800265       0.75358801871249426       0.91807845024399470     
   6.5200000000000005       0.53345978079575496       0.76665336835782338       0.93308043840849009     
   6.5400000000000000       0.52619591487166584       0.77955766127681503       0.94760817025666833     
   6.5600000000000005       0.51891012986381113       0.79230464059407046       0.96217974027237774     
   6.5800000000000001       0.51188225133982457       0.80487569097228717       0.97623549732035086     
   6.6000000000000005       0.50482889052729485       0.81727475378795245       0.99034221894541030     
   6.6200000000000001       0.49805323143776442       0.82948388004815077        1.0038935371244713     
   6.6400000000000006       0.49124838099725132       0.84150719839464683        1.0175032380054974     
   6.6600000000000001       0.48473998191666706       0.85332748147807491        1.0305200361666658     
   6.6799999999999997       0.47819854873487661       0.86494903138932244        1.0436029025302469     
   6.7000000000000002       0.47197121285797905       0.87635539641665317        1.0560575742840419     
   6.7199999999999998       0.46570687967099644       0.88755103538817870        1.0685862406580071     
   6.7400000000000002       0.45977313260960867       0.89852032483033006        1.0804537347807828     
   6.7599999999999998       0.45379831878661814       0.90926786066682275        1.0924033624267637     
   6.7800000000000002       0.44816937422401243       0.91977889876826691        1.1036612515519750     
   6.7999999999999998       0.44249520232744433       0.93005814958281108        1.1150095953451113     
   6.8200000000000003       0.43718093364295507       0.94009179782201358        1.1256381327140899     
   6.8399999999999999       0.43181720186943767       0.94988464299349451        1.1363655962611245     
   6.8600000000000003       0.42682611981747903       0.95942384640802814        1.1463477603650420     
   6.8799999999999999       0.42178128039589696       0.96871426834623142        1.1564374392082062     
   6.9000000000000004       0.41712051689468832       0.97774409259365402        1.1657589662106234     
   6.9199999999999999       0.41240166048933663       0.98651820920511302        1.1751966790213269     
   6.9400000000000004       0.40807695854562909       0.99502586827466499        1.1838460829087418     
   6.9600000000000000       0.40368980468404619        1.0032719560661416        1.1926203906319075     
   6.9800000000000004       0.39970551445113134        1.0112468306004470        1.2005889710977373     
   7.0000000000000000       0.39565440796784279        1.0189553384008039        1.2086911840643144     
   7.0200000000000005       0.39201348890525867        1.0263889846308216        1.2159730221894827     
   7.0400000000000000       0.38830140236450927        1.0335525379557675        1.2233971952709815     
   7.0600000000000005       0.38500543143928878        1.0404386872960298        1.2299891371214224     
   7.0800000000000001       0.38163397347202904        1.0470520834235280        1.2367320530559418     
   7.1000000000000005       0.37868315931320712        1.0533866328179504        1.2426336813735857     
   7.1200000000000001       0.37565258877627128        1.0594468266847779        1.2486948224474574     
   7.1400000000000006       0.37304579166682461        1.0652278198358254        1.2539084166663508     
   7.1600000000000001       0.37035503750552828        1.0707339009076202        1.2592899249889435     
   7.1799999999999997       0.36808979506910305        1.0759615005631686        1.2638204098617938     
   7.2000000000000002       0.36573648173853196        1.0809146608711251        1.2685270365229360     
   7.2199999999999998       0.36380904015235344        1.0855911123837128        1.2723819196952930     
   7.2400000000000002       0.36178951842754015        1.0899946059606200        1.2764209631449197     
   7.2599999999999998       0.36019486896792291        1.0941241923727822        1.2796102620641543     
   7.2800000000000002       0.35850425194903385        1.0979832863592622        1.2829914961019324     
   7.2999999999999998       0.35723617265204122        1.1015722753060611        1.2855276546959176     
   7.3200000000000003       0.35586837674773952        1.1048941930343203        1.2882632465045210     
   7.3399999999999999       0.35491947894489101        1.1079507757899165        1.2901610421102179     
   7.3600000000000003       0.35386726959530795        1.1107446321870658        1.2922654608093840     
   7.3799999999999999       0.35322904906290714        1.1132788552159207        1.2935419018741858     
   7.4000000000000004       0.35248409094324579        1.1155555849016858        1.2950318181135083     
   7.4199999999999999       0.35214698338399852        1.1175792743067772        1.2957060332320030     
   7.4400000000000004       0.35169989481080066        1.1193515527911055        1.2966002103783987     
   7.4600000000000000       0.35165333536799892        1.1208782320810751        1.2966933292640022     
   7.4800000000000004       0.35149374661261351        1.1221603904956050        1.2970125067747729     
   7.5000000000000000       0.35172623310035783        1.1232051921200321        1.2965475337992842     
   7.5200000000000005       0.35184284829823032        1.1240131259435306        1.2963143034035394     
   7.5400000000000000       0.35234200781602193        1.1245926970703510        1.2953159843679560     
   7.5600000000000005       0.35272267014614628        1.1249437693319453        1.2945546597077073     
   7.5800000000000001       0.35347532873276044        1.1250761723633804        1.2930493425344791     
   7.6000000000000005       0.35410708852905887        1.1249891118285524        1.2917858229418822     
   7.6200000000000001       0.35509934349896805        1.1246937201716523        1.2898013130020640     
   7.6400000000000006       0.35596852894453224        1.1241885150345727        1.2880629421109355     
   7.6600000000000001       0.35718582354032358        1.1234859046595775        1.2856283529193528     
   7.6799999999999997       0.35827811358641104        1.1225836922812484        1.2834437728271779     
   7.7000000000000002       0.35970531357267410        1.1214955296153450        1.2805893728546518     
   7.7199999999999998       0.36100581271713256        1.1202184828602182        1.2779883745657350     
   7.7400000000000002       0.36262728453520388        1.1187674095759095        1.2747454309295922     
   7.7599999999999998       0.36412059908961841        1.1171386203101217        1.2717588018207633     
   7.7800000000000002       0.36592028918837888        1.1153481355762691        1.2681594216232424     
   7.7999999999999998       0.36759060465971838        1.1133914958982520        1.2648187906805632     
   7.8200000000000003       0.36955211961535406        1.1112858366679574        1.2608957607692919     
   7.8399999999999999       0.37138327882623529        1.1090259184471003        1.2572334423475295     
   7.8600000000000003       0.37348996586349320        1.1066299383598082        1.2530200682730137     
   7.8799999999999999       0.37546554743538518        1.1040918716609220        1.2490689051292296     
   7.9000000000000004       0.37770057496437198        1.1014309191366491        1.2445988500712559     
   7.9199999999999999       0.37980397179011433        1.0986402701072810        1.2403920564197715     
   7.9400000000000004       0.38215040957608087        1.0957400662085908        1.2356991808478384     
   7.9600000000000000       0.38436490691196851        1.0927227150027770        1.2312701861760629     
   7.9800000000000004       0.38680580550077093        1.0896092316350738        1.2263883889984581     
   8.0000000000000000       0.38911465831413389        1.0863912509409652        1.2217706833717323     
   8.0199999999999996       0.39163312734312522        1.0830905899540282        1.2167337453137494     
   8.0400000000000009       0.39401963655876837        1.0796981246839230        1.2119607268824633     
   8.0600000000000005       0.39659892159171106        1.0762363984271905        1.2068021568165779     
   8.0800000000000001       0.39904650888972815        1.0726955471170889        1.2019069822205437     
   8.0999999999999996       0.40167006642487491        1.0690987609883531        1.1966598671502502     
   8.1200000000000010       0.40416234725315714        1.0654354594400703        1.1916753054936857     
   8.1400000000000006       0.40681391756586388        1.0617293969517889        1.1863721648682723     
   8.1600000000000001       0.40933477204302382        1.0579693046341980        1.1813304559139524     
   8.1799999999999997       0.41199844953806497        1.0541794155038633        1.1760031009238701     
   8.1999999999999993       0.41453209093641741        1.0503478052109723        1.1709358181271652     
   8.2200000000000006       0.41719239170049421        1.0464990969618246        1.1656152165990115     
   8.2400000000000002       0.41972343221409802        1.0426207482042495        1.1605531355718040     
   8.2599999999999998       0.42236535847577827        1.0387376817403420        1.1552692830484435     
   8.2799999999999994       0.42487887199525853        1.0348367783234422        1.1502422560094829     
   8.3000000000000007       0.42748797321767018        1.0309431679186944        1.1450240535646596     
   8.3200000000000003       0.42996955485151267        1.0270432001353373        1.1400608902969747     
   8.3399999999999999       0.43253198520243363        1.0231621182498694        1.1349360295951327     
   8.3599999999999994       0.43496780730357210        1.0192857900885621        1.1300643853928558     
   8.3800000000000008       0.43747037926800908        1.0154394773975008        1.1250592414639820     
   8.4000000000000004       0.43984724374470102        1.0116086191377052        1.1203055125105981     
   8.4199999999999999       0.44227747766651776        1.0078184001279051        1.1154450446669646     
   8.4399999999999995       0.44458286437761291        1.0040538866637867        1.1108342712447743     
   8.4600000000000009       0.44692903373913695        1.0003400911226170        1.1061419325217261     
   8.4800000000000004       0.44915114479576485       0.99666176632454906        1.1016977104084704     
   8.5000000000000000       0.45140231706744965       0.99304365701234376        1.0971953658651006     
   8.5199999999999996       0.45353011688576561       0.98947026440226171        1.0929397662284688     
   8.5400000000000009       0.45567618980178359       0.98596597116630447        1.0886476203964328     
   8.5600000000000005       0.45769944077459035       0.98251509114872526        1.0846011184508193     
   8.5800000000000001       0.45973117391455620       0.97914155170191597        1.0805376521708876     
   8.5999999999999996       0.46164046759323035       0.97582954555729862        1.0767190648135392     
   8.6200000000000010       0.46354950917496990       0.97260245310917870        1.0729009816500601     
   8.6400000000000006       0.46533629287704104       0.96944441392038061        1.0693274142459179     
   8.6600000000000001       0.46711520169029569       0.96637817181210728        1.0657695966194085     
   8.6799999999999997       0.46877180047211697       0.96338788245837759        1.0624563990557661     
   8.7000000000000011       0.47041406290817683       0.96049556591672602        1.0591718741836464     
   8.7200000000000006       0.47193369686626102       0.95768546423292666        1.0561326062674778     
   8.7400000000000002       0.47343373902361613       0.95497878932169034        1.0531325219527679     
   8.7599999999999998       0.47481053591225852       0.95235994048365646        1.0503789281754830     
   8.7799999999999994       0.47616373078331797       0.94984924029407591        1.0476725384333641     
   8.8000000000000007       0.47739273395996196       0.94743131645426137        1.0452145320800761     
   8.8200000000000003       0.47859540372858422       0.94512552453952337        1.0428091925428316     
   8.8399999999999999       0.47967257546187891       0.94291679170059783        1.0406548490762422     
   8.8599999999999994       0.48072198896575891       0.94082343272321756        1.0385560220684822     
   8.8800000000000008       0.48164420916429357       0.93883074480123963        1.0367115816714128     
   8.9000000000000004       0.48253857460003802       0.93695593232645613        1.0349228507999240     
   8.9199999999999999       0.48330363504219320       0.93518473231983978        1.0333927299156136     
   8.9399999999999995       0.48404208801407045       0.93353317365316435        1.0319158239718591     
   8.9600000000000009       0.48464868218119445       0.93198750179904877        1.0307026356376112     
   8.9800000000000004       0.48523126921695103       0.93056250973203591        1.0295374615660979     
   9.0000000000000000       0.48567897785304009       0.92924501849807273        1.0286420442939197     
   9.0199999999999996       0.48610663553172923       0.92804852979334773        1.0277867289365417     
   9.0400000000000009       0.48639590807286537       0.92696050552042397        1.0272081838542693     
   9.0600000000000005       0.48667043793022774       0.92599310593520501        1.0266591241395444     
   9.0800000000000001       0.48680256996611060       0.92513449691547733        1.0263948600677788     
   9.0999999999999996       0.48692660936259097       0.92439545253239963        1.0261467812748180     
   9.1200000000000010       0.48690371631050500       0.92376490327728611        1.0261925673789900     
   9.1400000000000006       0.48688070546538953       0.92325219788243307        1.0262385890692209     
   9.1600000000000001       0.48670569265379288       0.92284708930708603        1.0265886146924141     
   9.1799999999999997       0.48653983806612960       0.92255746752787859        1.0269203238677407     
   9.2000000000000011       0.48621636744066382       0.92237396275228012        1.0275672651186722     
   9.2200000000000006       0.48591260193350633       0.92230297864239474        1.0281747961329875     
   9.2400000000000002       0.48544505561253937       0.92233607408463469        1.0291098887749213     
   9.2599999999999998       0.48500899525156732       0.92247814481956891        1.0299820094968655     
   9.2799999999999994       0.48440243617133805       0.92272172623426130        1.0311951276573239     
   9.3000000000000007       0.48384033432199192       0.92307019055955397        1.0323193313560162     
   9.3200000000000003       0.48310046422297226       0.92351709365379264        1.0337990715540555     
   9.3399999999999999       0.48241916302184695       0.92406427470846864        1.0351616739563061     
   9.3599999999999994       0.48155227803803258       0.92470634994927436        1.0368954439239348     
   9.3800000000000008       0.48075915756435694       0.92544362206972808        1.0384816848712861     
   9.4000000000000004       0.47977210168580542       0.92627180328073255        1.0404557966283892     
   9.4199999999999999       0.47887502712735591       0.92718966237524614        1.0422499457452883     
   9.4399999999999995       0.47777514381338249       0.92819403870638140        1.0444497123732350     
   9.4600000000000009       0.47678241092811258       0.92928217577767225        1.0464351781437748     
   9.4800000000000004       0.47557749315410952       0.93045206662002344        1.0488450136917811     
   9.5000000000000000       0.47449777233409701       0.93169944400282945        1.0510044553318059     
   9.5199999999999996       0.47319601135894851       0.93302347641151118        1.0536079772821030     
   9.5400000000000009       0.47203829060696223       0.93441840628416306        1.0559234187860755     
   9.5600000000000005       0.47064822375047938       0.93588459446519556        1.0587035524990411     
   9.5800000000000001       0.46942175088153543       0.93741481918850955        1.0611564982369290     
   9.5999999999999996       0.46795220860223724       0.93901064560117775        1.0640955827955256     
   9.6200000000000010       0.46666643298295918       0.94066341943475007        1.0666671340340816     
   9.6400000000000006       0.46512648554588554       0.94237591705882495        1.0697470289082289     
   9.6600000000000001       0.46379099968331272       0.94413808880399386        1.0724180006333746     
   9.6799999999999997       0.46218990370539259       0.94595392412148460        1.0756201925892148     
   9.7000000000000011       0.46081438499411476       0.94781202024177247        1.0783712300117705     
   9.7200000000000006       0.45916153015095246       0.94971757648553901        1.0816769396980952     
   9.7400000000000002       0.45775568308311393       0.95165788425929210        1.0844886338337720     
   9.7599999999999998       0.45606053925593176       0.95363934448581067        1.0878789214881364     
   9.7799999999999994       0.45463403839278116       0.95564799475195972        1.0907319232144377     
   9.8000000000000007       0.45290610352770694       0.95769142430279441        1.0941877929445862     
   9.8200000000000003       0.45146853752400806       0.95975447336913866        1.0970629249519839     
   9.8399999999999999       0.44971728646797049       0.96184590129516012        1.1005654270640590     
   9.8599999999999994       0.44827810343179070       0.96394941158918968        1.1034437931364187     
   9.8800000000000008       0.44651293800003683       0.96607491062314699        1.1069741239999265     
   9.9000000000000004       0.44508139246024381       0.96820502967822342        1.1098372150795124     
   9.9199999999999999       0.44331159297998357       0.97035079435501514        1.1133768140400329     
   9.9399999999999995       0.44189669472227810       0.97249383173943504        1.1162066105554438     
   9.9600000000000009       0.44013137328525820       0.97464625427900897        1.1197372534294836     
   9.9800000000000004       0.43874183830481922       0.97678875609219806        1.1225163233903617     
   10.000000000000000       0.43698989394880583       0.97893449967753732        1.1260202121023883     
   10.020000000000000       0.43563409775370043       0.98106332025606990        1.1287318044925991     
   10.040000000000001       0.43390417377898960       0.98318938935795930        1.1321916524420208     
   10.060000000000000       0.43259010726349090       0.98529175985427686        1.1348197854730182     
   10.080000000000000       0.43089055087574823       0.98738556727541626        1.1382188982485035     
   10.100000000000000       0.42962577896669574       0.98944916079379808        1.1407484420666085     
   10.120000000000001       0.42796460342174653       0.99149859112718741        1.1440707931565068     
   10.140000000000001       0.42675622668416968       0.99351158412467688        1.1464875466316606     
   10.160000000000000       0.42514107609390994       0.99550505334490158        1.1497178478121801     
   10.180000000000000       0.42399569546441596       0.99745618302925410        1.1520086090711681     
   10.200000000000001       0.42243381240589106       0.99938269396022816        1.1551323751882179     
   10.220000000000001       0.42135749720389265        1.0012613114424851        1.1572850055922146     
   10.240000000000000       0.41985569325589744        1.0031105048711821        1.1602886134882051     
   10.260000000000000       0.41885395260373215        1.0049066238569218        1.1622920947925357     
   10.279999999999999       0.41741858191712472        1.0066688250895086        1.1651628361657504     
   10.300000000000001       0.41649633968059918        1.0083731659201518        1.1670073206388016     
   10.320000000000000       0.41513327567000002        1.0100394266045358        1.1697334486600000     
   10.340000000000000       0.41429484901099256        1.0116434554879912        1.1714103019780149     
   10.359999999999999       0.41300946423676482        1.0132055905550552        1.1739810715264705     
   10.380000000000001       0.41225854584934546        1.0147015538534263        1.1754829083013090     
   10.400000000000000       0.41105569513983031        1.0161521734577859        1.1778886097203394     
   10.420000000000000       0.41039533922102117        1.0175331269286474        1.1792093215579578     
   10.440000000000000       0.40927934606604238        1.0188656632987207        1.1814413078679151     
   10.460000000000001       0.40871195805195304        1.0201254962153328        1.1825760838960939     
   10.480000000000000       0.40768660427971254        1.0213342253514730        1.1846267914405750     
   10.500000000000000       0.40721393435745379        1.0224676794563012        1.1855721312850924     
   10.520000000000000       0.40628245308822242        1.0235477376446682        1.1874350938235552     
   10.540000000000001       0.40590559347383676        1.0245504209193073        1.1881888130523266     
   10.560000000000000       0.40507066532540303        1.0254978160579216        1.1898586693491939     
   10.580000000000000       0.40479005127815554        1.0263662113210175        1.1904198974436890     
   10.600000000000000       0.40405380377993327        1.0271778290827338        1.1918923924401335     
   10.620000000000001       0.40386921830378764        1.0279092974555137        1.1922615633924247     
   10.640000000000001       0.40323322845889664        1.0285829023405391        1.1935335430822067     
   10.660000000000000       0.40314381062295607        1.0291756816469957        1.1937123787540878     
   10.680000000000000       0.40260911054057458        1.0297099130047223        1.1947817789188508     
   10.700000000000001       0.40261336733179293        1.0301631112001635        1.1947732653364143     
   10.720000000000001       0.40218045283572490        1.0305574743264787        1.1956390943285502     
   10.740000000000000       0.40227627443938296        1.0308710580739975        1.1954474511212341     
   10.760000000000000       0.40194511654317355        1.0311259105156876        1.1961097669136529     
   10.779999999999999       0.40212979492955536        1.0313006890548959        1.1957404101408893     
   10.800000000000001       0.40189985405370476        1.0314172222771445        1.1962002918925905     
   10.820000000000000       0.40217010473318177        1.0314548267532446        1.1956597905336364     
   10.840000000000000       0.40204034752612577        1.0314350433494626        1.1959193049477483     
   10.859999999999999       0.40239233431954041        1.0313379017931783        1.1952153313609193     
   10.880000000000001       0.40236125293115432        1.0311845884383288        1.1952774941376914     
   10.900000000000000       0.40279061558806173        1.0309558966083812        1.1944187688238765     
   10.920000000000000       0.40285624923256735        1.0306725929775478        1.1942875015348653     
   10.940000000000000       0.40335813371660700        1.0303162812970510        1.1932837325667860     
   10.960000000000001       0.40351809235097519        1.0299072451900240        1.1929638152980497     
   10.980000000000000       0.40408718359946783        1.0294279420263917        1.1918256328010643     
   11.000000000000000       0.40433867353376401        1.0288981109566475        1.1913226529324721     
   11.020000000000000       0.40496923048761135        1.0283011025111741        1.1900615390247773     
   11.040000000000001       0.40530908173527042        1.0276560520334028        1.1893818365294591     
   11.060000000000000       0.40599497442542604        1.0269472391216572        1.1880100511491478     
   11.080000000000000       0.40641966959420256        1.0261931381862535        1.1871606608115948     
   11.100000000000000       0.40715441806242064        1.0253789902035859        1.1856911638751586     
   11.120000000000001       0.40766012258077211        1.0245225538388785        1.1846797548384558     
   11.140000000000001       0.40843693740505793        1.0236100602168157        1.1831261251898841     
   11.160000000000000       0.40901953087400145        1.0226584998504273        1.1819609382519971     
   11.180000000000000       0.40983135506321150        1.0216551193193162        1.1803372898735769     
   11.200000000000001       0.41048646352026480        1.0206160910588147        1.1790270729594705     
   11.220000000000001       0.41132601553765208        1.0195296990398537        1.1773479689246957     
   11.240000000000000       0.41204904441733675        1.0184112502397078        1.1759019111653264     
   11.260000000000000       0.41290886208951966        1.0172500846953869        1.1741822758209608     
   11.279999999999999       0.41369502966406296        1.0160605991422511        1.1726099406718742     
   11.300000000000001       0.41456751472991904        1.0148332052182325        1.1708649705401619     
   11.320000000000000       0.41541188581423932        1.0135813472696671        1.1691762283715215     
   11.340000000000000       0.41628934886758284        1.0122965210632417        1.1674213022648343     
   11.359999999999999       0.41718686857436293        1.0109911790761481        1.1656262628512741     
   11.380000000000001       0.41806157415494882        1.0096579108666548        1.1638768516901024     
   11.400000000000000       0.41900710148857134        1.0083081402510319        1.1619857970228573     
   11.420000000000000       0.41987131307795866        1.0069355575259835        1.1602573738440827     
   11.440000000000000       0.42085965416026871        1.0055505237570399        1.1582806916794626     
   11.460000000000001       0.42170567884234900        1.0041478343642349        1.1565886423153020     
   11.480000000000000       0.42273161956858435        1.0027367562814999        1.1545367608628312     
   11.500000000000000       0.42355185211910340        1.0013131920321354        1.1528962957617932     
   11.520000000000000       0.42461019004885031       0.99988528574804525        1.1507796199022993     
   11.540000000000001       0.42539715622398655       0.99845004678882765        1.1492056875520269     
   11.560000000000000       0.42648273151962884       0.99701447052135106        1.1470345369607422     
   11.580000000000000       0.42722913032059151       0.99557667078487033        1.1455417393588170     
   11.600000000000000       0.42833685555436751       0.99414247091914221        1.1433262888912650     
   11.620000000000001       0.42903560025299475       0.99271108495144234        1.1419287994940106     
   11.640000000000001       0.43016048891340014       0.99128714362419634        1.1396790221731998     
   11.660000000000000       0.43080474663281082       0.98987095507654166        1.1383905067343782     
   11.680000000000000       0.43194194017161719       0.98846593956441231        1.1361161196567657     
   11.700000000000001       0.43252516982603995       0.98707349162287816        1.1349496603479201     
   11.720000000000001       0.43366996309857103       0.98569580580150329        1.1326600738028580     
   11.740000000000000       0.43418595150747202       0.98433535381322257        1.1316280969850561     
   11.760000000000000       0.43533381647091268       0.98299309193856443        1.1293323670581747     
   11.779999999999999       0.43577671247439786       0.98167255847741464        1.1284465750512043     
   11.800000000000001       0.43692332002172729       0.98037346152399851        1.1261533599565454     
   11.820000000000000       0.43728766643682948       0.97910039412123495        1.1254246671263410     
   11.840000000000000       0.43842890625738895       0.97785180889412793        1.1231421874852221     
   11.859999999999999       0.43870966952818524       0.97663334064114693        1.1225806609436295     
   11.880000000000001       0.43984166789982182       0.97544218185961462        1.1203166642003564     
   11.900000000000000       0.44003426530828060       0.97428499507073529        1.1199314693834388     
   11.920000000000000       0.44115340074036830       0.97315771060170275        1.1176931985192633     
   11.940000000000000       0.44125372505931326       0.97206800370471236        1.1174925498813735     
   11.960000000000001       0.44235664172064998       0.97101054310362578        1.1152867165587002     
   11.980000000000000       0.44236108320516271       0.96999400090496679        1.1152778335896745     
   12.000000000000000       0.44344470208568648       0.96901178740037852        1.1131105958286271     
   12.020000000000000       0.44335016771456343       0.96807355485043123        1.1132996645708730     
   12.040000000000001       0.44441169548493170       0.96717146088691519        1.1111766090301365     
   12.060000000000000       0.44421562537937642       0.96631612044888904        1.1115687492412472     
   12.080000000000000       0.44525256092761933       0.96549844688074393        1.1094948781447613     
   12.100000000000000       0.44495294189009738       0.96472999958446126        1.1100941162198052     
   12.120000000000001       0.44596308052969780       0.96400045859023031        1.1080738389406044     
   12.140000000000001       0.44555845666172195       0.96332230882964964        1.1088830866765562     
   12.160000000000000       0.44653989202050298       0.96268401059497610        1.1069202159589939     
   12.180000000000000       0.44602937239396334       0.96209895470576179        1.1079412552120733     
   12.200000000000001       0.44698049600799167       0.96155439789954444        1.1060390079840166     
   12.220000000000001       0.44636375938041051       0.96106461653056074        1.1072724812391790     
   12.240000000000000       0.44728325803166369       0.96061568257695218        1.1054334839366726     
   12.260000000000000       0.44656055461135741       0.96022273684730097        1.1068788907772853     
   12.280000000000001       0.44744740546207490       0.95987068797395292        1.1051051890758501     
   12.300000000000001       0.44661955574455942       0.95957551938519237        1.1067608885108813     
   12.320000000000000       0.44747301933491790       0.95932100040637813        1.1050539613301642     
   12.340000000000000       0.44654141004692227       0.95912393445810651        1.1069171799061555     
   12.359999999999999       0.44736102123587212       0.95896697823005472        1.1052779575282559     
   12.380000000000001       0.44632759843794978       0.95886773166605299        1.1073448031241004     
   12.400000000000000       0.44711315537964574       0.95880776813120394        1.1057736892407086     
   12.420000000000000       0.44598041479252154       0.95880545972307740        1.1080391704149570     
   12.440000000000000       0.44673196605270965       0.95884132844003855        1.1065360678945808     
   12.460000000000001       0.44550294068610302       0.95893449319582347        1.1089941186277938     
   12.480000000000000       0.44622077061402216       0.95906445923269801        1.1075584587719556     
   12.500000000000000       0.44489901578967644       0.95925106589926656        1.1102019684206472     
   12.520000000000000       0.44558362827143716       0.95947283894993696        1.1088327434571257     
   12.540000000000001       0.44417320414440248       0.95975031066046190        1.1116535917111952     
   12.560000000000000       0.44482530487336192       0.96006106722623696        1.1103493902532762     
   12.580000000000000       0.44333075656716420       0.96042630512741189        1.1133384868656715     
   12.600000000000000       0.44395123397547515       0.96082271359051774        1.1120975320490496     
   12.620000000000001       0.44237756945760720       0.96127212326888611        1.1152448610847856     
   12.640000000000001       0.44296747446083579       0.96175037166945643        1.1140650510783283     
   12.660000000000000       0.44132014029497768       0.96227989218204724        1.1173597194100446     
   12.680000000000000       0.44188066500841866       0.96283571849678395        1.1162386699831628     
   12.700000000000001       0.44016552012889382       0.96344085379845468        1.1196689597422123     
   12.720000000000001       0.44069797571993313       0.96406957850695973        1.1186040485601336     
   12.740000000000000       0.43892126338209408       0.96474543105536936        1.1221574732358119     
   12.760000000000000       0.43942705722764369       0.96544199176936563        1.1211458855447125     
   12.780000000000001       0.43759537529512699       0.96618329807848935        1.1248092494097461     
   12.800000000000001       0.43807598761676936       0.96694228599984533        1.1238480247664613     
   12.820000000000000       0.43619625735283557       0.96774345390435601        1.1276074852943290     
   12.840000000000000       0.43665321750484626       0.96855915186996799        1.1266935649903074     
   12.859999999999999       0.43473265104030734       0.96941429925575040        1.1305346979193853     
   12.880000000000001       0.43516751362716294       0.97028072112101715        1.1296649727456742     
   12.900000000000000       0.43321358028168067       0.97118371587151897        1.1335728394366387     
   12.920000000000000       0.43362790128200773       0.97209464697935688        1.1327441974359846     
   12.940000000000000       0.43164829291881424       0.97303914788347701        1.1367034141623715     
   12.960000000000001       0.43204360599198693       0.97398818636256812        1.1359127880160260     
   12.980000000000000       0.43004620158832663       0.97496768472730855        1.1399075968233467     
   13.000000000000000       0.43042399473809484       0.97594828336156603        1.1391520105238104     
   13.020000000000000       0.42841682435492057       0.97695614507174977        1.1431663512901589     
   13.040000000000001       0.42877851712155290       0.97796165348285202        1.1424429657568942     
   13.060000000000000       0.42676972545623348       0.97899116125080443        1.1464605490875330     
   13.080000000000000       0.42711664680471761       0.98001486813699579        1.1457667063905648     
   13.100000000000000       0.42511445650974367       0.98105926368720098        1.1497710869805127     
   13.120000000000001       0.42544782357662420       0.98209443886442205        1.1491043528467517     
   13.140000000000001       0.42346049852555379       0.98314696480174191        1.1530790029488924     
   13.160000000000000       0.42378139638103784       0.98418690079749493        1.1524372072379243     
   13.180000000000000       0.42181720506022646       0.98524084191258265        1.1563655898795471     
   13.200000000000001       0.42212656763529005       0.98627889486869291        1.1557468647294198     
   13.220000000000001       0.42019374683633065       0.98732761864061225        1.1596125063273388     
   13.240000000000000       0.42049233915675560       0.98835724828815252        1.1590153216864887     
   13.260000000000000       0.41859905814004977       0.98939424435201750        1.1628018837199003     
   13.280000000000001       0.41888746000066363       0.99040905283014613        1.1622250799986729     
   13.300000000000001       0.41704178529519120       0.99142797118657855        1.1659164294096176     
   13.320000000000000       0.41732037649812137       0.99242174048669141        1.1653592470037573     
   13.340000000000000       0.41553023749632118       0.99341642824017162        1.1689395250073575     
   13.359999999999999       0.41579918476687255       0.99438315606767069        1.1684016304662550     
   13.380000000000001       0.41407234026663442       0.99534769249218347        1.1718553194667312     
   13.400000000000000       0.41433158594951425       0.99628162635012429        1.1713368281009715     
   13.420000000000000       0.41267559178766922       0.99721035609297504        1.1746488164246616     
   13.440000000000000       0.41292484441478539       0.99810602540483329        1.1741503111704292     
   13.460000000000001       0.41134702232821796       0.99899358965285201        1.1773059553435641     
   13.480000000000000       0.41158574913723345       0.99984583575557684        1.1768285017255331     
   13.500000000000000       0.41009315697888926        1.0006872012022106        1.1798136860422215     
   13.520000000000000       0.41032057844920028        1.0014912050554741        1.1793588431015993     
   13.540000000000001       0.40891998187688278        1.0022816905223062        1.1821600362462346     
   13.560000000000000       0.40913506833677699        1.0030329979953374        1.1817298633264461     
   13.580000000000000       0.40783291408278316        1.0037682985772989        1.1843341718344336     
   13.600000000000000       0.40803438442830320        1.0044628431908105        1.1839312311433936     
   13.620000000000001       0.40683677524770567        1.0051390518106633        1.1863264495045887     
   13.640000000000001       0.40702309780027213        1.0057731748280356        1.1859538043994557     
   13.660000000000000       0.40593576918507884        1.0063868011024752        1.1881284616298422     
   13.680000000000000       0.40610516470129476        1.0069572688814596        1.1877896705974105     
   13.700000000000001       0.40513346343687762        1.0075052552183730        1.1897330731262448     
   13.720000000000001       0.40528391027022526        1.0080092737519504        1.1894321794595495     
   13.740000000000000       0.40443277489937124        1.0084890086157925        1.1911344502012575     
   13.760000000000000       0.40456201629980038        1.0089242352084957        1.1908759674003992     
   13.780000000000001       0.40383595954857265        1.0093335635083418        1.1923280809028547     
   13.800000000000001       0.40394151307235093        1.0096981155520484        1.1921169738552981     
   13.820000000000000       0.40334460628072022        1.0100353461245748        1.1933107874385596     
   13.840000000000000       0.40342377526944623        1.0103278069555652        1.1931524494611074     
   13.859999999999999       0.40295963485843217        1.0105917171328107        1.1940807302831358     
   13.880000000000001       0.40300952193288286        1.0108111389695156        1.1939809561342343     
   13.900000000000000       0.40268129792879576        1.0110009762387779        1.1946374041424086     
   13.920000000000000       0.40269882043036520        1.0111468802171073        1.1946023591392696     
   13.940000000000000       0.40250918705572680        1.0112623609975819        1.1949816258885464     
   13.960000000000001       0.40249109435568975        1.0113347343378951        1.1950178112886205     
   13.980000000000000       0.40244224268559747        1.0113760399155676        1.1951155146288051     
   14.000000000000000       0.40238513527037012        1.0113753302721087        1.1952297294592598     
   14.020000000000000       0.40247876794251553        1.0113430999508781        1.1950424641149691     
   14.040000000000001       0.40237911817155453        1.0112702070107946        1.1952417636568908     
   14.060000000000000       0.40261644612786923        1.0111655285538053        1.1947671077442616     
   14.080000000000000       0.40247062054991839        1.0110217929685634        1.1950587589001631     
   14.100000000000000       0.40285236177795547        1.0108461904190171        1.1942952764440891     
   14.120000000000001       0.40265664488107422        1.0106333801661180        1.1946867102378516     
   14.140000000000001       0.40318302511379062        1.0103887991515439        1.1936339497724187     
   14.160000000000000       0.40293364437504253        1.0101090934386963        1.1941327112499149     
   14.180000000000000       0.40360439969867856        1.0097978840765405        1.1927912006026429     
   14.200000000000001       0.40329755179057269        1.0094538549140186        1.1934048964188546     
   14.220000000000001       0.40411193310187082        1.0090787524494378        1.1917761337962585     
   14.240000000000000       0.40374381110468305        1.0086733440288937        1.1925123777906339     
   14.260000000000000       0.40470059035079181        1.0082374473478217        1.1905988192984163     
   14.280000000000001       0.40426741181279330        1.0077739533775372        1.1914651763744133     
   14.300000000000001       0.40536488993990022        1.0072807015492533        1.1892702201201995     
   14.320000000000000       0.40486292562132442        1.0067627407064377        1.1902741487573512     
   14.340000000000000       0.40609894215138581        1.0062158877199936        1.1878021156972283     
   14.359999999999999       0.40552454528270643        1.0056473773903403        1.1889509094345871     
   14.380000000000001       0.40689648943162149        1.0050509652583177        1.1862070211367570     
   14.400000000000000       0.40624612531242305        1.0044360937415002        1.1875077493751540     
   14.420000000000000       0.40775094855765626        1.0037944241524897        1.1844981028846875     
   14.440000000000000       0.40702122431907772        1.0031376215196399        1.1859575513618446     
   14.460000000000001       0.40865545432008771        1.0024552262276447        1.1826890913598245     
   14.480000000000000       0.40784314867152410        1.0017611340229795        1.1843137026569517     
   14.500000000000000       0.40960290444242325        1.0010427441675680        1.1807941911151536     
   14.520000000000000       0.40870499722189452        1.0003161841513062        1.1825900055562109     
   14.540000000000001       0.41058600545254920       0.99956669870672599        1.1788279890949016     
   14.560000000000000       0.40959970679989360       0.99881264084013699        1.1808005864002129     
   14.580000000000000       0.41159731921918630       0.99803709439480359        1.1768053615616274     
   14.600000000000000       0.41052009819200702       0.99726062427074735        1.1789598036159861     
   14.620000000000001       0.41262930986521867       0.99646415434043634        1.1747413802695625     
   14.640000000000001       0.41145892231930137       0.99567044026397011        1.1770821553613973     
   14.660000000000000       0.41367439077052920       0.99485825434279473        1.1726512184589417     
   14.680000000000000       0.41240890632924443       0.99405251426645591        1.1751821873415111     
   14.700000000000001       0.41472497137943720       0.99322985681914333        1.1705500572411256     
   14.720000000000001       0.41336279932042541       0.99241732533627924        1.1732744013591492     
   14.740000000000000       0.41577350353198322       0.99158944493358092        1.1684529929360337     
   14.760000000000000       0.41431341742416844       0.99077534053069383        1.1713731651516630     
   14.780000000000001       0.41681252704409577       0.98994745732677891        1.1663749459118085     
   14.800000000000001       0.41525368797376266       0.98913695009221603        1.1694926240524746     
   14.820000000000000       0.41783471426906016       0.98831422383883727        1.1643305714618797     
   14.840000000000000       0.41617669250031836       0.98751240382040550        1.1676466149993634     
   14.859999999999999       0.41883291338162498       0.98669990260737539        1.1623341732367500     
   14.880000000000001       0.41707570830404167       0.98591174900557765        1.1658485833919165     
   14.900000000000000       0.41980019013646119       0.98511441891075424        1.1603996197270776     
   14.920000000000000       0.41794424836092159       0.98434477028737932        1.1641115032781568     
   14.940000000000000       0.42072986786445343       0.98356740611201077        1.1585402642710931     
   14.960000000000001       0.41877609933736398       0.98282093178584573        1.1624478013252721     
   14.980000000000000       0.42161556548336965       0.98206814904272111        1.1567688690332607     
   15.000000000000000       0.41956535749909724       0.98134932183522228        1.1608692850018056     
   15.020000000000000       0.42245123331373075       0.98062553014778264        1.1550975333725386     
   15.040000000000001       0.42030646231562002       0.97993860063168514        1.1593870753687598     
   15.060000000000000       0.42323118650608743       0.97924797869208091        1.1535376269878252     
   15.080000000000000       0.42099422757745836       0.97859695108526978        1.1580115448450834     
   15.100000000000000       0.42395013590230679       0.97794342330834039        1.1520997281953864     
   15.120000000000001       0.42162386986044503       0.97733203314386885        1.1567522602791098     
   15.140000000000001       0.42460321617076247       0.97671924814234701        1.1507935676584751     
   15.160000000000000       0.42219103418901227       0.97615094183335105        1.1556179316219755     
   15.180000000000000       0.42518601107340170       0.97558225282719824        1.1496279778531966     
   15.200000000000001       0.42269181676898920       0.97506016923274486        1.1546163664620215     
   15.220000000000001       0.42569457574141045       0.97453861649262186        1.1486108485171791     
   15.240000000000000       0.42312278467949738       0.97406557057726606        1.1537544306410052     
   15.260000000000000       0.42612545585549716       0.97359386598869824        1.1477490882890056     
   15.280000000000001       0.42348099243312037       0.97317233465481268        1.1530380151337591     
   15.300000000000001       0.42647570364654402       0.97275284847582155        1.1470485927069118     
   15.320000000000000       0.42376399533346792       0.97238495863374030        1.1524720093330640     
   15.340000000000000       0.42674289065241233       0.97201970850454245        1.1465142186951753     
   15.359999999999999       0.42396985957943573       0.97170722743123994        1.1520602808411287     
   15.380000000000001       0.42692511718691073       0.97139786968028907        1.1461497656261785     
   15.400000000000000       0.42409716908575701       0.97114219770280941        1.1518056618284860     
   15.420000000000000       0.42702101849722096       0.97089002097896204        1.1459579630055581     
   15.440000000000000       0.42414502900973089       0.97069218650426725        1.1517099419805383     
   15.460000000000001       0.42702976760630368       0.97049810775030088        1.1459404647873925     
   15.480000000000000       0.42411306599417220       0.97035876464861559        1.1517738680116556     
   15.500000000000000       0.42695107485685807       0.97022332741686412        1.1460978502862837     
   15.520000000000000       0.42400142515654021       0.97014275475114031        1.1519971496869195     
   15.540000000000001       0.42678518419316491       0.97006612984763330        1.1464296316136702     
   15.560000000000000       0.42381076387375416       0.97004423392744199        1.1523784722524917     
   15.580000000000000       0.42653286623649006       0.97002622235680802        1.1469342675270200     
   15.600000000000000       0.42354224243127686       0.97006254108095491        1.1529155151374462     
   15.620000000000001       0.42619540822855217       0.97010257925052645        1.1476091835428957     
   15.640000000000001       0.42319751162353769       0.97019628868898633        1.1536049767529246     
   15.660000000000000       0.42577460093576075       0.97029345581706761        1.1484507981284784     
   15.680000000000000       0.42277869741056390       0.97044337896961741        1.1544426051788723     
   15.700000000000001       0.42527272262440130       0.97059640662993207        1.1494545547511974     
   15.720000000000001       0.42228838275270036       0.97080102428607096        1.1554232344945992     
   15.740000000000000       0.42469252023359189       0.97100830800793869        1.1506149595328163     
   15.760000000000000       0.42172958676142225       0.97126577162057415        1.1565408264771555     
   15.780000000000001       0.42403718788856409       0.97152538445254677        1.1519256242228719     
   15.800000000000001       0.42110574131939887       0.97183353092636182        1.1577885173612024     
   15.820000000000000       0.42331034291154845       0.97214323885989051        1.1533793141769031     
   15.840000000000000       0.42042066533706540       0.97249960714455330        1.1591586693258691     
   15.860000000000001       0.42251599950118912       0.97285688628385492        1.1549680009976218     
   15.880000000000001       0.41967853682592615       0.97325873565217547        1.1606429263481477     
   15.900000000000000       0.42165854026390487       0.97366079100684821        1.1566829194721904     
   15.920000000000000       0.41888386298058433       0.97410512088879242        1.1622322740388313     
   15.940000000000000       0.42074268579188578       0.97454890665696225        1.1585146284162284     
   15.960000000000001       0.41804144847200103       0.97503247789214575        1.1639171030559980     
   15.980000000000000       0.41977346249241393       0.97551471909405485        1.1604530750151723     
   16.000000000000000       0.41715636216368496       0.97603407645788776        1.1656872756726302     
   16.020000000000000       0.41875616888186723       0.97655129177290467        1.1624876622362654     
   16.039999999999999       0.41623390247035263       0.97710278762517377        1.1675321950592947     
   16.059999999999999       0.41769634056507393       0.97765131327922761        1.1646073188698520     
   16.080000000000002       0.41527956158504375       0.97823113217839242        1.1694408768299125     
   16.100000000000001       0.41659971412659008       0.97880714672386293        1.1668005717468199     
   16.120000000000001       0.41429898880569738       0.97941133084595355        1.1714020223886052     
   16.140000000000001       0.41547219016495696       0.98001088067209685        1.1690556196700861     
   16.160000000000000       0.41329795319577350       0.98063535586964512        1.1734040936084531     
   16.180000000000000       0.41431979570403837       0.98125438127870379        1.1713604085919234     
   16.199999999999999       0.41228230581562864       0.98189498361280647        1.1754353883687427     
   16.219999999999999       0.41314864621713426       0.98252934529505742        1.1737027075657314     
   16.240000000000002       0.41125794176202252       0.98318184787231877        1.1774841164759549     
   16.260000000000002       0.41196490749971859       0.98382735361248808        1.1760701850005628     
   16.280000000000001       0.41023076225235167       0.98448749355832788        1.1795384754952967     
   16.300000000000001       0.41077475762536581       0.98513992500595959        1.1784504847492685     
   16.320000000000000       0.40920663698798837       0.98580343040652552        1.1815867260240234     
   16.340000000000000       0.40958434921673043       0.98645856974413326        1.1808313015665393     
   16.359999999999999       0.40819136702747849       0.98712118639082735        1.1836172659450430     
   16.379999999999999       0.40839977225935603       0.98777484273585492        1.1832004554812880     
   16.399999999999999       0.40719064839534364       0.98843236050927452        1.1856187032093128     
   16.420000000000002       0.40722701768064729       0.98908039588910168        1.1855459646387054     
   16.440000000000001       0.40621003664589089       0.98972867462294523        1.1875799267082181     
   16.460000000000001       0.40607194190958884       0.99036702936632925        1.1878561161808223     
   16.480000000000000       0.40525491259379848       0.99100202403648940        1.1894901748124029     
   16.500000000000000       0.40494023262478457       0.99162674142991336        1.1901195347504308     
   16.520000000000000       0.40433044941437762       0.99224452651962469        1.1913391011712449     
   16.539999999999999       0.40383737588918289       0.99285177658294843        1.1923252482216342     
   16.559999999999999       0.40344158130637187       0.99344856948125304        1.1931168373872563     
   16.580000000000002       0.40276862485951148       0.99403467172389115        1.1944627502809770     
   16.600000000000001       0.40259297389901461       0.99460685502199708        1.1948140522019708     
   16.620000000000001       0.40173897024704219       0.99516830004837786        1.1965220595059156     
   16.640000000000001       0.40178899657289996       0.99571244260649017        1.1964220068542000     
   16.660000000000000       0.40075311269392050       0.99624591244786775        1.1984937746121589     
   16.680000000000000       0.40103369685111356       0.99675878911381188        1.1979326062977729     
   16.699999999999999       0.39981543721600926       0.99726117617247323        1.2003691255679816     
   16.719999999999999       0.40033077700310493       0.99773978604278390        1.1993384459937901     
   16.740000000000002       0.39892998984910139       0.99820821054427178        1.2021400203017971     
   16.760000000000002       0.39968357298905444       0.99864979366839712        1.2006328540218911     
   16.780000000000001       0.39810045662054316       0.99908161952749397        1.2037990867589137     
   16.800000000000001       0.39909503585708983       0.99948367196619725        1.2018099282858203     
   16.820000000000000       0.39733014495287794       0.99987652098304713        1.2053397100942442     
   16.840000000000000       0.39856771568974131        1.0002368081430211        1.2028645686205173     
   16.859999999999999       0.39662196759016638        1.0005885724567611        1.2067560648196674     
   16.879999999999999       0.39810374817958916        1.0009051406347360        1.2037925036408217     
   16.899999999999999       0.39597842912126718        1.0012139933733948        1.2080431417574657     
   16.920000000000002       0.39770484389726141        1.0014851794546131        1.2045903122054771     
   16.940000000000001       0.39540161515767835        1.0017495835316632        1.2091967696846433     
   16.960000000000001       0.39737228029788330        1.0019740227993992        1.2052554394042334     
   16.980000000000000       0.39489318420664249        1.0021927378191848        1.2102136315867149     
   17.000000000000000       0.39710689649487435        1.0023693698439733        1.2057862070102514     
   17.020000000000000       0.39445436226322284        1.0025414570901905        1.2110912754735543     
   17.039999999999999       0.39690909081273634        1.0026695296794670        1.2061818183745272     
   17.059999999999999       0.39408594012806047        1.0027943551728939        1.2118281197438789     
   17.080000000000002       0.39677882111328561        1.0028734263738195        1.2064423577734287     
   17.100000000000001       0.39378827344063344        1.0029506619974791        1.2124234531187330     
   17.120000000000001       0.39671560787275639        1.0029806001577306        1.2065687842544872     
   17.140000000000001       0.39356128540115837        1.0030102228595785        1.2128774291976834     
   17.160000000000000       0.39671853997044648        1.0029912047627438        1.2065629200591070     
   17.180000000000000       0.39340447213790664        1.0029734938577028        1.2131910557241867     
   17.199999999999999       0.39678628313318637        1.0029060009615924        1.2064274337336274     
   17.219999999999999       0.39331691066074548        1.0028415335662815        1.2133661786785090     
   17.240000000000002       0.39691709096399297        1.0027263463838625        1.2061658180720141     
   17.260000000000002       0.39329726932625758        1.0026159910285604        1.2134054613474849     
   17.280000000000001       0.39710881846790597        1.0024541817022696        1.2057823630641882     
   17.300000000000001       0.39334382072493096        1.0022990901755271        1.2133123585501382     
   17.320000000000000       0.39735893797329447        1.0020920133063846        1.2052821240534111     
   17.340000000000000       0.39345445688672914        1.0018936107981053        1.2130910862265418     
   17.359999999999999       0.39766455733294420        1.0016428926012395        1.2046708853341115     
   17.379999999999999       0.39362670668793526        1.0014028662200025        1.2127465866241294     
   17.400000000000002       0.39802244027607575        1.0011103920878728        1.2039551194478486     
   17.420000000000002       0.39385775532958511        1.0008306778376754        1.2122844893408298     
   17.440000000000001       0.39842902877017261        1.0004985784013893        1.2031419424596548     
   17.460000000000001       0.39414446574613876        1.0001813467117944        1.2117110685077224     
   17.480000000000000       0.39888046724018533       0.99981198249938918        1.2022390655196293     
   17.500000000000000       0.39448340179234737       0.99945962241122843        1.2110331964153054     
   17.520000000000000       0.39937262848238569       0.99905556720959721        1.2012547430352285     
   17.539999999999999       0.39487085304661551       0.99867066932587878        1.2102582939067690     
   17.559999999999999       0.39990114110092984       0.99823469236013307        1.2001977177981402     
   17.580000000000002       0.39530286106058571       0.99782003067853509        1.2093942778788285     
   17.600000000000001       0.40046141828709581       0.99735507772892495        1.1990771634258084     
   17.620000000000001       0.39577524687722782       0.99691359047827932        1.2084495062455445     
   17.640000000000001       0.40104868775423708       0.99642276406038277        1.1979026244915258     
   17.660000000000000       0.39628363963343860       0.99595753366872575        1.2074327207331228     
   17.680000000000000       0.40165802263576500       0.99544407240734245        1.1966839547284700     
   17.699999999999999       0.39682350605807376       0.99495830473350655        1.2063529878838524     
   17.719999999999999       0.40228437314897292       0.99442556206465893        1.1954312537020542     
   17.740000000000002       0.39739018067246945       0.99392256502889764        1.2052196386550611     
   17.760000000000002       0.40292259882425618       0.99337398736735349        1.1941548023514876     
   17.780000000000001       0.39797889649787571       0.99285714911918743        1.2040422070042487     
   17.800000000000001       0.40356750109727879       0.99229625363117280        1.1928649978054424     
   17.820000000000000       0.39858481607282692       0.99176902039442894        1.2028303678543462     
   17.840000000000000       0.40421385606088955       0.99119937251649148        1.1915722878782209     
   17.859999999999999       0.39920306258331234       0.99066522625245668        1.2015938748333754     
   17.879999999999999       0.40485644717409486       0.99009041709790935        1.1902871056518103     
   17.900000000000002       0.39982875090967518       0.98955285312755981        1.2003424981806496     
   17.920000000000002       0.40549009772713779       0.98897647692150370        1.1890198045457243     
   17.940000000000001       0.40045701839644171       0.98843898164695787        1.1990859632071165     
   17.960000000000001       0.40610970286469317       0.98786461332960818        1.1877805942706137     
   17.980000000000000       0.40108305515474257       0.98733064219327038        1.1978338896905147     
   18.000000000000000       0.40671026097333840       0.98676181532914997        1.1865794780533232     
   18.020000000000000       0.40170213371160018       0.98623477114649194        1.1965957325767995     
   18.039999999999999       0.40728690424476605       0.98567495627410551        1.1854261915104680     
   18.059999999999999       0.40230963782608636       0.98515816807266565        1.1953807243478272     
   18.080000000000002       0.40783492823262169       0.98461075162546696        1.1843301435347566     
   18.100000000000001       0.40290109029915255       0.98410745411853040        1.1941978194016949     
   18.120000000000001       0.40834982022833505       0.98357571804344190        1.1833003595433298     
   18.140000000000001       0.40347217961175375       0.98308903186190721        1.1930556407764925     
   18.160000000000000       0.40882728628980608       0.98257613405633837        1.1823454274203877     
   18.180000000000000       0.40401878523466833       0.98210904685665679        1.1919624295306632     
   18.199999999999999       0.40926327676625174       0.98161800253893916        1.1814734464674965     
   18.219999999999999       0.40453700146309651       0.98117335109866566        1.1909259970738071     
   18.240000000000002       0.40965401017284891       0.98070701522013592        1.1806919796543021     
   18.260000000000002       0.40502315963963259       0.98028746862561944        1.1899536807207349     
   18.280000000000001       0.40999599527995312       0.97984851942527740        1.1800080094400938     
   18.300000000000001       0.40547384864047936       0.97945656344844556        1.1890523027190412     
   18.320000000000000       0.41028605129355583       0.97904748724321577        1.1794278974128884     
   18.340000000000000       0.40588593351173075       0.97868540999626319        1.1882281329765385     
   18.359999999999999       0.41052132601618985       0.97830848729148712        1.1789573479676203     
   18.379999999999999       0.40625657215510930       0.97797836623962842        1.1874868556897815     
   18.400000000000002       0.41069931189061859       0.97763565923555984        1.1786013762187628     
   18.420000000000002       0.40658322997563107       0.97733934963893865        1.1868335400487378     
   18.440000000000001       0.41081785984226582       0.97703269119972336        1.1783642803154684     
   18.460000000000001       0.40686369241719000       0.97677181604611962        1.1862726151656200     
   18.480000000000000       0.41087519085037477       0.97650280018812996        1.1782496182992506     
   18.500000000000000       0.40709607532592756       0.97627874166832274        1.1858078493481448     
   18.520000000000000       0.41086990519223693       0.97604871561482220        1.1782601896155263     
   18.539999999999999       0.40727883309538637       0.97586260818246018        1.1854423338092273     
   18.559999999999999       0.41080098931941528       0.97567266602144120        1.1783980213611693     
   18.580000000000002       0.40741076456175479       0.97552539106904690        1.1851784708764903     
   18.600000000000001       0.41066782033961163       0.97537636904082525        1.1786643593207766     
   18.620000000000001       0.40749101663190213       0.97526855121322709        1.1850179667361957     
   18.640000000000001       0.41047016809260506       0.97516102464401255        1.1790596638147899     
   18.660000000000000       0.40751908564129014       0.97509302980010415        1.1849618287174197     
   18.680000000000000       0.41020819482342857       0.97502731168737566        1.1795836103531427     
   18.699999999999999       0.40749481645314151       0.97499924651072933        1.1850103670937169     
   18.719999999999999       0.40988245247056238       0.97497538775591086        1.1802350950588751     
   18.740000000000002       0.40741839932436058       0.97498710100443609        1.1851632013512789     
   18.760000000000002       0.40949387760132255       0.97500489227812615        1.1810122447973548     
   18.780000000000001       0.40729036457754986       0.97505597765281193        1.1854192708449003     
   18.800000000000001       0.40904378404072395       0.97511495286776595        1.1819124319185521     
   18.820000000000000       0.40711157513196816       0.97520475347055569        1.1857768497360637     
   18.840000000000000       0.40853385325381342       0.97530419482777486        1.1829322934923732     
   18.859999999999999       0.40688321695934737       0.97543180916891314        1.1862335660813053     
   18.879999999999999       0.40796612255472797       0.97557075373265945        1.1840677548905441     
   18.900000000000002       0.40660678754305374       0.97573504323845062        1.1867864249138926     
   18.920000000000002       0.40734297122844887       0.97591229098681209        1.1853140575431023     
   18.940000000000001       0.40628408243106512       0.97611188894971834        1.1874318351378697     
   18.960000000000001       0.40666710466333045       0.97632601223857318        1.1866657906733391     
   18.980000000000000       0.40591717998457588       0.97655933414298068        1.1881656400308482     
   19.000000000000000       0.40594153660390814       0.97680868851284530        1.1881169267921838     
   19.020000000000000       0.40550842443466489       0.97707394366172584        1.1889831511306701     
   19.039999999999999       0.40516956964417133       0.97735667990919239        1.1896608607116574     
   19.059999999999999       0.40506040736931037       0.97765188426929939        1.1898791852613793     
   19.080000000000002       0.40435477409136256       0.97796596169745031        1.1912904518172749     
   19.100000000000001       0.40457594778205386       0.97828895187368026        1.1908481044358923     
   19.120000000000001       0.40350096533938268       0.97863215262921144        1.1929980693212348     
   19.140000000000001       0.40405807082175238       0.97898060087236083        1.1918838583564952     
   19.160000000000000       0.40261217989898906       0.97935054527107124        1.1947756402020220     
   19.180000000000000       0.40350998539006727       0.97972197541745720        1.1929800292198656     
   19.199999999999999       0.40169265023913142       0.98011613815438792        1.1966146995217373     
   19.219999999999999       0.40293506073958402       0.98050794239073558        1.1941298785208319     
   19.240000000000002       0.40074677859993640       0.98092366952652443        1.1985064428001273     
   19.260000000000002       0.40233680223070373       0.98133312586912513        1.1953263955385927     
   19.280000000000001       0.39977910994299942       0.98176765248016351        1.2004417801140010     
   19.300000000000001       0.40171882640966899       0.98219194285368316        1.1965623471806621     
   19.320000000000000       0.39879430420874246       0.98264241123041018        1.2024113915825150     
   19.340000000000000       0.40108483557326358       0.98307864002879541        1.1978303288534728     
   19.359999999999999       0.39779710805363339       0.98354211830395033        1.2044057838927333     
   19.379999999999999       0.40043859198784282       0.98398733131373151        1.1991228160243144     
   19.400000000000002       0.39679232624202321       0.98446083240065185        1.2064153475159536     
   19.420000000000002       0.39978389193140379       0.98491203596555366        1.2004322161371923     
   19.440000000000001       0.39578479286823604       0.98539253668561499        1.2084304142635278     
   19.460000000000001       0.39912453972738859       0.98584671699074033        1.2017509205452228     
   19.480000000000000       0.39477934258434616       0.98633117726880171        1.2104413148313076     
   19.500000000000000       0.39846432193783865       0.98678531962280691        1.2030713561243227     
   19.520000000000000       0.39378078200780342       0.98727070163008745        1.2124384359843932     
   19.539999999999999       0.39780698188139385       0.98772180962461809        1.2043860362372123     
   19.559999999999999       0.39279386148073780       0.98820509674968626        1.2144122770385244     
   19.580000000000002       0.39715619463847762       0.98865021117701701        1.2056876107230448     
   19.600000000000001       0.39182324734940743       0.98912842670760570        1.2163535053011851     
   19.620000000000001       0.39651554270185263       0.98956464411973133        1.2069689145962947     
   19.640000000000001       0.39087349492787815       0.99003486952082242        1.2182530101442437     
   19.660000000000000       0.39588849242560387       0.99045936031635751        1.2082230151487923     
   19.680000000000000       0.38994902230467232       0.99091875299338628        1.2201019553906554     
   19.699999999999999       0.39527837141954264       0.99132877892233284        1.2094432571609146     
   19.719999999999999       0.38905408514483725       0.99177458936247531        1.2218918297103256     
   19.740000000000002       0.39468834702907163       0.99216752034333966        1.2106233059418567     
   19.760000000000002       0.38819275263270447       0.99259710853254335        1.2236144947345911     
   19.780000000000001       0.39412140603275453       0.99297043868129420        1.2117571879344911     
   19.800000000000001       0.38736888469259345       0.99338128970003059        1.2252622306148131     
   19.820000000000000       0.39358033568124817       0.99373265247596754        1.2128393286375037     
   19.840000000000000       0.38658611061590736       0.99412239118258972        1.2268277787681852     
   19.859999999999999       0.39306770619193998       0.99444957356238695        1.2138645876161200     
   19.879999999999999       0.38584780921353840       0.99481597827933155        1.2283043815729231     
   19.900000000000002       0.39258585480364844       0.99511693387711586        1.2148282903927030     
   19.920000000000002       0.38515709060230774       0.99545794900209683        1.2296858187953845     
   19.940000000000001       0.39213687148515985       0.99573081006056752        1.2157262570296803     
   19.960000000000001       0.38451677972337783       0.99604455753219523        1.2309664405532443     
   19.980000000000000       0.39172258638025764       0.99628764571728978        1.2165548272394848     
   20.000000000000000       0.38392940167926481       0.99657243527223560        1.2321411966414704     
