   0.00000000       1.00000000       0.00000000    
   10.000000000000000        1.0000000000000000        0.0000000000000000        0.0000000000000000     
   10.020000000000000        1.0000000000000000        0.0000000000000000        0.0000000000000000     
   10.040000000000001       0.99942045115729972        0.0000000000000000        4.6363907416022702E-004
   10.060000000000000       0.99768170945967305        4.0000000000000002E-004   1.8546324322615605E-003
   10.080000000000000       0.99594476537221976        1.1999999999999999E-003   3.2441877022241885E-003
   10.100000000000000       0.99305268857242435        2.3986882653367408E-003   5.5578491420605232E-003
   10.120000000000001       0.99016428770272424        3.9960647760497034E-003   7.8685698378206052E-003
   10.140000000000001       0.98612885880067591        5.9895106880603413E-003   1.1096912959459271E-002
   10.160000000000000       0.98209905633543004        8.3790263364062288E-003   1.4320754931655966E-002
   10.180000000000000       0.97693434320561245        1.1160695369742044E-002   1.8452525435510039E-002
   10.200000000000001       0.97177726931825092        1.4334519118740920E-002   2.2578184545399262E-002
   10.220000000000001       0.96550136681309495        1.7895298394184515E-002   2.7598906549524040E-002
   10.240000000000000       0.95923516750950644        2.1843036290581926E-002   3.2611865992394851E-002
   10.260000000000000       0.95187012230245138        2.6171270590847461E-002   3.8503902158038894E-002
   10.279999999999999       0.94451688312450632        3.0880006905871522E-002   4.4386493500394947E-002
   10.300000000000001       0.93608860163813157        3.5961544994239300E-002   5.1129118689494747E-002
   10.320000000000000       0.92767425458020192        4.1415893575642057E-002   5.7860596335838468E-002
   10.340000000000000       0.91821239442467129        4.7234144610487729E-002   6.5430084460262980E-002
   10.359999999999999       0.90876660849707314        5.3416310217696196E-002   7.2986713202341499E-002
   10.380000000000001       0.89830445392176494        5.9952310010249504E-002   8.1356436862588047E-002
   10.400000000000000       0.88786050987150189        6.6842159359269862E-002   8.9711592102798499E-002
   10.420000000000000       0.87643483180772142        7.4074646177497691E-002   9.8852134553822871E-002
   10.440000000000000       0.86502948158071469        8.1649788378393776E-002  0.10797641473542825     
   10.460000000000001       0.85268038292544224        8.9555287956956206E-002  0.11785569365964621     
   10.480000000000000       0.84035369452524389        9.7791163984466481E-002  0.12771704437980488     
   10.500000000000000       0.82712444138461472       0.10634408335944154       0.13830044689230822     
   10.520000000000000       0.81391962985008171       0.11521406415680119       0.14886429611993465     
   10.540000000000001       0.79985646952641243       0.12438679390449764       0.16011482437887006     
   10.560000000000000       0.78581971481466173       0.13386228668197730       0.17134422814827063     
   10.580000000000000       0.77097168138202687       0.14362531110383397       0.18322265489437850     
   10.600000000000000       0.75615193400290270       0.15367587335706490       0.19507845279767785     
   10.620000000000001       0.74057064237325765       0.16399788811752772       0.20754348610139389     
   10.640000000000001       0.72501941767726241       0.17459134885651534       0.21998446585819009     
   10.660000000000000       0.70875884711164949       0.18543938554804545       0.23299292231068042     
   10.680000000000000       0.69253000918456553       0.19654197319602801       0.24597599265234760     
   10.700000000000001       0.67564627725180726       0.20788153027515768       0.25948297819855420     
   10.720000000000001       0.65879581341585314       0.21945800666727919       0.27296334926731752     
   10.740000000000000       0.64134694144411486       0.23125318617803531       0.28692244684470813     
   10.760000000000000       0.62393272840723213       0.24326698606330052       0.30085381727421434     
   10.779999999999999       0.60597839951175358       0.25548063553946060       0.31521728039059715     
   10.800000000000001       0.58805996224332824       0.26789401096573712       0.32955203020533741     
   10.820000000000000       0.56966127304630876       0.28048786988138824       0.34427098156295299     
   10.840000000000000       0.55129953748913907       0.29326203882241986       0.35896037000868875     
   10.859999999999999       0.53251874467507998       0.30619688894124070       0.37398500425993603     
   10.880000000000001       0.51377578542957303       0.31929218750683158       0.38897937165634161     
   10.900000000000000       0.49467604830121231       0.33252800646449887       0.40425916135903023     
   10.920000000000000       0.47561483243850555       0.34590404402029662       0.41950813404919557     
   10.940000000000000       0.45625995265472880       0.35940016146150017       0.43499203787621693     
   10.960000000000001       0.43694408083060338       0.37301597797322089       0.45044473533551738     
   10.980000000000000       0.41739824051830682       0.38673123355501338       0.46608140758535460     
   11.000000000000000       0.39789168656930979       0.40054545846356826       0.48168665074455214     
   11.020000000000000       0.37821918600607424       0.41443836103022796       0.49742465119514068     
   11.040000000000001       0.35858603621315133       0.42840937295906928       0.51313117102947892     
   11.060000000000000       0.33885103227673224       0.44243826019034710       0.52891917417861423     
   11.080000000000000       0.31915522547986763       0.45652434678449655       0.54467581961610589     
   11.100000000000000       0.29942147205391351       0.47064754461907543       0.56046282235686928     
   11.120000000000001       0.27972654179377837       0.48480706181672362       0.57621876656497728     
   11.140000000000001       0.26005713330687663       0.49898304295594659       0.59195429335449867     
   11.160000000000000       0.24042595315633120       0.51317457299824787       0.60765923747493511     
   11.180000000000000       0.22088307241349819       0.52736211380166509       0.62329354206920140     
   11.200000000000001       0.20137760564302518       0.54154462129436587       0.63889791548557984     
   11.220000000000001       0.18202227708517704       0.55570295638838274       0.65438217833185841     
   11.240000000000000       0.16270333178203175       0.56983594174018815       0.66983733457437467     
   11.260000000000000       0.14359518127990090       0.58392491567403526       0.68512385497607931     
   11.279999999999999       0.12452217201105117       0.59796856525109843       0.70038226239115908     
   11.300000000000001       0.10571919426557934       0.61194878055042201       0.71542464458753663     
   11.320000000000000        8.6949911339520014E-002  0.62586411290396737       0.73044007092838403     
   11.340000000000000        6.8508245921123090E-002  0.63969707389150443       0.74519340326310157     
   11.359999999999999        5.0098633263551649E-002  0.65344608143627836       0.75992109338915870     
   11.380000000000001        3.2072350278006326E-002  0.66709433321121259       0.77434211977759493     
   11.400000000000000        1.4076292891337577E-002  0.68064011875611141       0.78873896568692992     
   11.420000000000000       -3.4828107893985355E-003  0.69406738074873320       0.80278624863151882     
   11.440000000000000       -2.1013688862391820E-002  0.70737428830746329       0.81681095108991342     
   11.460000000000001       -3.8056281920096954E-002  0.72054558185351480       0.83044502553607757     
   11.480000000000000       -5.5072808262347797E-002  0.73357932119234148       0.84405824660987827     
   11.500000000000000       -7.1552204977110817E-002  0.74646109060182131       0.85724176398168872     
   11.520000000000000       -8.8007837285116242E-002  0.75918885501325306       0.87040626982809310     
   11.540000000000001      -0.10388016454070838       0.77174908164126677       0.88310413163256674     
   11.560000000000000      -0.11973115618836389       0.78413965846667211       0.89578492495069106     
   11.580000000000000      -0.13495550674040444       0.79634796732903868       0.90796440539232359     
   11.600000000000000      -0.15016105873858776       0.80837184078958746       0.92012884699087027     
   11.620000000000001      -0.16469963011664993       0.82019959930308761       0.93175970409331998     
   11.640000000000001      -0.17922202885706062       0.83182904523677570       0.94337762308564843     
   11.660000000000000      -0.19304024734393480       0.84324945370303428       0.95443219787514788     
   11.680000000000000      -0.20684498758719946       0.85445862584574972       0.96547599006975959     
   11.700000000000001      -0.21991161679313709       0.86544679933848345       0.97592929343450985     
   11.720000000000001      -0.23296750943507050       0.87621180682884958       0.98637400754805649     
   11.740000000000000      -0.24525474306157075       0.88674484818642652       0.99620379444925666     
   11.760000000000000      -0.25753400728733833       0.89704382401725524        1.0060272058298707     
   11.779999999999999      -0.26901754575350023       0.90710088768596986        1.0152140366028002     
   11.800000000000001      -0.28049588526684249       0.91691404786941366        1.0243967082134739     
   11.820000000000000      -0.29115499595106376       0.92647639438727236        1.0329239967608510     
   11.840000000000000      -0.30181165904429913       0.93578608764586324        1.0414493272354395     
   11.859999999999999      -0.31162921997473603       0.94483712860188807        1.0493033759797890     
   11.880000000000001      -0.32144704328453039       0.95362787644340086        1.0571576346276244     
   11.900000000000000      -0.33040957019281070       0.96215320979310237        1.0643276561542485     
   11.920000000000000      -0.33937500606626714       0.97041173687328197        1.0715000048530137     
   11.940000000000000      -0.34747266280004552       0.97839917253695963        1.0779781302400364     
   11.960000000000001      -0.35557579027510511       0.98611442726044574        1.0844606322200840     
   11.980000000000000      -0.36280238264574338       0.99355400297689411        1.0902419061165947     
   12.000000000000000      -0.37003690212878249        1.0007171683328258        1.0960295217030260     
   12.020000000000000      -0.37638985535031261        1.0076011557868525        1.1011118842802501     
   12.040000000000001      -0.38275306715176921        1.0142056504614700        1.1062024537214155     
   12.060000000000000      -0.38823338710594701        1.0205285517489515        1.1105867096847575     
   12.080000000000000      -0.39372615407141071        1.0265700216027884        1.1149809232571286     
   12.100000000000000      -0.39833837271070072        1.0323285561416600        1.1186706981685608     
   12.120000000000001      -0.40296506725977860        1.0378048561833904        1.1223720538078230     
   12.140000000000001      -0.40671717253514406        1.0429979382228074        1.1253737380281152     
   12.160000000000000      -0.41048560849319876        1.0479091052552920        1.1283884867945591     
   12.180000000000000      -0.41338895926624042        1.0525378121778763        1.1307111674129924     
   12.200000000000001      -0.41631030894443766        1.0568860283342314        1.1330482471555503     
   12.220000000000001      -0.41837953541338313        1.0609535599878093        1.1347036283307066     
   12.240000000000000      -0.42046823246005033        1.0647431074161771        1.1363745859680403     
   12.260000000000000      -0.42172112269601159        1.0682547367513531        1.1373768981568093     
   12.280000000000001      -0.42299475130678355        1.0714919437463561        1.1383958010454269     
   12.300000000000001      -0.42345212456026149        1.0744549590746058        1.1387616996482091     
   12.320000000000000      -0.42393129569557703        1.0771481379909829        1.1391450365564617     
   12.340000000000000      -0.42361686319310871        1.0795717772144622        1.1388934905544870     
   12.359999999999999      -0.42332507850905116        1.0817311545339876        1.1386600628072410     
   12.380000000000001      -0.42226529251589290        1.0836265317328075        1.1378122340127144     
   12.400000000000000      -0.42122879676788205        1.0852641706891262        1.1369830374143057     
   12.420000000000000      -0.41945268874445119        1.0866441954842494        1.1355621509955609     
   12.440000000000000      -0.41770031147266229        1.0877739116816025        1.1341602491781300     
   12.460000000000001      -0.41523932019988996        1.0886532018217105        1.1321914561599120     
   12.480000000000000      -0.41280230755028496        1.0892904723124754        1.1302418460402279     
   12.500000000000000      -0.40969009814185503        1.0896852599609628        1.1277520785134840     
   12.520000000000000      -0.40660193571717240        1.0898471262734832        1.1252815485737380     
   12.540000000000001      -0.40287421047464872        1.0897751584970454        1.1222993683797191     
   12.560000000000000      -0.39917043814544417        1.0894801241291747        1.1193363505163554     
   12.580000000000000      -0.39486474024535706        1.0889605581121931        1.1158917921962856     
   12.600000000000000      -0.39058275988207108        1.0882284810272915        1.1124662079056569     
   12.620000000000001      -0.38573827091200197        1.0872817745562768        1.1085906167296018     
   12.640000000000001      -0.38091714802493076        1.0861337552369807        1.1047337184199446     
   12.660000000000000      -0.37557448040838415        1.0847815530166387        1.1004595843267073     
   12.680000000000000      -0.37025474070324688        1.0832398186474586        1.0962037925625976     
   12.700000000000001      -0.36445572607053545        1.0815048350244247        1.0915645808564285     
   12.720000000000001      -0.35867914794299088        1.0795926203871586        1.0869433183543928     
   12.740000000000000      -0.35246662251741606        1.0774985190690556        1.0819732980139329     
   12.760000000000000      -0.34627602652032968        1.0752399447449679        1.0770208212162637     
   12.780000000000001      -0.33969361459557090        1.0728112161111216        1.0717548916764568     
   12.800000000000001      -0.33313265091804956        1.0702311645908922        1.0665061207344397     
   12.820000000000000      -0.32622454750386265        1.0674930011968007        1.0609796380030900     
   12.840000000000000      -0.31933748250105171        1.0646169915033090        1.0554699860008414     
   12.859999999999999      -0.31214823621013171        1.0615951623837150        1.0497185889681055     
   12.880000000000001      -0.30497973901754011        1.0584492238138679        1.0439837912140322     
   12.900000000000000      -0.29755403625676052        1.0551699481891164        1.0380432290054085     
   12.920000000000000      -0.29014896651248989        1.0517804937790098        1.0321191732099919     
   12.940000000000000      -0.28253141802675302        1.0482703147662262        1.0260251344214024     
   12.960000000000001      -0.27493461570954070        1.0446640150791873        1.0199476925676325     
   12.980000000000000      -0.26716954650625718        1.0409496740037318        1.0137356372050057     
   13.000000000000000      -0.25942562487680232        1.0371533318330470        1.0075404999014419     
   13.020000000000000      -0.25155686853367709        1.0332616437267579        1.0012454948269418     
   13.040000000000001      -0.24371001114143792        1.0293020702943247       0.99496800891315029     
   13.060000000000000      -0.23578070946992830        1.0252598011552598       0.98862456757594264     
   13.080000000000000      -0.22787447215761503        1.0211636943740638       0.98229957772609211     
   13.100000000000000      -0.21992688115931469        1.0169974407479068       0.97594150492745180     
   13.120000000000001      -0.21200399996284094        1.0127912661001210       0.96960319997027278     
   13.140000000000001      -0.20407930297633720        1.0085273375261798       0.96326344238106987     
   13.160000000000000      -0.19618150877924245        1.0042372120900385       0.95694520702339403     
   13.180000000000000      -0.18831963767091831       0.99990151693495000       0.95065571013673456     
   13.200000000000001      -0.18048747842946808       0.99555309707231243       0.94438998274357455     
   13.220000000000001      -0.17272694363352967       0.99117103225232228       0.93818155490682376     
   13.240000000000000      -0.16499961494209392       0.98678940544527849       0.93199969195367527     
   13.260000000000000      -0.15737734510307214       0.98238575051332222       0.92590187608245778     
   13.280000000000001      -0.14979252981925198       0.97799533181235565       0.91983402385540158     
   13.300000000000001      -0.14234372173465193       0.97359414785939646       0.91387497738772161     
   13.320000000000000      -0.13493743933026606       0.96921858137767747       0.90794995146421287     
   13.340000000000000      -0.12769541883223465       0.96484311516889576       0.90215633506578774     
   13.359999999999999      -0.12050188508000061       0.96050518102740412       0.89640150806400054     
   13.380000000000001      -0.11349797943318515       0.95617777476312993       0.89079838354654817     
   13.400000000000000      -0.10654947698006427       0.95189930185963234       0.88523958158405147     
   13.420000000000000       -9.9812899308589845E-002  0.94764130891846776       0.87985031944687186     
   13.440000000000000       -9.3139659625646742E-002  0.94344309386015868       0.87451172770051755     
   13.460000000000001       -8.6697405815708437E-002  0.93927480084782911       0.86935792465256678     
   13.480000000000000       -8.0327502951315272E-002  0.93517653335274464       0.86426200236105233     
   13.500000000000000       -7.4204261407632477E-002  0.93111708874492882       0.85936340912610598     
   13.520000000000000       -6.8163517906280058E-002  0.92713728378141025       0.85453081432502409     
   13.540000000000001       -6.2381592470970720E-002  0.92320463341240178       0.84990527397677662     
   13.560000000000000       -5.6693497754194758E-002  0.91936057030896789       0.84535479820335591     
   13.580000000000000       -5.1272744025879169E-002  0.91557139992071901       0.84101819522070331     
   13.600000000000000       -4.5958385465233030E-002  0.91187906864102863       0.83676670837218647     
   13.620000000000001       -4.0916160684753948E-002  0.90824875366905033       0.83273292854780312     
   13.640000000000001       -3.5994167529722697E-002  0.90472280840832087       0.82879533402377814     
   13.660000000000000       -3.1345294127153540E-002  0.90126537114238203       0.82507623530172280     
   13.680000000000000       -2.6831794383769376E-002  0.89791909136293757       0.82146543550701567     
   13.700000000000001       -2.2588537209756836E-002  0.89464716558161339       0.81807082976780543     
   13.720000000000001       -1.8497127498799441E-002  0.89149242456633215       0.81479770199903967     
   13.740000000000000       -1.4669184692126825E-002  0.88841722770552112       0.81173534775370149     
   13.760000000000000       -1.1010913049525090E-002  0.88546446866906470       0.80880873043962009     
   13.780000000000001       -7.6054204224577674E-003  0.88259578154571261       0.80608433633796628     
   13.800000000000001       -4.3887819391937224E-003  0.87985400130477842       0.80351102555135501     
   13.820000000000000       -1.4103306930392540E-003  0.87720015537853047       0.80112826455443154     
   13.840000000000000        1.3587241721756396E-003  0.87467689554410377       0.79891302066225955     
   13.859999999999999        3.9080566564420119E-003  0.87224476766155834       0.79687355467484644     
   13.880000000000001        6.2261013208724496E-003  0.86994611327850568       0.79501911894330213     
   13.900000000000000        8.3467079377619532E-003  0.86774112780744561       0.79332263364979050     
   13.920000000000000        1.0212806784399071E-002  0.86567171332997084       0.79182975457248084     
   13.940000000000000        1.1907494789171785E-002  0.86369785155450918       0.79047400416866265     
   13.960000000000001        1.3323158450488218E-002  0.86186087401013700       0.78934147323960946     
   13.980000000000000        1.4597081619812031E-002  0.86012069062236540       0.78832233470415047     
   14.000000000000000        1.5566210859286988E-002  0.85851792978243524       0.78754703131257042     
   14.020000000000000        1.6426790230721248E-002  0.85701257627208860       0.78685856781542307     
   14.040000000000001        1.6955608878948866E-002  0.85564442161338772       0.78643551289684099     
   14.060000000000000        1.7412442627721087E-002  0.85437367632431394       0.78607004589782314     
   14.080000000000000        1.7509420079957771E-002  0.85323916053462034       0.78599246393603384     
   14.100000000000000        1.7574183143180575E-002  0.85220146512579875       0.78594065348545561     
   14.120000000000001        1.7249946971993092E-002  0.85129830387586225       0.78620004242240560     
   14.140000000000001        1.6936281078542465E-002  0.85049080589527559       0.78645097513716600     
   14.160000000000000        1.6203520358575658E-002  0.84981544357135053       0.78703718371313958     
   14.180000000000000        1.5526915167096575E-002  0.84923404482351361       0.78757846786632280     
   14.200000000000001        1.4400275148694179E-002  0.84878170588801005       0.78847977988104478     
   14.220000000000001        1.3377941236412149E-002  0.84842111625040406       0.78929764701087035     
   14.240000000000000        1.1873910040722682E-002  0.84818586187372813       0.79050087196742191     
   14.260000000000000        1.0524644521737014E-002  0.84803965819395022       0.79158028438261041     
   14.280000000000001        8.6614325618659029E-003  0.84801444777826351       0.79307085395050736     
   14.300000000000001        7.0054781452221979E-003  0.84807513746244068       0.79439561748382226     
   14.320000000000000        4.8028910058193139E-003  0.84825189465793160       0.79615768719534463     
   14.340000000000000        2.8617893307667733E-003  0.84851098354200172       0.79771056853538669     
   14.359999999999999        3.4109486205533088E-004  0.84888066633848469       0.79972712411035574     
   14.380000000000001       -1.8624650296252395E-003  0.84932873041735857       0.80148997202370031     
   14.400000000000000       -4.6786746280542925E-003  0.84988140487859909       0.80374293970244348     
   14.420000000000000       -7.1210118050036584E-003  0.85050816545406194       0.80569680944400290     
   14.440000000000000       -1.0208962120352490E-002  0.85123308264928887       0.80816716969628200     
   14.460000000000001       -1.2865562369240316E-002  0.85202748444583332       0.81029244989539240     
   14.480000000000000       -1.6200442330789631E-002  0.85291316012242879       0.81296035386463172     
   14.500000000000000       -1.9046118959793482E-002  0.85386345191107327       0.81523689516783482     
   14.520000000000000       -2.2602229006350866E-002  0.85489774844453481       0.81808178320508063     
   14.540000000000001       -2.5611284942406738E-002  0.85599156570806079       0.82048902795392553     
   14.560000000000000       -2.9362186993238146E-002  0.85716177585992759       0.82348974959459054     
   14.580000000000000       -3.2508577272470807E-002  0.85838622502895545       0.82600686181797656     
   14.600000000000000       -3.6427245695698079E-002  0.85967915704057107       0.82914179655655840     
   14.620000000000001       -3.9684739452736373E-002  0.86102090082838945       0.83174779156218914     
   14.640000000000001       -4.3743712232170495E-002  0.86242296437809174       0.83499496978573640     
   14.660000000000000       -4.7086053305074344E-002  0.86386830774318324       0.83766884264405950     
   14.680000000000000       -5.1257582617684580E-002  0.86536560029673815       0.84100606609414774     
   14.700000000000001       -5.4658647900866983E-002  0.86690057656551889       0.84372691832069369     
   14.720000000000001       -5.8914849332455020E-002  0.86847896965431248       0.84713187946596402     
   14.740000000000000       -6.2348804030159528E-002  0.87008942634255892       0.84987904322412777     
   14.760000000000000       -6.6661803676187625E-002  0.87173465131119643       0.85332944294095014     
   14.780000000000001       -7.0103252633639632E-002  0.87340633519105881       0.85608260210691167     
   14.800000000000001       -7.4445331355401642E-002  0.87510406796550888       0.85955626508432137     
   14.820000000000000       -7.7869465673527483E-002  0.87682270893568348       0.86229557253882205     
   14.840000000000000       -8.2213199806779685E-002  0.87855865337488015       0.86577055984542373     
   14.859999999999999       -8.5595937979195069E-002  0.88031004670448354       0.86847675038335614     
   14.880000000000001       -8.9914335822786864E-002  0.88207001611224545       0.87193146865822957     
   14.900000000000000       -9.3232458670388110E-002  0.88384010264399759       0.87458596693631052     
   14.920000000000000       -9.7499092116139871E-002  0.88561009903420196       0.87799927369291186     
   14.940000000000000      -0.10073037083486078       0.88738504294964016       0.88058429666788873     
   14.960000000000001      -0.10491950153669766       0.88915133367559762       0.88393560122935821     
   14.980000000000000      -0.10804281821757566       0.89091759744406462       0.88643425457406055     
   15.000000000000000      -0.11212951773749749       0.89266678882293282       0.88970361418999799     
   15.020000000000000      -0.11512497776486298       0.89441120497688464       0.89209998221189046     
   15.040000000000001      -0.11908524117545170       0.89613031256158837       0.89526819294036142     
   15.060000000000000      -0.12193427695853665       0.89784015196321754       0.89754742156682932     
   15.080000000000000      -0.12574512942610325       0.89951666713751077       0.90059610354088260     
   15.100000000000000      -0.12843059497137002       0.90117970342563558       0.90274447597709606     
   15.120000000000001      -0.13207019089024044       0.90280165602261120       0.90565615271219235     
   15.140000000000001      -0.13457644677595709       0.90440622595409226       0.90766115742076581     
   15.160000000000000      -0.13802416107250143       0.90596224262434177       0.91041932885800125     
   15.180000000000000      -0.14033714944322687       0.90749730205079693       0.91226971955458147     
   15.200000000000001      -0.14357366071775149       0.90897666013351053       0.91485892857420126     
   15.220000000000001      -0.14568096997412441       0.91043183538164185       0.91654477597929951     
   15.240000000000000      -0.14868833519937219       0.91182451205994786       0.91895066815949777     
   15.260000000000000      -0.15057925411760123       0.91319014651223140       0.92046340329408105     
   15.280000000000001      -0.15334097466403684       0.91448686306292792       0.92267277973122952     
   15.300000000000001      -0.15500653573943857       0.91575405876455140       0.92400522859155088     
   15.320000000000000      -0.15750761454943088       0.91694631974185059       0.92600609163954484     
   15.340000000000000      -0.15894062641893264       0.91810697388948270       0.92715250113514613     
   15.359999999999999      -0.16116761620408041       0.91918710111236623       0.92893409296326446     
   15.380000000000001      -0.16236268506346821       0.92023393731040148       0.92989014805077463     
   15.400000000000000      -0.16430372745135113       0.92119509855343285       0.93144298196108088     
   15.420000000000000      -0.16525726744387639       0.92212169275366296       0.93220581395510116     
   15.440000000000000      -0.16690212305215260       0.92295792507153740       0.93352169844172206     
   15.460000000000001      -0.16761235566559360       0.92375872614253352       0.93408988453247488     
   15.480000000000000      -0.16895242513232073       0.92446495378902116       0.93516194010585663     
   15.500000000000000      -0.16941936770141078       0.92513529869173650       0.93553549416112869     
   15.520000000000000      -0.17044770375045665       0.92570734562391099       0.93635816300036534     
   15.540000000000001      -0.17067314722043142       0.92624346920000789       0.93653851777634523     
   15.560000000000000      -0.17138445788959095       0.92667806618850668       0.93710756631167280     
   15.580000000000000      -0.17137193405417167       0.92707710559741718       0.93709754724333738     
   15.600000000000000      -0.17176257726085400       0.92737189199286973       0.93741006180868325     
   15.620000000000001      -0.17151731574397941       0.92763188586259659       0.93721385259518353     
   15.640000000000001      -0.17158528540882437       0.92778540609709215       0.93726822832705958     
   15.660000000000000      -0.17111416071359092       0.92790528848196840       0.93689132857087276     
   15.680000000000000      -0.17085906470587411       0.92791698341238038       0.93668725176469936     
   15.700000000000001      -0.17017053370617113       0.92789657267839787       0.93613642696493704     
   15.720000000000001      -0.16959356391614039       0.92776676590537321       0.93567485113291227     
   15.740000000000000      -0.16869759421611746       0.92760674869007420       0.93495807537289410     
   15.760000000000000      -0.16780148909825490       0.92733662801245442       0.93424119127860394     
   15.780000000000001      -0.16670947873178940       0.92703853843157580       0.93336758298543154     
   15.800000000000001      -0.16549847869921977       0.92663013262078153       0.93239878295937584     
   15.820000000000000      -0.16422316768573497       0.92619632691786968       0.93137853414858796     
   15.840000000000000      -0.16270296376942145       0.92565247802014872       0.93016237101553723     
   15.860000000000001      -0.16125833808352646       0.92508610487795595       0.92900667046682117     
   15.880000000000001      -0.15943601430034754       0.92441043627446817       0.92754881144027801     
   15.900000000000000      -0.15783720285063510       0.92371540302804833       0.92626976228050817     
   15.920000000000000      -0.15572117275177619       0.92291228350317345       0.92457693820142106     
   15.940000000000000      -0.15398433799854377       0.92209321851417958       0.92318747039883498     
   15.960000000000001      -0.15158427589373991       0.92116772260127133       0.92126742071499201     
   15.980000000000000      -0.14972649876623589       0.92022993407079623       0.91978119901298871     
   16.000000000000000      -0.14705326614015982       0.91918779896173719       0.91764261291212790     
   16.020000000000000      -0.14509242594105873       0.91813723047517382       0.91607394075284698     
   16.039999999999999      -0.14215799359547854       0.91698480979535990       0.91372639487638274     
   16.059999999999999      -0.14011264360353945       0.91582799290704486       0.91209011488283154     
   16.080000000000002      -0.13693001007270361       0.91457220767088898       0.90954400805816293     
   16.100000000000001      -0.13481924957386543       0.91331621184869349       0.90785539965909234     
   16.120000000000001      -0.13140235637086886       0.91196449892226072       0.90512188509669511     
   16.140000000000001      -0.12924569986330822       0.91061687918273371       0.90339655989064660     
   16.160000000000000      -0.12560934412192820       0.90917713758963603       0.90048747529754258     
   16.180000000000000      -0.12342658845179647       0.90774588016281754       0.89874127076143717     
   16.199999999999999      -0.11958633353145939       0.90622641557705463       0.89566906682516745     
   16.219999999999999      -0.11739742372309256       0.90471988194650055       0.89391793897847416     
   16.240000000000002      -0.11336950834426505       0.90312934972143144       0.89069560667541203     
   16.260000000000002      -0.11119440289161477       0.90155621938945230       0.88895552231329189     
   16.280000000000001      -0.10699564936504634       0.89990356647553660       0.88559651949203710     
   16.300000000000001      -0.10485418574992503       0.89827277880603695       0.88388334859994000     
   16.320000000000000      -0.10050190785586936       0.89656718491141429       0.88040152628469548     
   16.340000000000000       -9.8413669053373440E-002  0.89488788040309586       0.87873093524269885     
   16.359999999999999       -9.3925580116266477E-002  0.89313869875043250       0.87514046409301316     
   16.379999999999999       -9.1909762838496847E-002  0.89142016009147806       0.87352781027079751     
   16.399999999999999       -8.7303884528677322E-002  0.88963685812191362       0.86984310762294192     
   16.420000000000002       -8.5379169944695021E-002  0.88788845137363204       0.86830333595575615     
   16.440000000000001       -8.0673742321742820E-002  0.88608055174404043       0.86453899385739419     
   16.460000000000001       -7.8858169974681036E-002  0.88431166799538607       0.86308653597974494     
   16.480000000000000       -7.4071563266964194E-002  0.88248869020864162       0.85925725061357139     
   16.500000000000000       -7.2382408888486321E-002  0.88070868803606095       0.85790592711078917     
   16.520000000000000       -6.7533037480710920E-002  0.87888009103561016       0.85402642998456868     
   16.539999999999999       -6.5986695378698307E-002  0.87709824009336645       0.85278935630295871     
   16.559999999999999       -6.1092934453824736E-002  0.87527336614320772       0.84887434756305979     
   16.580000000000002       -5.9704805121455984E-002  0.87349879219828641       0.84776384409716476     
   16.600000000000001       -5.4784910375474130E-002  0.87168681235753342       0.84382792830037934     
   16.620000000000001       -5.3569293938895035E-002  0.86992844407050751       0.84285543515111605     
   16.640000000000001       -4.8641324756846821E-002  0.86813830555817140       0.83891305980547759     
   16.660000000000000       -4.7611320844618187E-002  0.86640482329709867       0.83808905667569467     
   16.680000000000000       -4.2693067294138284E-002  0.86464519902761994       0.83415445383531073     
   16.699999999999999       -4.1860481874793007E-002  0.86294498598625502       0.83348838549983439     
   16.719999999999999       -3.6969395839537698E-002  0.86122422653980923       0.82957551667163010     
   16.740000000000002       -3.6344655534097416E-002  0.85956532241425765       0.82907572442727795     
   16.760000000000002       -3.1497786273986646E-002  0.85789141068799502       0.82519822901918938     
   16.780000000000001       -3.1089860608411658E-002  0.85628146814751249       0.82487188848672932     
   16.800000000000001       -2.6303794996867323E-002  0.85466197691487700       0.82104303599749395     
   16.820000000000000       -2.6120127015381338E-002  0.85310822108295792       0.82089610161230508     
   16.840000000000000       -2.1410934665957677E-002  0.85155027366809910       0.81712874773276623     
   16.859999999999999       -2.1457380280249714E-002  0.85005946480945538       0.81716590422419988     
   16.879999999999999       -1.6840563736476154E-002  0.84856969906268831       0.81347245098918097     
   16.899999999999999       -1.7121340138190781E-002  0.84714809865024754       0.81369707211055275     
   16.920000000000002       -1.2611790261342036E-002  0.84573263438865176       0.81008943220907370     
   16.940000000000001       -1.3129433676287074E-002  0.84438597470254950       0.81050354694102966     
   16.960000000000001       -8.7413903264196152E-003  0.84305038475725125       0.80699311226113568     
   16.980000000000000       -9.4967233388123448E-003  0.84178384214497803       0.80759737867104997     
   17.000000000000000       -5.2437414050188862E-003  0.84053312713358364       0.80419499312401510     
   17.020000000000000       -6.2358500291251704E-003  0.83935129903721462       0.80498868002330015     
   17.039999999999999       -2.1307708258160906E-003  0.83818986595638678       0.80170461666065285     
   17.059999999999999       -3.3569914507808048E-003  0.83709675178922738       0.80268559316062460     
   17.080000000000002        5.8808054184429160E-004  0.83602839649869287       0.79952953556652462     
   17.100000000000001       -8.6783573994608223E-004  0.83502738242991703       0.80069426859195691     
   17.120000000000001        2.9058793710824995E-003  0.83405527607533558       0.79767529650313396     
   17.140000000000001        1.2264296486288275E-003  0.83314912375739114       0.79901885628109692     
   17.160000000000000        4.8182058037138887E-003  0.83227580315573502       0.79614543535702897     
   17.180000000000000        2.9231139284621628E-003  0.83146664240557788       0.79766150885723031     
   17.199999999999999        6.3231443816555415E-003  0.83069400439302332       0.79494148449467561     
   17.219999999999999        4.2220040543392567E-003  0.82998332981476519       0.79662239675652868     
   17.240000000000002        7.4212602310894911E-003  0.82931262953377205       0.79406299181512852     
   17.260000000000002        5.1253311795537585E-003  0.82870130104722051       0.79589973505635703     
   17.280000000000001        8.1155608300802814E-003  0.82813315412656718       0.79350755133593587     
   17.300000000000001        5.6377228776246582E-003  0.82762140134351803       0.79548982169790028     
   17.320000000000000        8.4114437706253962E-003  0.82715578990274075       0.79327084498349976     
   17.340000000000000        5.7661415877806989E-003  0.82674322027089353       0.79538708672977554     
   17.359999999999999        8.3166310031291182E-003  0.82637950265891758       0.79334669519749679     
   17.379999999999999        5.5198098190587597E-003  0.82606511327204479       0.79558415214475309     
   17.400000000000002        7.8410901246229910E-003  0.82580203742895242       0.79372712790030164     
   17.420000000000002        4.9101227195134083E-003  0.82558423038155748       0.79607190182438936     
   17.440000000000001        6.9969433413227602E-003  0.82541995069251406       0.79440244532694182     
   17.460000000000001        3.9505486844050239E-003  0.82529655183779771       0.79683956105247600     
   17.480000000000000        5.7983648009516603E-003  0.82522864932924922       0.79536130815923878     
   17.500000000000000        2.6565187399745713E-003  0.82519693028085894       0.79787478500802045     
   17.520000000000000        4.2614670503403271E-003  0.82522243599132428       0.79659082635972778     
   17.539999999999999        1.0453054972039035E-003  0.82527913919217044       0.79916375560223685     
   17.559999999999999        2.4041774288309616E-003  0.82539456053337801       0.79807665805693528     
   17.580000000000002       -8.6410747748846763E-004  0.82553592719889002       0.80069128598199080     
   17.600000000000001        2.4610525769545649E-004  0.82573727710772449       0.79980311579384367     
   17.620000000000001       -3.0511649806126530E-003  0.82595907783629396       0.80244093198449018     
   17.640000000000001       -2.1915992701155109E-003  0.82624190650411011       0.80175327941609253     
   17.660000000000000       -5.4938872436984532E-003  0.82653947433431019       0.80439510979495887     
   17.680000000000000       -4.8863935572484515E-003  0.82689890328766968       0.80390911484579886     
   17.699999999999999       -8.1690237883563586E-003  0.82726716897007979       0.80653521903068504     
   17.719999999999999       -7.8144974512277116E-003  0.82769792726599745       0.80625159796098222     
   17.740000000000002       -1.1052213064196823E-002  0.82813145650727071       0.80884177045135752     
   17.760000000000002       -1.0951053474428620E-002  0.82862791879657927       0.80876084277954297     
   17.780000000000001       -1.4118146846321863E-002  0.82912095122471496       0.81129451747705750     
   17.800000000000001       -1.4270291413320920E-002  0.82967717742928471       0.81141623313065669     
   17.820000000000000       -1.7340738352189768E-002  0.83022366702202899       0.81387259068175188     
   17.840000000000000       -1.7745696231691598E-002  0.83083344336528031       0.81419655698535331     
   17.859999999999999       -2.0693293027042998E-002  0.83142710007810228       0.81655463442163434     
   17.879999999999999       -2.1350178264950941E-002  0.83208398120360050       0.81708014261196082     
   17.900000000000002       -2.4148680942784988E-002  0.83271831352989245       0.81931894475422795     
   17.920000000000002       -2.5056244651267812E-002  0.83341566543975087       0.82004499572101430     
   17.940000000000001       -2.7679509757159548E-002  0.83408402363369050       0.82214360780572771     
   17.960000000000001       -2.8836170960116741E-002  0.83481506717711229       0.82306893676809345     
   17.980000000000000       -3.1258297188255409E-002  0.83551068686906838       0.82500663775060434     
   18.000000000000000       -3.2662171989760173E-002  0.83626854151152064       0.82612973759180819     
   18.020000000000000       -3.4857641973620387E-002  0.83698458744692217       0.82788611357889641     
   18.039999999999999       -3.6506570722108306E-002  0.83776231505226306       0.82920525657768673     
   18.059999999999999       -3.8450392303480907E-002  0.83849192468745626       0.83076031384278481     
   18.080000000000002       -4.0341964446135019E-002  0.83928257304863163       0.83227357155690795     
   18.100000000000001       -4.2009810743545047E-002  0.84001889974145250       0.83360784859483616     
   18.120000000000001       -4.4141387089387092E-002  0.84081554560028127       0.83531310967150985     
   18.140000000000001       -4.5509734694410241E-002  0.84155180113869310       0.83640778775552826     
   18.160000000000000       -4.7878466830878749E-002  0.84234759244159563       0.83830277346470305     
   18.180000000000000       -4.8924731471457622E-002  0.84307708866091891       0.83913978517716614     
   18.199999999999999       -5.1527578107557398E-002  0.84386528580517639       0.84122206248604603     
   18.219999999999999       -5.2230247131022298E-002  0.84458147505291392       0.84178419770481794     
   18.240000000000002       -5.5063987170274886E-002  0.84535549088720086       0.84405118973621995     
   18.260000000000002       -5.5402748215283924E-002  0.84605200510432643       0.84432219857222712     
   18.280000000000001       -5.8463990393490310E-002  0.84680544345763009       0.84677119231479225     
   18.300000000000001       -5.8419855639400567E-002  0.84747613165629265       0.84673588451152060     
   18.320000000000000       -6.1705044595430941E-002  0.84820282418096071       0.84936403567634489     
   18.340000000000000       -6.1260469999564603E-002  0.84884178811083910       0.84900837599965184     
   18.359999999999999       -6.4765888681791173E-002  0.84953582923822712       0.85181271094543298     
   18.379999999999999       -6.3904887639525385E-002  0.85013745704710331       0.85112391011162036     
   18.400000000000002       -6.7626655985880482E-002  0.85079323686808650       0.85410132478870437     
   18.420000000000002       -6.6334906875314861E-002  0.85135223457657716       0.85306792550025201     
   18.440000000000001       -7.0268976741049538E-002  0.85196446947389770       0.85621518139283970     
   18.460000000000001       -6.8533923843029448E-002  0.85247589009953062       0.85482713907442354     
   18.480000000000000       -7.2676070186822955E-002  0.85303965097455503       0.85814085614945845     
   18.500000000000000       -7.0487017502151486E-002  0.85349892115642634       0.85638961400172120     
   18.520000000000000       -7.4832825878032944E-002  0.85400965910919313       0.85986626070242633     
   18.539999999999999       -7.2181023396614072E-002  0.85441260310120626       0.85774481871729125     
   18.559999999999999       -7.6725873835953820E-002  0.85486617243964713       0.86138069906876302     
   18.580000000000002       -7.3604595847193158E-002  0.85520903335767928       0.85888367667775456     
   18.600000000000001       -7.8343643251553519E-002  0.85560171182939704       0.86267491460124290     
   18.620000000000001       -7.4748258321415698E-002  0.85588117005558684       0.85979860665713259     
   18.640000000000001       -7.9676409523069286E-002  0.85620967621354926       0.86374112761845545     
   18.660000000000000       -7.5604441800563721E-002  0.85642286487910479       0.86048355344045102     
   18.680000000000000       -8.0716329482745486E-002  0.85668437251088037       0.86457306358619646     
   18.699999999999999       -7.6167511037093530E-002  0.85682888999731011       0.86093400882967497     
   18.719999999999999       -8.1457464740306990E-002  0.85702103956600284       0.86516597179224564     
   18.740000000000002       -7.6433778669440525E-002  0.85709495898330257       0.86114702293555245     
   18.760000000000002       -8.1895793143151055E-002  0.85721586604691624       0.86551663451452088     
   18.780000000000001       -7.6401507234312133E-002  0.85721774166597242       0.86112120578744966     
   18.800000000000001       -8.2029208424899136E-002  0.85726600226058058       0.86562336673991924     
   18.820000000000000       -7.6070899188758645E-002  0.85719487289564755       0.86085671935100694     
   18.840000000000000       -8.1857508184439765E-002  0.85716956588622895       0.86548600654755181     
   18.859999999999999       -7.5444075125139412E-002  0.85702495524185507       0.86035526010011165     
   18.879999999999999       -8.1382370406509350E-002  0.85692564166294749       0.86510589632520751     
   18.900000000000002       -7.4525040431164466E-002  0.85670755567787082       0.85962003234493156     
   18.920000000000002       -8.0607318801803357E-002  0.85653427510416114       0.86448585504144271     
   18.940000000000001       -7.3319640714098494E-002  0.85624319634256307       0.85865571257127893     
   18.960000000000001       -7.9537677309207536E-002  0.85599646034707233       0.86363014184736608     
   18.980000000000000       -7.1835506372589120E-002  0.85563333950487774       0.85746840509807132     
   19.000000000000000       -7.8180514164623932E-002  0.85531412227942594       0.86254441133169912     
   19.020000000000000       -7.0081986761066237E-002  0.85488036689011415       0.85606558940885302     
   19.039999999999999       -7.6544575999694470E-002  0.85449009311914670       0.86123566079975566     
   19.059999999999999       -6.8070074449914475E-002  0.85398755355962808       0.85445605955993165     
   19.080000000000002       -7.4640212489171867E-002  0.85352808365417543       0.85971216999133748     
   19.100000000000001       -6.5812320139329208E-002  0.85295903656660432       0.85264985611146349     
   19.120000000000001       -7.2479292117451660E-002  0.85243264938005314       0.85798343369396146     
   19.140000000000001       -6.3322738835632386E-002  0.85179977863993206       0.85065819106850593     
   19.160000000000000       -7.0075109682581030E-002  0.85120915180128609       0.85606008774606490     
   19.180000000000000       -6.0616707945578267E-002  0.85051552717576817       0.84849336635646255     
   19.199999999999999       -6.7442286199648552E-002  0.84986371518913417       0.85395382895971894     
   19.219999999999999       -5.7710857986576325E-002  0.84911276884198350       0.84616868638926113     
   19.240000000000002       -6.4596661904606570E-002  0.84840317911306107       0.85167732952368524     
   19.260000000000002       -5.4622956648583201E-002  0.84759868012420980       0.84369836531886655     
   19.280000000000001       -6.1555183094088278E-002  0.84683504708548696       0.84924414647527069     
   19.300000000000001       -5.1371786976479636E-002  0.84598107416348711       0.84109742958118372     
   19.320000000000000       -5.8335783566485964E-002  0.84516743167963049       0.84666862685318878     
   19.340000000000000       -4.7977020469894674E-002  0.84426834425447062       0.83838161637591568     
   19.359999999999999       -5.4957261454317195E-002  0.84340899649800749       0.84396580916345387     
   19.379999999999999       -4.4459085920541194E-002  0.84246940438970963       0.83556726873643294     
   19.400000000000002       -5.1439152257615972E-002  0.84156889538441149       0.84115132180609287     
   19.420000000000002       -4.0839034825088494E-002  0.84059362724950348       0.83267122786007075     
   19.440000000000001       -4.7801598902670425E-002  0.83965670928497860       0.83824127912213631     
   19.460000000000001       -3.7138404224356728E-002  0.83865078004831517       0.82971072337948548     
   19.480000000000000       -4.4065219659844661E-002  0.83768238117407257       0.83525217572787569     
   19.500000000000000       -3.3379077827142584E-002  0.83665095865754358       0.82670326226171409     
   19.520000000000000       -4.0250974758459179E-002  0.83565614946821909       0.83220077980676743     
   19.539999999999999       -2.9583146279277814E-002  0.83460452043061806       0.82366651702342220     
   19.559999999999999       -3.6380032535782883E-002  0.83358848035619204       0.82910402602862632     
   19.580000000000002       -2.5772767435614505E-002  0.83252201615990185       0.82061821394849166     
   19.600000000000001       -3.2473635951162982E-002  0.83148999947549085       0.82597890876093050     
   19.620000000000001       -2.1970027484588702E-002  0.83041412159570704       0.81757602198767099     
   19.640000000000001       -2.8552970285271158E-002  0.82937142336496839       0.82284237622821699     
   19.660000000000000       -1.8196803761932310E-002  0.82829156895591804       0.81455744300954580     
   19.680000000000000       -2.4639032828488866E-002  0.82724349112025353       0.81971122626279114     
   19.699999999999999       -1.4474630072107777E-002  0.82616507885029877       0.81157970405768620     
   19.719999999999999       -2.0752505341735852E-002  0.82511689667287902       0.81660200427338880     
   19.740000000000002       -1.0824565313285069E-002  0.82404529303653817       0.80865965225062808     
   19.760000000000002       -1.6913630047734385E-002  0.82300222210577478       0.81353090403818751     
   19.780000000000001       -7.2670661743476413E-003  0.82194270841563977       0.80581365293947815     
   19.800000000000001       -1.3142089880996081E-002  0.82090987240710567       0.81051367190479695     
   19.820000000000000       -3.8218646407111724E-003  0.81986761266231967       0.80305749171256890     
   19.840000000000000       -9.4568936909411958E-003  0.81885001205130670       0.80756551495275297     
   19.859999999999999       -5.0785100989785784E-004  0.81783002187187925       0.80040628080791842     
   19.879999999999999       -5.8762670547584436E-003  0.81683250378089711       0.80470101364380686     
   19.900000000000002        2.6570369219154058E-003  0.81583962058858295       0.79787437046246767     
   19.920000000000002       -2.4175493151544995E-003  0.81486684994510172       0.80193403945212371     
   19.940000000000001        5.6559178844890860E-003  0.81390570456206279       0.79547526569240878     
   19.960000000000001        9.0290258668608483E-004  0.81296213673185236       0.79927767793065119     
   19.980000000000000        8.4730637980139668E-003  0.81203712655780547       0.79322154896158892     
   20.000000000000000        4.0698029605029887E-003  0.81112698160834373       0.79674415763159767     
