   0.00000000       1.00000000       0.00000000    
   5.0000000000000000        1.0000000000000000        0.0000000000000000        0.0000000000000000     
   5.0200000000000005        1.0000000000000000        0.0000000000000000        0.0000000000000000     
   5.0400000000000000       0.99946045693437369        0.0000000000000000        4.3163445250105070E-004
   5.0600000000000005       0.99784169602304329        4.0000000000000002E-004   1.7266431815653684E-003
   5.0800000000000001       0.99622448733048474        1.1999999999999999E-003   3.0204101356122062E-003
   5.1000000000000005       0.99353172094501052        2.3986882280390555E-003   5.1746232439915836E-003
   5.1200000000000001       0.99084210073042911        3.9960646927682609E-003   7.3263194156567126E-003
   5.1399999999999997       0.98708422869099588        5.9895103666276761E-003   1.0332617047203297E-002
   5.1600000000000001       0.98333113231652791        8.3790258548843075E-003   1.3335094146777672E-002
   5.1799999999999997       0.97852070709800032        1.1160694100911715E-002   1.7183434321599744E-002
   5.2000000000000002       0.97371671516825442        1.4334517514726254E-002   2.1026627865396465E-002
   5.2199999999999998       0.96786989177729577        1.7895294877233587E-002   2.5704086578163390E-002
   5.2400000000000002       0.96203117890035172        2.1843032244229482E-002   3.0375056879718622E-002
   5.2599999999999998       0.95516764964386502        2.6171262675170528E-002   3.5865880284907982E-002
   5.2800000000000002       0.94831391820163224        3.0879998328926322E-002   4.1348865438694204E-002
   5.2999999999999998       0.94045683263879554        3.5961529499029761E-002   4.7634533888963576E-002
   5.3200000000000003       0.93261123187111561        4.1415877474357377E-002   5.3911014503107514E-002
   5.3399999999999999       0.92378710231178418        4.7234117199171255E-002   6.0970318150572661E-002
   5.3600000000000003       0.91497613308779568        5.3416282612289291E-002   6.8019093529763458E-002
   5.3799999999999999       0.90521472606861253        5.9952265139956828E-002   7.5828219145109982E-002
   5.4000000000000004       0.89546813178597739        6.6842115277819025E-002   8.3625494571218095E-002
   5.4199999999999999       0.88480234602176733        7.4074577140114853E-002   9.2158123182586149E-002
   5.4400000000000004       0.87415299013901571        8.1649721938902145E-002  0.10067760788878743     
   5.4600000000000000       0.86261872151056795        8.9555187023360933E-002  0.10990502279154564     
   5.4800000000000004       0.85110245227969239        9.7791068573595943E-002  0.11911803817624610     
   5.5000000000000000       0.83873844647951379       0.10634394203269229       0.12900924281638898     
   5.5200000000000005       0.82639394950471490       0.11521393270780227       0.13888484039622809     
   5.5400000000000000       0.81324164301944390       0.12438660328130449       0.14940668558444489     
   5.5600000000000005       0.80011028232330073       0.13386211204794418       0.15991177414135943     
   5.5800000000000001       0.78621363248493326       0.14362506233695396       0.17102909401205341     
   5.6000000000000005       0.77233928081498804       0.15367564876917669       0.18212857534800958     
   5.6200000000000001       0.75774458570262893       0.16399757296515932       0.19380433143789688     
   5.6399999999999997       0.74317344485920556       0.17459106845075092       0.20546124411263555     
   5.6600000000000001       0.72792915387850909       0.18543899699019753       0.21765667689719273     
   5.6799999999999997       0.71270956588833834       0.19654163258630347       0.22983234728932933     
   5.7000000000000002       0.69686608189696331       0.20788106317168548       0.24250713448242936     
   5.7199999999999998       0.68104833189670100       0.21945760353837312       0.25516133448263922     
   5.7400000000000002       0.66465780578082434       0.23125263793885562       0.26827375537534054     
   5.7599999999999998       0.64829391750969412       0.24326652075357497       0.28136486599224469     
   5.7800000000000002       0.63141003614879243       0.25548000677463678       0.29487197108096608     
   5.7999999999999998       0.61455356098025182       0.26789348700773480       0.30835715121579854     
   5.8200000000000003       0.59723132956487823       0.28048716499748344       0.32221493634809745     
   5.8399999999999999       0.57993713003333003       0.29326146340907311       0.33605029597333602     
   5.8600000000000003       0.56223264972342113       0.30619611665068613       0.35021388022126310     
   5.8799999999999999       0.54455667852350509       0.31929157185230650       0.36435465718119597     
   5.9000000000000004       0.52652692045281002       0.33252718017673794       0.37877846363775203     
   5.9199999999999999       0.50852599590568748       0.34590340358741622       0.39317920327545003     
   5.9400000000000004       0.49022857255119628       0.35939929952829036       0.40781714195904295     
   5.9600000000000000       0.47196015154446147       0.37301533254385355       0.42243187876443083     
   5.9800000000000004       0.45345308648821769       0.38673035934737376       0.43723753080942585     
   6.0000000000000000       0.43497503590363384       0.40054483203417113       0.45201997127709292     
   6.0200000000000005       0.41631653301806026       0.41443750283089126       0.46694677358555181     
   6.0400000000000000       0.39768690066423956       0.42840879345050253       0.48185047946860832     
   6.0600000000000005       0.37893511375110844       0.44243745089295772       0.49685190899911325     
   6.0800000000000001       0.36021189981655266       0.45652384556296627       0.51183048014675792     
   6.1000000000000005       0.34142470372403150       0.47064682123343660       0.52686023702077489     
   6.1200000000000001       0.32266563375966173       0.48480667303094949       0.54186749299227066     
   6.1400000000000006       0.30390039799150781       0.49898244592702712       0.55687968160679380     
   6.1600000000000001       0.28516269842097880       0.51317433274631052       0.57186984126321705     
   6.1799999999999997       0.26647606423699999       0.52736168615842527       0.58681914861040008     
   6.2000000000000002       0.24781624137777128       0.54154456664178030       0.60174700689778304     
   6.2199999999999998       0.22926390336518671       0.55570274274642284       0.61658887730785072     
   6.2400000000000002       0.21073752692357464       0.56983610961823772       0.63140997846114033     
   6.2599999999999998       0.19237401999497522       0.58392496112323256       0.64610078400401982     
   6.2800000000000002       0.17403551197431180       0.59796899127096481       0.66077159042055067     
   6.2999999999999998       0.15591400471963460       0.61194912946477198       0.67526879622429237     
   6.3200000000000003       0.13781643465230040       0.62586483012742034       0.68974685227815968     
   6.3399999999999999       0.11998852993969747       0.63969776870303707       0.70400917604824209     
   6.3600000000000003       0.10218341732128088       0.65344711914738940       0.71825326614297536     
   6.3799999999999999        8.4698961005109014E-002  0.66709541319289789       0.73224083119591288     
   6.4000000000000004        6.7236085772392928E-002  0.68064150128043344       0.74621113138208572     
   6.4199999999999999        5.0142984325915539E-002  0.69406888085254226       0.75988561253926756     
   6.4400000000000004        3.3070206179944946E-002  0.70737603392524606       0.77354383505604407     
   6.4600000000000000        1.6414254025884527E-002  0.72054753164921181       0.78686859677929244     
   6.4800000000000004       -2.2265864281776487E-004  0.73358144119063273       0.80017812691425427     
   6.5000000000000000       -1.6397941378827600E-002  0.74646351335960293       0.81311835310306213     
   6.5200000000000005       -3.2555472253571319E-002  0.75919135291813233       0.82604437780285700     
   6.5400000000000000       -4.8208990893106020E-002  0.77175199359712154       0.83856719271448488     
   6.5600000000000005       -6.3846025524638805E-002  0.78414252949160601       0.85107682041971100     
   6.5800000000000001       -7.8939250271371136E-002  0.79635137716583593       0.86315140021709691     
   6.6000000000000005       -9.4017214297766202E-002  0.80837507152904675       0.87521377143821300     
   6.6200000000000001      -0.10851430739599469       0.82020350787312268       0.88681144591679573     
   6.6400000000000006      -0.12299729264189906       0.83183261362619221       0.89839783411351926     
   6.6600000000000001      -0.13686522275794225       0.84325385400935915       0.90949217820635386     
   6.6799999999999997      -0.15072010072595096       0.85446250139983893       0.92057608058076079     
   6.7000000000000002      -0.16392874411436639       0.86545167678315427       0.93114299529149314     
   6.7199999999999998      -0.17712526644327409       0.87621595116066486       0.94170021315461927     
   6.7400000000000002      -0.18964749452465540       0.88675018108416359       0.95171799561972437     
   6.7599999999999998      -0.20215838005330061       0.89704819163046334       0.96172670404264060     
   6.7800000000000002      -0.21397013309692417       0.90710664803201890       0.97117610647753938     
   6.7999999999999998      -0.22577114123794670       0.91691858720653818       0.98061691299035736     
   6.8200000000000003      -0.23685148791042548       0.92648254885891734       0.98948119032834048     
   6.8399999999999999      -0.24792147810514753       0.93579074236601645       0.99833718248411807     
   6.8600000000000003      -0.25825266071513686       0.94484363976435104        1.0066021285721096     
   6.8799999999999999      -0.26857363780858701       0.95363258689469610        1.0148589102468697     
   6.9000000000000004      -0.27814110314709478       0.96216003747292522        1.0225128825176759     
   6.9199999999999999      -0.28769824859054327       0.97041644171800179        1.0301585988724347     
   6.9400000000000004      -0.29649066433614230       0.97840627531961166        1.0371925314689139     
   6.9600000000000000      -0.30527235319302365       0.98611906520532222        1.0442178825544191     
   6.9800000000000004      -0.31328160992085519       0.99356133978057293        1.0506252879366842     
   7.0000000000000000      -0.32127941372023439        1.0007216799128353        1.0570235309761875     
   7.0200000000000005      -0.32850061262274677        1.0076086874613817        1.0628004900981975     
   7.0400000000000000      -0.33570928817215839        1.0142099798233448        1.0685674305377268     
   7.0600000000000005      -0.34214071466765700        1.0205362426474527        1.0737125717341256     
   7.0800000000000001      -0.34855817900383312        1.0265741182341377        1.0788465432030667     
   7.1000000000000005      -0.35420126247575923        1.0323363756133492        1.0833610099806072     
   7.1200000000000001      -0.35982855419709919        1.0378086765349299        1.0878628433576794     
   7.1400000000000006      -0.36468781417214147        1.0430058619776998        1.0917502513377133     
   7.1600000000000001      -0.36952904146040927        1.0479126142070416        1.0956232331683275     
   7.1799999999999997      -0.37361202059674314        1.0525458234784302        1.0988896164773945     
   7.2000000000000002      -0.37767429629707217        1.0568892004616135        1.1021394370376576     
   7.2199999999999998      -0.38099148061488686        1.0609616506282296        1.1047931844919094     
   7.2400000000000002      -0.38428484480240832        1.0647459280184319        1.1074278758419267     
   7.2599999999999998      -0.38684957164712108        1.0682629077923556        1.1094796573176968     
   7.2800000000000002      -0.38938690216511612        1.0714944096073982        1.1115095217320929     
   7.2999999999999998      -0.39121525644899824        1.0744632213095306        1.1129722051591988     
   7.3200000000000003      -0.39301216795713190        1.0771502578514345        1.1144097343657056     
   7.3399999999999999      -0.39412286727722834        1.0795801513514360        1.1152982938217828     
   7.3600000000000003      -0.39519759939890614        1.0817329492623209        1.1161580795191248     
   7.3799999999999999      -0.39561186867788145        1.0836350482868840        1.1164894949423052     
   7.4000000000000004      -0.39598516388285149        1.0852656731492794        1.1167881311062813     
   7.4199999999999999      -0.39572660022453204        1.0866528943827516        1.1165812801796258     
   7.4400000000000004      -0.39542157212633861        1.0877751663037807        1.1163372577010708     
   7.4600000000000000      -0.39451600061905900        1.0886621317350158        1.1156128004952472     
   7.4800000000000004      -0.39355799340665981        1.0892915343828042        1.1148463947253278     
   7.5000000000000000      -0.39203331464489927        1.0896944773794250        1.1136266517159195     
   7.5200000000000005      -0.39044975440353835        1.0898480609663821        1.1123598035228308     
   7.5400000000000000      -0.38833578453161405        1.0897847265823462        1.1106686276252913     
   7.5600000000000005      -0.38615602323976600        1.0894810053135937        1.1089248185918128     
   7.5800000000000001      -0.38348432735041998        1.0889705453579219        1.1067874618803362     
   7.6000000000000005      -0.38073948036718386        1.0882293898839965        1.1045915842937473     
   7.6200000000000001      -0.37754320011266557        1.0872922532977645        1.1020345600901325     
   7.6400000000000006      -0.37426597799330236        1.0861347787287690        1.0994127823946420     
   7.6600000000000001      -0.37057965428693856        1.0847925978338413        1.0964637234295509     
   7.6799999999999997      -0.36680418978325130        1.0832410478874157        1.0934433518266011     
   7.7000000000000002      -0.36266358148545386        1.0815165210839839        1.0901308651883632     
   7.7199999999999998      -0.35842525260235802        1.0795941489517495        1.0867402020818866     
   7.7400000000000002      -0.35386715209651803        1.0775109204523814        1.0830937216772145     
   7.7599999999999998      -0.34920240208641595        1.0752418669789277        1.0793619216691328     
   7.7800000000000002      -0.34426444865714950        1.0728244041746502        1.0754115589257196     
   7.7999999999999998      -0.33921060383959661        1.0702335739495685        1.0713684830716772     
   7.8200000000000003      -0.33393109576834651        1.0675070430083828        1.0671448766146774     
   7.8399999999999999      -0.32852618206398870        1.0646199789754445        1.0628209456511910     
   7.8600000000000003      -0.32294388835506688        1.0616101192757084        1.0583551106840534     
   7.8799999999999999      -0.31722644741996153        1.0584528764638956        1.0537811579359693     
   7.9000000000000004      -0.31138042006377131        1.0551858744641451        1.0491043360510171     
   7.9199999999999999      -0.30538932590302370        1.0517848934430558        1.0443114607224189     
   7.9400000000000004      -0.29931871357248463        1.0482872565861561        1.0394549708579877     
   7.9600000000000000      -0.29309299050069476        1.0446692372431896        1.0344743924005557     
   7.9800000000000004      -0.28683685456187286        1.0409676684862119        1.0294694836494984     
   8.0000000000000000      -0.28041549736227506        1.0371594447150769        1.0243323978898200     
   8.0199999999999996      -0.27401263106098667        1.0332807182670616        1.0192101048487894     
   8.0400000000000009      -0.26743442817546753        1.0293091341464973        1.0139475425403741     
   8.0600000000000005      -0.26092317983827984        1.0252799729843134        1.0087385438706240     
   8.0800000000000001      -0.25422654039679532        1.0211717610125941        1.0033812323174363     
   8.0999999999999996      -0.24764464145751564        1.0170187167305127       0.99811571316601266     
   8.1200000000000010      -0.24086742692792570        1.0128003786653537       0.99269394154234059     
   8.1400000000000006      -0.23425182555949708        1.0085497141968496       0.98740146044759780     
   8.1600000000000001      -0.22743118676764765        1.0042474050318329       0.98194494941411825     
   8.1799999999999997      -0.22081788786451356       0.99992498076248826       0.97665431029161087     
   8.1999999999999993      -0.21399010809969077       0.99556439635024629       0.97119208647975275     
   8.2200000000000006      -0.20741402031733616       0.99119556011867449       0.96593121625386902     
   8.2400000000000002      -0.20061436520018541       0.98680182892777257       0.96049149216014840     
   8.2599999999999998      -0.19410915571690879       0.98241131038725382       0.95528732457352705     
   8.2799999999999994      -0.18737173046575908       0.97800888985430467       0.94989738437260740     
   8.3000000000000007      -0.18096968808699890       0.97362069964143660       0.94477575046959916     
   8.3200000000000003      -0.17432730277448788       0.96923327755240007       0.93946184221959028     
   8.3399999999999999      -0.16805920995245510       0.96487061168072341       0.93444736796196415     
   8.3599999999999994      -0.16154325329765495       0.96052101298592163       0.92923460263812396     
   8.3800000000000008      -0.15543826758886889       0.95620616285223625       0.92435061407109509     
   8.4000000000000004      -0.14907858978102839       0.95191626228832638       0.91926287182482269     
   8.4199999999999999      -0.14316413521188645       0.94767053064751339       0.91453130816950923     
   8.4399999999999995      -0.13698894021070440       0.94346117150683584       0.90959115216856368     
   8.4600000000000009      -0.13129060896672462       0.93930479473754958       0.90503248717337970     
   8.4800000000000004      -0.12532635667104319       0.93519571409093816       0.90026108533683458     
   8.5000000000000000      -0.11986782146920211       0.93114779103972900       0.89589425717536175     
   8.5199999999999996      -0.11413914009145387       0.92715755168335723       0.89131131207316305     
   8.5400000000000009      -0.10894207753741061       0.92323597933883095       0.88715366202992851     
   8.5600000000000005      -0.10347168646537902       0.91938190869900871       0.88277734917230333     
   8.5800000000000001       -9.8555711638648277E-002  0.91560332491070284       0.87884456931091859     
   8.5999999999999996       -9.3364355009422084E-002  0.91190146110311576       0.87469148400753771     
   8.6200000000000010       -8.8746967460059223E-002  0.90828119452205325       0.87099757396804733     
   8.6400000000000006       -8.3853358613796336E-002  0.90474623972375312       0.86708268689103718     
   8.6600000000000001       -7.9549899894213835E-002  0.90129826710338268       0.86363991991537115     
   8.6799999999999997       -7.4970676817798870E-002  0.89794354835728818       0.85997654145423919     
   8.7000000000000011       -7.0994299613274275E-002  0.89468045931487494       0.85679543969061944     
   8.7200000000000006       -6.6743991426476149E-002  0.89151789684770355       0.85339519314118106     
   8.7400000000000002       -6.3105640288063453E-002  0.88845086614747670       0.85048451223045074     
   8.7599999999999998       -5.9196644767690210E-002  0.88549094924315486       0.84735731581415219     
   8.7799999999999994       -5.5905048391932374E-002  0.88262971662377288       0.84472403871354595     
   8.8000000000000007       -5.2347620473048889E-002  0.87988148705571900       0.84187809637843913     
   8.8200000000000003       -4.9409295414423869E-002  0.87723434458617666       0.83952743633153915     
   8.8399999999999999       -4.6211546552246290E-002  0.87470538757351546       0.83696923724179717     
   8.8599999999999994       -4.3630812196969543E-002  0.87227917448362302       0.83490464975757561     
   8.8800000000000008       -4.0798720418868034E-002  0.86997561709869975       0.83263897633509443     
   8.9000000000000004       -3.8577724992816885E-002  0.86777572199295072       0.83086217999425360     
   8.9199999999999999       -3.6115155417224917E-002  0.86570223891055464       0.82889212433378001     
   8.9399999999999995       -3.4253912746627403E-002  0.86373260923773532       0.82740313019730205     
   8.9600000000000009       -3.2162648294836116E-002  0.86189243568048124       0.82573011863586887     
   8.9800000000000004       -3.0659084986248197E-002  0.86015559429598998       0.82452726798899867     
   9.0000000000000000       -2.8938866964308203E-002  0.85855054599547853       0.82315109357144667     
   9.0199999999999996       -2.7788879620542363E-002  0.85704761461910650       0.82223110369643393     
   9.0400000000000009       -2.6437457802037129E-002  0.85567811457899612       0.82114996624162984     
   9.0600000000000005       -2.5634979843339605E-002  0.85440884391818228       0.82050798387467161     
   9.0800000000000001       -2.4648171639850835E-002  0.85327395573327569       0.81971853731188071     
   9.0999999999999996       -2.4185249254974672E-002  0.85223676201057774       0.81934819940397974     
   9.1200000000000010       -2.3557007519831114E-002  0.85133422946566817       0.81884560601586487     
   9.1400000000000006       -2.3423884229920349E-002  0.85052623705971198       0.81873910738393629     
   9.1600000000000001       -2.3146373202488836E-002  0.84985252970332525       0.81851709856199106     
   9.1799999999999997       -2.3331582482060222E-002  0.84926961958477765       0.81866526598564815     
   9.2000000000000011       -2.3395261344565554E-002  0.84881998394627678       0.81871620907565257     
   9.2200000000000006       -2.3885726708514615E-002  0.84845684756471229       0.81910858136681175     
   9.2400000000000002       -2.4279440195308848E-002  0.84822536365858070       0.81942355215624707     
   9.2599999999999998       -2.5060582128924817E-002  0.84807556191246913       0.82004846570313994     
   9.2799999999999994       -2.5771657599394315E-002  0.84805520465105988       0.82061732607951543     
   9.3000000000000007       -2.6827506679972961E-002  0.84811123155169532       0.82146200534397851     
   9.3200000000000003       -2.7841857040982770E-002  0.84829393666748776       0.82227348563278635     
   9.3399999999999999       -2.9155172574888377E-002  0.84854728728850437       0.82332413805991078     
   9.3599999999999994       -3.0457404416909729E-002  0.84892402134892642       0.82436592353352778     
   9.3800000000000008       -3.2009797894949808E-002  0.84936526363629083       0.82560783831595996     
   9.4000000000000004       -3.3583324187871369E-002  0.84992609771861138       0.82686665935029713     
   9.4199999999999999       -3.5355386844684020E-002  0.85054494772159150       0.82828430947574727     
   9.4399999999999995       -3.7182543524826674E-002  0.85127913430227564       0.82974603481986142     
   9.4600000000000009       -3.9153977274695807E-002  0.85206453437403495       0.83132318181975673     
   9.4800000000000004       -4.1216143043772073E-002  0.85296058697630572       0.83297291443501775     
   9.5000000000000000       -4.3365894055916655E-002  0.85390078648339962       0.83469271524473343     
   9.5199999999999996       -4.5643612705619126E-002  0.85494656161869242       0.83651489016449543     
   9.5400000000000009       -4.7950006876566344E-002  0.85602919969193536       0.83836000550125311     
   9.5600000000000005       -5.0423111449136845E-002  0.85721198062535053       0.84033848915930953     
   9.5800000000000001       -5.2863991028284395E-002  0.85842417048028541       0.84229119282262754     
   9.5999999999999996       -5.5511729123790321E-002  0.85973075234717256       0.84440938329903226     
   9.6200000000000010       -5.8064589750668978E-002  0.86105916670070115       0.84645167180053527     
   9.6400000000000006       -6.0865749295761523E-002  0.86247594250104498       0.84869259943660935     
   9.6600000000000001       -6.3507876713785660E-002  0.86390689961162581       0.85080630137102853     
   9.6799999999999997       -6.6440911514383166E-002  0.86541994661101929       0.85315272921150653     
   9.7000000000000011       -6.9149517235964478E-002  0.86693949647325941       0.85531961378877153     
   9.7200000000000006       -7.2192671647522189E-002  0.86853466254378731       0.85775413731801786     
   9.7400000000000002       -7.4945026859241329E-002  0.87012867277412231       0.85995602148739314     
   9.7599999999999998       -7.8076458922946859E-002  0.87179166221553828       0.86246116713835752     
   9.7799999999999994       -8.0850025936930525E-002  0.87344590317400150       0.86468002074954442     
   9.8000000000000007       -8.4047928348194731E-002  0.87516236156498495       0.86723834267855582     
   9.8200000000000003       -8.6820488926814141E-002  0.87686259026874680       0.86945639114145123     
   9.8399999999999999       -9.0063207223684133E-002  0.87861818790973811       0.87205056577894746     
   9.8599999999999994       -9.2812987129037794E-002  0.88035023030703818       0.87425038970323021     
   9.8800000000000008       -9.6079134512499539E-002  0.88213074383014256       0.87686330760999975     
   9.9000000000000004       -9.8784923659713864E-002  0.88388057501837980       0.87902793892777109     
   9.9199999999999999      -0.10205349188511546       0.88567196675587390       0.88164279350809238     
   9.9399999999999995      -0.10469475950911747       0.88742578874483546       0.88375580760729400     
   9.9600000000000009      -0.10794522531795492       0.88921428346594034       0.88635618025436402     
   9.9800000000000004      -0.11050222959685266       0.89095860010633565       0.88840178367748224     
   10.000000000000000      -0.11371465619072464       0.89273075875189611       0.89097172495257981     
   10.020000000000000      -0.11616854780506679       0.89445244747036767       0.89293483824405340     
   10.040000000000001      -0.11932368089851873       0.89619523753685870       0.89545894471881504     
   10.060000000000000      -0.12165660004427475       0.89788161754134854       0.89732528003541978     
   10.080000000000000      -0.12473595807029476       0.89958247978898076       0.89978876645623584     
   10.100000000000000      -0.12693112448416807       0.90122137643258660       0.90154489958733441     
   10.120000000000001      -0.12991708256503812       0.90286828761715288       0.90393366605203063     
   10.140000000000001      -0.13195887816345106       0.90444809263424097       0.90556710253076089     
   10.160000000000000      -0.13483474550025518       0.90602962398848763       0.90786779640020421     
   10.180000000000000      -0.13670878927777264       0.90753935134370500       0.90936703142221809     
   10.200000000000001      -0.13945887965387052       0.90904472256133062       0.91156710372309646     
   10.220000000000001      -0.14115209453269487       0.91047405968006256       0.91292167562615600     
   10.240000000000000      -0.14376178966962982       0.91189318818371723       0.91500943173570382     
   10.260000000000000      -0.14526246103883650       0.91323254236136597       0.91620996883106920     
   10.279999999999999      -0.14771826658719955       0.91455608766512420       0.91817461326975980     
   10.300000000000001      -0.14901609231831595       0.91579662748208290       0.91921287385465278     
   10.320000000000000      -0.15130568631077307       0.91701603048856928       0.92104454904861854     
   10.340000000000000      -0.15239181808485996       0.91814972208782364       0.92191345446788808     
   10.359999999999999      -0.15450409172360149       0.91925723919036317       0.92360327337888126     
   10.380000000000001      -0.15537116755390087       0.92027687730505692       0.92429693404312074     
   10.400000000000000      -0.15729625824993018       0.92126560919565803       0.92583700659994417     
   10.420000000000000      -0.15793842613312339       0.92216484284454325       0.92635074090649872     
   10.440000000000000      -0.15966774275980716       0.92302875795909956       0.92773419420784586     
   10.460000000000001      -0.16008067543771293       0.92380211075839613       0.92806454035017039     
   10.480000000000000      -0.16160691580561198       0.92453606332097849       0.92928553264448954     
   10.500000000000000      -0.16178781666748157       0.92517894839158321       0.92943025333398532     
   10.520000000000000      -0.16310497727142267       0.92577869104998234       0.93048398181713809     
   10.540000000000001      -0.16305257747460120       0.92628742052908719       0.93044206197968105     
   10.560000000000000      -0.16415595560699359       0.92674961160360614       0.93132476448559487     
   10.580000000000000      -0.16387050254036292       0.92712140079941563       0.93109640203229027     
   10.600000000000000      -0.16475669090667885       0.92744360619629118       0.93180535272534315     
   10.620000000000001      -0.16423992816673924       0.92767657245347002       0.93139194253339141     
   10.640000000000001      -0.16490680217964160       0.92785726232287202       0.93192544174371328     
   10.660000000000000      -0.16416194127309466       0.92795041869459116       0.93132955301847575     
   10.680000000000000      -0.16460863924069707       0.92798895894098066       0.93168691139255777     
   10.700000000000001      -0.16364032326974642       0.92794220279066719       0.93091225861579729     
   10.720000000000001      -0.16386721973073246       0.92783884157006169       0.93109377578458608     
   10.740000000000000      -0.16268147935781013       0.92765293825217032       0.93014518348624819     
   10.760000000000000      -0.16269015185143193       0.92740878761658974       0.93015212148114557     
   10.779999999999999      -0.16129435387849858       0.92708534941074594       0.92903548310279893     
   10.800000000000001      -0.16108754347064777       0.92670236228455449       0.92887003477651831     
   10.820000000000000      -0.15949033240441934       0.92624382278113249       0.92759226592353561     
   10.840000000000000      -0.15907189832185498       0.92572476547713467       0.92725751865748407     
   10.859999999999999      -0.15728313133011404       0.92513434963465468       0.92582650506409125     
   10.880000000000001      -0.15665800008339820       0.92448277013947822       0.92532640006671851     
   10.900000000000000      -0.15468867577879955       0.92376446025503667       0.92375094062303964     
   10.920000000000000      -0.15386278518039984       0.92298465253346862       0.92309022814431985     
   10.940000000000000      -0.15172496669674213       0.92214315038660677       0.92137997335739374     
   10.960000000000001      -0.15070520520399566       0.92124011497307590       0.92056416416319653     
   10.980000000000000      -0.14841193805567898       0.92028080042107618       0.91872955044454319     
   11.000000000000000      -0.14720607988877357       0.91926020158325017       0.91776486391101886     
   11.020000000000000      -0.14477130512699130       0.91818908790160692       0.91581704410159304     
   11.040000000000001      -0.14338794162972171       0.91705720767615506       0.91471035330377737     
   11.060000000000000      -0.14082640482874992       0.91588089395198924       0.91266112386300002     
   11.080000000000000      -0.13927487255447968       0.91464458336569932       0.91141989804358381     
   11.100000000000000      -0.13660202917815489       0.91337020426399107       0.90928162334252394     
   11.120000000000001      -0.13489233519510427       0.91203683206479447       0.90791386815608355     
   11.140000000000001      -0.13212425290715915       0.91067200529753389       0.90569940232572732     
   11.160000000000000      -0.13026699782581067       0.90924940452934766       0.90421359826064851     
   11.180000000000000      -0.12742025631812451       0.90780217636597704       0.90193620505449967     
   11.200000000000001      -0.12542655554916660       0.90629858912871741       0.90034124443933339     
   11.220000000000001      -0.12251814446915779       0.90477737829254068       0.89801451557532630     
   11.240000000000000      -0.12039954822297248       0.90320139903411090       0.89631963857837804     
   11.260000000000000      -0.11744676378530136       0.90161493933367842       0.89395741102824111     
   11.279999999999999      -0.11521517632355446       0.89997545702419657       0.89217214105884368     
   11.300000000000001      -0.11223551719202772       0.89833273907100208       0.88978841375362228     
   11.320000000000000      -0.10990311583847052       0.89663887861100333       0.88792249267077639     
   11.340000000000000      -0.10691417886156505       0.89494909097518194       0.88553134308925208     
   11.359999999999999      -0.10449333327275050       0.89321015418902239       0.88359466661820041     
   11.380000000000001      -0.10151270965054857       0.89148262434312031       0.88121016772043892     
   11.400000000000000       -9.9015901837866224E-002  0.88970803090632322       0.87921272147029306     
   11.420000000000000       -9.6061074289473872E-002  0.88795216630366069       0.87684885943157909     
   11.440000000000000       -9.3500819871796356E-002  0.88615139494855666       0.87480065589743716     
   11.460000000000001       -9.0589061360579093E-002  0.88437662457721933       0.87247124908846330     
   11.480000000000000       -8.7977832511983323E-002  0.88255915491489179       0.87038226600958668     
   11.500000000000000       -8.5126107071290716E-002  0.88077487166107216       0.86810088565703269     
   11.520000000000000       -8.2476257610883397E-002  0.87895012694952812       0.86598100608870687     
   11.540000000000001       -7.9701123795455464E-002  0.87716563109479539       0.86376089903636444     
   11.560000000000000       -7.7024816846419264E-002  0.87534292227329435       0.86161985347713532     
   11.580000000000000       -7.4342334314497216E-002  0.87356736643949862       0.85947386745159771     
   11.600000000000000       -7.1651472937224459E-002  0.87175583773738252       0.85732117834977961     
   11.620000000000001       -6.9077112645666183E-002  0.86999817358037146       0.85526169011653297     
   11.640000000000001       -6.6383273825415146E-002  0.86820674999544312       0.85310661906033214     
   11.660000000000000       -6.3931832294993635E-002  0.86647567693463634       0.85114546583599493     
   11.680000000000000       -6.1246204638055822E-002  0.86471301386132549       0.84899696371044464     
   11.700000000000001       -5.8931722718763853E-002  0.86301693011661629       0.84714537817501112     
   11.720000000000001       -5.6265048182848582E-002  0.86129136538795070       0.84501203854627893     
   11.740000000000000       -5.4100734719621520E-002  0.85963832157840803       0.84328058777569737     
   11.760000000000000       -5.1463254674234550E-002  0.85795783016817928       0.84117060373938779     
   11.779999999999999       -4.9461415442224009E-002  0.85635548570878972       0.83956913235377917     
   11.800000000000001       -4.6862821323438733E-002  0.85472763732153734       0.83749025705875102     
   11.820000000000000       -4.5034793569018940E-002  0.85318321983481227       0.83602783485521526     
   11.840000000000000       -4.2484182360415804E-002  0.85161513959132840       0.83398734588833268     
   11.859999999999999       -4.0840275249686975E-002  0.85013540753017580       0.83267222019974962     
   11.880000000000001       -3.8346109987580881E-002  0.84863373993536695       0.83067688799006467     
   11.900000000000000       -3.6895551228459569E-002  0.84722494859228836       0.82951644098276778     
   11.920000000000000       -3.4465626695060939E-002  0.84579582495050276       0.82757250135604876     
   11.940000000000000       -3.3216515562331392E-002  0.84446369600609550       0.82657321244986515     
   11.960000000000001       -3.0857929295412617E-002  0.84311270542662187       0.82468634343633007     
   11.980000000000000       -2.9817196250574027E-002  0.84186240016759983       0.82385375700045926     
   12.000000000000000       -2.7536324962758259E-002  0.84059456428004964       0.82202905997020670     
   12.020000000000000       -2.6709698022359604E-002  0.83943066059380300       0.82136775841788767     
   12.040000000000001       -2.4512179487532954E-002  0.83825041206967810       0.81960974359002636     
   12.060000000000000       -2.3904157455160405E-002  0.83717688529880829       0.81912332596412840     
   12.080000000000000       -2.1794877883948689E-002  0.83608805025187860       0.81743590230715901     
   12.100000000000000       -2.1408710522338840E-002  0.83510825796834698       0.81712696841787114     
   12.120000000000001       -1.9391797413301243E-002  0.83411404228261254       0.81551343793064113     
   12.140000000000001       -1.9229472594413016E-002  0.83323071301732154       0.81538357807553052     
   12.160000000000000       -1.7308293012797453E-002  0.83233369262752765       0.81384663441023797     
   12.180000000000000       -1.7370530845299485E-002  0.83154891856733837       0.81389642467623957     
   12.200000000000001       -1.5547695047083424E-002  0.83075103369331749       0.81243815603766678     
   12.220000000000001       -1.5833948942809675E-002  0.83006626733397382       0.81266715915424781     
   12.240000000000000       -1.4111319228513913E-002  0.82936882064668038       0.81128905538281115     
   12.260000000000000       -1.4619783832210685E-002  0.82878487536687662       0.81169582706576859     
   12.280000000000001       -1.2998488482813091E-002  0.82818853404101078       0.81039879078625054     
   12.300000000000001       -1.3726114353140898E-002  0.82770558854009479       0.81098089148251273     
   12.320000000000000       -1.2206566469514875E-002  0.82721039012575748       0.80976525317561188     
   12.340000000000000       -1.3149081363966640E-002  0.82682799664545192       0.81051926509117322     
   12.359999999999999       -1.1731002401798021E-002  0.82643335866950274       0.80938480192143847     
   12.380000000000001       -1.2882938984130506E-002  0.82615045489861416       0.81030635118730443     
   12.400000000000000       -1.1565386748389689E-002  0.82585518808544556       0.80925230939871173     
   12.420000000000000       -1.2920116504508351E-002  0.82567011262598333       0.81033609320360667     
   12.440000000000000       -1.1701517341423905E-002  0.82547243760733890       0.80936121387313920     
   12.460000000000001       -1.3251290458573272E-002  0.82538294886088348       0.81060103236685865     
   12.480000000000000       -1.2129475358809648E-002  0.82528051622531717       0.80970358028704781     
   12.500000000000000       -1.3865466293552394E-002  0.82528381453996091       0.81109237303484205     
   12.520000000000000       -1.2837710598066399E-002  0.82527372805458687       0.81027016847845312     
   12.540000000000001       -1.4750069031024028E-002  0.82536648095539411       0.81180005522481924     
   12.560000000000000       -1.3813135410978502E-002  0.82544532377586222       0.81105050832878289     
   12.580000000000000       -1.5891042260783257E-002  0.82562369408571945       0.81271283380862658     
   12.600000000000000       -1.5041226625035060E-002  0.82578755775492885       0.81203298130002810     
   12.620000000000001       -1.7272954770522507E-002  0.82604723439785421       0.81381836381641814     
   12.640000000000001       -1.6506134738665072E-002  0.82629175041987024       0.81320490779093202     
   12.660000000000000       -1.8879114077123796E-002  0.82662798168552543       0.81510329126169911     
   12.680000000000000       -1.8190799642928041E-002  0.82694835544854384       0.81455263971434244     
   12.700000000000001       -2.0691686093308088E-002  0.82735598448477232       0.81655334887464659     
   12.720000000000001       -2.0077072092730863E-002  0.82774703129588734       0.81606165767418470     
   12.740000000000000       -2.2691820136173803E-002  0.82822053358577652       0.81815345610893919     
   12.760000000000000       -2.2145840125937705E-002  0.82867671657073061       0.81771667210075027     
   12.780000000000001       -2.4859778461892856E-002  0.82921023914187519       0.81988782276951433     
   12.800000000000001       -2.4377159609017155E-002  0.82972570875502960       0.81950172768721385     
   12.820000000000000       -2.7175069493600722E-002  0.83031311086152915       0.82174005559488073     
   12.840000000000000       -2.6750388073198211E-002  0.83088174574491125       0.82140031045855866     
   12.859999999999999       -2.9616583897371138E-002  0.83151664075706477       0.82369326711789703     
   12.880000000000001       -2.9244320995521930E-002  0.83213208968269514       0.82339545679641768     
   12.900000000000000       -3.2162732654129486E-002  0.83280788791548066       0.82573018612330351     
   12.920000000000000       -3.1837329674687678E-002  0.83346361254206625       0.82546986373975018     
   12.940000000000000       -3.4791586273426364E-002  0.83417356475124660       0.82783326901874110     
   12.960000000000001       -3.4507499852181087E-002  0.83486288292496724       0.82760599988174488     
   12.980000000000000       -3.7481014298128452E-002  0.83560012419908192       0.82998481143850289     
   13.000000000000000       -3.7232770234784343E-002  0.83631625352840433       0.82978621618782755     
   13.020000000000000       -4.0208824257222275E-002  0.83707384730593892       0.83216705940577784     
   13.040000000000001       -3.9991070085128345E-002  0.83780994874224901       0.83199285606810269     
   13.060000000000000       -4.2952899236973457E-002  0.83858093068595230       0.83436231938957883     
   13.080000000000000       -4.2760455062341426E-002  0.83933015184522020       0.83420836404987320     
   13.100000000000000       -4.5691333258515772E-002  0.84010757330975327       0.83655306660681272     
   13.120000000000001       -4.5519240514943528E-002  0.84086309127544556       0.83641539241195495     
   13.140000000000001       -4.8402563672409700E-002  0.84164006211030729       0.83872205093792784     
   13.160000000000000       -4.8246131452762721E-002  0.84239512546422224       0.83859690516221019     
   13.180000000000000       -5.1065499807630560E-002  0.84316485590114554       0.84085239984610449     
   13.200000000000001       -5.0920348453621790E-002  0.84391282573677284       0.84073627876289747     
   13.220000000000001       -5.3659647143617553E-002  0.84466866711942967       0.84292771771489405     
   13.240000000000000       -5.3521748793639898E-002  0.84540305680172656       0.84281739903491193     
   13.260000000000000       -5.6165226309208782E-002  0.84613854092557872       0.84493218104736700     
   13.280000000000001       -5.6030942126978213E-002  0.84685305437163649       0.84482475370158261     
   13.300000000000001       -5.8563286251251873E-002  0.84756193121303325       0.84685062900100161     
   13.320000000000000       -5.8429400081467554E-002  0.84825049947993225       0.84674352006517406     
   13.340000000000000       -6.0835810958143811E-002  0.84892677310600539       0.84866864876651504     
   13.359999999999999       -6.0699559180508914E-002  0.84958358908507225       0.84855964734440714     
   13.380000000000001       -6.2965819169225487E-002  0.85022155154952284       0.85037265533538042     
   13.400000000000000       -6.2824916548635451E-002  0.85084110258019419       0.85025993323890836     
   13.420000000000000       -6.4937456549529010E-002  0.85143536562458721       0.85194996523962330     
   13.440000000000000       -6.4790117907852371E-002  0.85201246385600060       0.85183209432628182     
   13.460000000000001       -6.6736079860527125E-002  0.85255798825163553       0.85338886388842183     
   13.480000000000000       -6.6581037424000983E-002  0.85308779859580841       0.85326482993920083     
   13.500000000000000       -6.8348332710929646E-002  0.85357992097744728       0.85467866616874366     
   13.520000000000000       -6.8184849016586793E-002  0.85405798651440801       0.85454787921326947     
   13.540000000000001       -6.9762212526868025E-002  0.85449244357404952       0.85580977002149439     
   13.560000000000000       -6.9590088801421007E-002  0.85491470828637883       0.85567207104113674     
   13.580000000000000       -7.0967128437654917E-002  0.85528765821276753       0.85677370275012399     
   13.600000000000000       -7.0786708392696795E-002  0.85565048694464818       0.85662936671415746     
   13.620000000000001       -7.1953949831344205E-002  0.85595852801213468       0.85756315986507536     
   13.640000000000001       -7.1766118849399152E-002  0.85625872356602328       0.85741289507951945     
   13.660000000000000       -7.2715045393190320E-002  0.85649890979471055       0.85817203631455241     
   13.680000000000000       -7.2521225109870829E-002  0.85673372709708751       0.85801698008789673     
   13.700000000000001       -7.3244312499453276E-002  0.85690358092472907       0.85859544999956272     
   13.720000000000001       -7.3046450817569136E-002  0.85707073821086754       0.85843716065405540     
   13.740000000000000       -7.3537196898461984E-002  0.85716826013566250       0.85882975751876955     
   13.760000000000000       -7.3337753500193337E-002  0.85726594712194004       0.85867020280015471     
   13.780000000000001       -7.3590702670077182E-002  0.85728962229404249       0.85887256213606189     
   13.800000000000001       -7.3392630123090261E-002  0.85731650532487236       0.85871410409847226     
   13.820000000000000       -7.3403392513341145E-002  0.85726530708305360       0.85872271401067291     
   13.840000000000000       -7.3210113095812657E-002  0.85722053125789299       0.85856809047665017     
   13.859999999999999       -7.2975378469822105E-002  0.85709392162616649       0.85838030277585775     
   13.880000000000001       -7.2790756867575454E-002  0.85697710993021237       0.85823260549406033     
   13.900000000000000       -7.2308303246627750E-002  0.85677503710736036       0.85784664259730237     
   13.920000000000000       -7.2136615302805226E-002  0.85658628658734803       0.85770929224224413     
   13.940000000000000       -7.1405312357953415E-002  0.85630917947997021       0.85712424988636282     
   13.960000000000001       -7.1251210081694716E-002  0.85604905452384272       0.85700096806535575     
   13.980000000000000       -7.0271017357040721E-002  0.85569781439074777       0.85621681388563253     
   14.000000000000000       -7.0139490422357426E-002  0.85536733718676261       0.85611159233788592     
   14.020000000000000       -6.8911450481257006E-002  0.85494332647915483       0.85512916038500553     
   14.040000000000001       -6.8807784470543018E-002  0.85454396474619421       0.85504622757643445     
   14.060000000000000       -6.7334011081388548E-002  0.85404899324399131       0.85386720886511080     
   14.080000000000000       -6.7263742749652980E-002  0.85358264534029216       0.85381099419972240     
   14.100000000000000       -6.5547404251909150E-002  0.85301895370013303       0.85243792340152735     
   14.120000000000001       -6.5516274107736930E-002  0.85248793123230882       0.85241301928618951     
   14.140000000000001       -6.3561572121697524E-002  0.85185817207708414       0.85084925769735809     
   14.160000000000000       -6.3575474639019830E-002  0.85126518014511676       0.85086037971121586     
   14.180000000000000       -6.1387618304207386E-002  0.85057239683827834       0.84911009464336606     
   14.200000000000001       -6.1452550095095426E-002  0.84992051206498531       0.84916204007607632     
   14.220000000000001       -5.9037726042238885E-002  0.84916811532530279       0.84723018083379109     
   14.240000000000000       -5.9159732335029046E-002  0.84846076183061325       0.84732778586802326     
   14.260000000000000       -5.6525070615035526E-002  0.84765250435441819       0.84522005649202847     
   14.280000000000001       -5.6710190394070908E-002  0.84689342784556232       0.84536815231525686     
   14.300000000000001       -5.3863726604275672E-002  0.84603337711376925       0.84309098128342053     
   14.320000000000000       -5.4117936777341259E-002  0.84522661727210113       0.84329434942187298     
   14.340000000000000       -5.1068570640502700E-002  0.84431912672840659       0.84085485651240222     
   14.359999999999999       -5.1397729607583584E-002  0.84346898808206106       0.84111818368606694     
   14.380000000000001       -4.8155180272528145E-002  0.84251866687662447       0.83852414421802257     
   14.400000000000000       -4.8564971274790272E-002  0.84162968835543694       0.83885197701983216     
   14.420000000000000       -4.5139729619255588E-002  0.84064136985501081       0.83611178369540440     
   14.440000000000000       -4.5635604250108215E-002  0.83971829323015013       0.83650848340008666     
   14.460000000000001       -4.2038882476143756E-002  0.83869700250102497       0.83363110598091505     
   14.480000000000000       -4.2626004736876451E-002  0.83774473991650300       0.83410080378950124     
   14.500000000000000       -3.8869683557112927E-002  0.83669566039075038       0.83109574684569043     
   14.520000000000000       -3.9552874837906773E-002  0.83571926119743056       0.83164229987032545     
   14.540000000000001       -3.5649448557083539E-002  0.83464770073571137       0.82851955884566686     
   14.560000000000000       -3.6433133920188085E-002  0.83365231784055749       0.82914650713615046     
   14.580000000000000       -3.2395653720528890E-002  0.83256367440627987       0.82591652297642326     
   14.600000000000000       -3.3283809856099564E-002  0.83155453035042615       0.82662704788487962     
   14.620000000000001       -2.9125825597459461E-002  0.83045425751020652       0.82330066047796757     
   14.640000000000001       -3.0121930814004341E-002  0.82943661048895012       0.82409754465120355     
   14.660000000000000       -2.5857431660194968E-002  0.82833018295319760       0.82068594532815597     
   14.680000000000000       -2.6964418260837654E-002  0.82730929298926348       0.82157153460867027     
   14.700000000000001       -2.2607772442205912E-002  0.82620217240432370       0.81808621795376490     
   14.720000000000001       -2.3827981825099195E-002  0.82518326788269558       0.81906238546007948     
   14.740000000000000       -1.9393875844328543E-002  0.82408086908228728       0.81551510067546296     
   14.760000000000000       -2.0729016650629740E-002  0.82306911385063775       0.81658321332050388     
   14.780000000000001       -1.6232394233907620E-002  0.82197677176943540       0.81298591538712606     
   14.800000000000001       -1.7683503849841905E-002  0.82097723300268099       0.81414680307987364     
   14.820000000000000       -1.3139504939055311E-002  0.81990017044877816       0.81051160395124422     
   14.840000000000000       -1.4706914639849938E-002  0.81891778746963828       0.81176553171188004     
   14.859999999999999       -1.0130814713407838E-002  0.81786108394539081       0.80810465177072632     
   14.880000000000001       -1.1814118716390877E-002  0.81690063818503889       0.80945129497311274     
   14.900000000000000       -7.2212687167101707E-003  0.81586919993744533       0.80577701497336818     
   14.920000000000000       -9.0192973887550393E-003  0.81493528621151601       0.80721543791100414     
   14.940000000000000       -4.4250645234777891E-003  0.81393381768391271       0.80354005161878228     
   14.960000000000001       -6.3358619643714880E-003  0.81303081694926860       0.80506868957149713     
   14.980000000000000       -1.7555716361045462E-003  0.81206379379578242       0.80140445730888377     
   15.000000000000000       -3.7763778344633335E-003  0.81119584754267759       0.80302110226757062     
   15.020000000000000        7.7474305964630487E-004  0.81026749135562914       0.79938020555228295     
   15.040000000000001       -1.3524946725524557E-003  0.80943847777828548       0.80108199573804206     
   15.060000000000000        3.1543834995550447E-003  0.80855273266668548       0.79747649320035607     
   15.080000000000000        9.2511688418033108E-004  0.80776624474285852       0.79925990649265577     
   15.100000000000000        5.3728859517944861E-003  0.80692675588733365       0.79570169123856438     
   15.120000000000001        3.0468217443089030E-003  0.80618608148436555       0.79756254260455295     
   15.140000000000001        7.4208735237321086E-003  0.80539617578040068       0.79406330118101431     
   15.160000000000000        5.0040697811902044E-003  0.80470427989152005       0.79599674417504795     
   15.180000000000000        9.2901034006389258E-003  0.80396694877889030       0.79256791727948883     
   15.200000000000001        6.7894379269448401E-003  0.80332645797928803       0.79456844965844420     
   15.220000000000001        1.0973506599352728E-002  0.80264434254106509       0.79122119472051788     
   15.240000000000000        8.3966647542123313E-003  0.80205753173861649       0.79328266819663018     
   15.260000000000000        1.2465220067897241E-002  0.80143291013825835       0.79002782394568227     
   15.280000000000001        9.8206774066778753E-003  0.80090169167877134       0.79214345807465769     
   15.300000000000001        1.3760611010572904E-002  0.80033646898868005       0.78899151119154176     
   15.320000000000000        1.1057610787931473E-002  0.79986238416030064       0.79115391136965485     
   15.340000000000000        1.4856293366810080E-002  0.79935808461986568       0.78811496530655201     
   15.359999999999999        1.2104818966875024E-002  0.79894229758594681       0.79031614482650003     
   15.380000000000001        1.5750136420813791E-002  0.79850005931170287       0.78739989086334905     
   15.400000000000000        1.2960878806342377E-002  0.79814335348599685       0.78963129695492618     
   15.420000000000000        1.6441265567436553E-002  0.79776392564107834       0.78684698754605087     
   15.440000000000000        1.3625585869549581E-002  0.79746670250379337       0.78909953130436039     
   15.460000000000001        1.6930055307503539E-002  0.79715044491859433       0.78645595575399718     
   15.480000000000000        1.4099942706162135E-002  0.79691272525663637       0.78872004583507038     
   15.500000000000000        1.7218114592700059E-002  0.79665961047742428       0.78622550832584004     
   15.520000000000000        1.4386139665874587E-002  0.79648103801722159       0.78849108826730041     
   15.540000000000001        1.7308264685840999E-002  0.79629065574468305       0.78615338825132719     
   15.560000000000000        1.4487528432176378E-002  0.79617050313133919       0.78840997725425899     
   15.580000000000000        1.7204509746611297E-002  0.79604206699654867       0.78623639220271102     
   15.600000000000000        1.4408588512167444E-002  0.79597924405890741       0.78847312919026613     
   15.620000000000001        1.6912000395442033E-002  0.79591160067026456       0.78647039968364640     
   15.640000000000001        1.4154886959640803E-002  0.79590466489777489       0.78867609043228737     
   15.660000000000000        1.6436990548827170E-002  0.79589630507899911       0.78685040756093827     
   15.680000000000000        1.3733031647932785E-002  0.79594347422317957       0.78901357468165378     
   15.700000000000001        1.5786787857863586E-002  0.79599254634968075       0.78737056971370922     
   15.720000000000001        1.3150618446034828E-002  0.79609171305055337       0.78947950524317223     
   15.740000000000000        1.4969698117898382E-002  0.79619603837937170       0.78802424150568129     
   15.760000000000000        1.2416172685958692E-002  0.79634478670554987       0.79006706185123310     
   15.780000000000001        1.3994964050694905E-002  0.79650187658273497       0.78880402875944411     
   15.800000000000001        1.1539085341161074E-002  0.79669750036298836       0.79076873172707118     
   15.820000000000000        1.2872698891301378E-002  0.79690457518179092       0.78970184088695894     
   15.840000000000000        1.0529544364792262E-002  0.79714409799584518       0.79157636450816626     
   15.860000000000001        1.1613815239660048E-002  0.79739810776949616       0.79070894780827194     
   15.880000000000001        9.3984616624834625E-003  0.79767830445679722       0.79248123067001330     
   15.900000000000000        1.0229949661785118E-002  0.79797595086095363       0.79181604027057195     
   15.920000000000000        8.1573961971941975E-003  0.79829337039793735       0.79347408304224465     
   15.940000000000000        8.7333835469386896E-003  0.79863113013024190       0.79301329316244917     
   15.960000000000001        6.8184737431900800E-003  0.79898211971956956       0.79454522100544800     
   15.980000000000000        7.1369607455394630E-003  0.79935626901707424       0.79429043140356848     
   16.000000000000000        5.3943038224178686E-003  0.79973699922622621       0.79568455694206575     
   16.020000000000000        5.4540025274637067E-003  0.80014363937585842       0.79563679797802900     
   16.039999999999999        3.8978943693154895E-003  0.80055013015745335       0.79688168450454766     
   16.059999999999999        3.6982204118775419E-003  0.80098521383018639       0.79704142367049802     
   16.080000000000002        2.3425646793875099E-003  0.80141336125252083       0.79812594825648997     
   16.100000000000001        1.8836274277310551E-003  0.80187271948849315       0.79849309805781521     
   16.120000000000001        7.4185720266076605E-004  0.80231832300199957       0.79940651423787146     
   16.140000000000001        2.4448368526784224E-005  0.80279769267150647       0.79998044130517865     
   16.160000000000000       -8.9055125459827221E-004  0.80325648273512584       0.80071244100367867     
   16.180000000000000       -1.8649703940517063E-003  0.80375153429924373       0.80149197631524138     
   16.199999999999999       -2.5409383577602125E-003  0.80421920019017323       0.80203275068620816     
   16.219999999999999       -3.7702509755788618E-003  0.80472556558466057       0.80301620078046310     
   16.240000000000002       -4.1956245438662439E-003  0.80519778321546298       0.80335649963509315     
   16.260000000000002       -5.6770733672776540E-003  0.80571108368260580       0.80454165869382221     
   16.280000000000001       -5.8410602445013657E-003  0.80618354325129926       0.80467284819560114     
   16.300000000000001       -7.5712636005792642E-003  0.80669941694645764       0.80605701088046355     
   16.320000000000000       -7.4639114936466185E-003  0.80716785024791660       0.80597112919491731     
   16.340000000000000       -9.4388801536952806E-003  0.80768197945066933       0.80755110412295628     
   16.359999999999999       -9.0511433973444588E-003  0.80814218668139048       0.80724091471787551     
   16.379999999999999       -1.1266298081857395E-002  0.80865032444534313       0.80901303846548600     
   16.399999999999999       -1.0590100959827613E-002  0.80909820033839785       0.80847208076786226     
   16.420000000000002       -1.3040290371752080E-002  0.80959619641886460       0.81043223229740180     
   16.440000000000001       -1.2068586781563246E-002  0.81002775555156514       0.80965486942525067     
   16.460000000000001       -1.4748106042467702E-002  0.81051158145644053       0.81179848483397421     
   16.480000000000000       -1.3474935168297435E-002  0.81092298257987139       0.81077994813463805     
   16.500000000000000       -1.6377544539818423E-002  0.81138875559598733       0.81310203563185479     
   16.520000000000000       -1.4798082216479571E-002  0.81177632484307027       0.81183846577318364     
   16.539999999999999       -1.7917025998036486E-002  0.81222033089816958       0.81433362079842930     
   16.559999999999999       -1.6027631469216798E-002  0.81258058373522946       0.81282210517537345     
   16.580000000000002       -1.9355656972341054E-002  0.81299929896430034       0.81548452557787288     
   16.600000000000001       -1.7153914767955872E-002  0.81332896076016536       0.81372313181436473     
   16.620000000000001       -2.0683291277593194E-002  0.81371907165421775       0.81654663302207453     
   16.640000000000001       -1.8168047958201768E-002  0.81401509675065031       0.81453443836656148     
   16.660000000000000       -2.1890585601917031E-002  0.81437351877600306       0.81751246848153358     
   16.680000000000000       -1.9061981142536707E-002  0.81463310795360788       0.81524958491402943     
   16.699999999999999       -2.2969049599580120E-002  0.81495700254034864       0.81837523967966408     
   16.719999999999999       -1.9828543210767748E-002  0.81517761878504813       0.81586283456861419     
   16.740000000000002       -2.3911090204347327E-002  0.81546440859441949       0.81912887216347796     
   16.760000000000002       -2.0461480414966215E-002  0.81564379108096485       0.81636918433197314     
   16.780000000000001       -2.4710049942709891E-002  0.81589117347296780       0.81976803995416803     
   16.800000000000001       -2.0955488796222145E-002  0.81602734969377355       0.81676439103697784     
   16.820000000000000       -2.5360239065598335E-002  0.81623330832821095       0.82028819125247865     
   16.840000000000000       -2.1306240309871334E-002  0.81632460430791898       0.81704499224789717     
   16.859999999999999       -2.5856961357163390E-002  0.81648741882429487       0.82068556908573065     
   16.879999999999999       -2.1510402536508360E-002  0.81653246737285667       0.81720832202920668     
   16.899999999999999       -2.6196533519700558E-002  0.81665072110697634       0.82095722681576044     
   16.920000000000002       -2.1565651907021529E-002  0.81664846807660274       0.81725252152561723     
   16.940000000000001       -2.6376298074547871E-002  0.81672105378429849       0.82110103845963833     
   16.960000000000001       -2.1470680410920748E-002  0.81667076230827018       0.81717654432873665     
   16.980000000000000       -2.6394629759550273E-002  0.81669688587928946       0.82111570380764032     
   17.000000000000000       -2.1225195798124312E-002  0.81659813858330554       0.81698015663849943     
   17.020000000000000       -2.6250935444207910E-002  0.81657732074104061       0.82100074835536641     
   17.039999999999999       -2.0829915324875922E-002  0.81643001993038444       0.81666393225990075     
   17.059999999999999       -2.5945647623663113E-002  0.81636209592564657       0.82075651809893047     
   17.080000000000002       -2.0286553134333935E-002  0.81616646176396357       0.81622924250746720     
   17.100000000000001       -2.5480211591991025E-002  0.81605157908337733       0.82038416927359281     
   17.120000000000001       -1.9597801401371951E-002  0.81580814579111804       0.81567824112109766     
   17.140000000000001       -2.4857066433606981E-002  0.81564675991286484       0.81988565314688566     
   17.160000000000000       -1.8767305409021273E-002  0.81535637002547845       0.81501384432721702     
   17.180000000000000       -2.4079620008763219E-002  0.81514923826694718       0.81926369600701054     
   17.199999999999999       -1.7799632760548079E-002  0.81481303500457725       0.81423970620843855     
   17.219999999999999       -2.3152218144860251E-002  0.81456120851795732       0.81852177451588826     
   17.240000000000002       -1.6700236966177458E-002  0.81418062632964938       0.81336018957294209     
   17.260000000000002       -2.2080108279436624E-002  0.81388544031253196       0.81766408662354939     
   17.280000000000001       -1.5475415676749586E-002  0.81346219366874883       0.81238033254139974     
   17.300000000000001       -2.0869397833028280E-002  0.81312525586733231       0.81669551826642273     
   17.320000000000000       -1.4132263867928771E-002  0.81266132638483646       0.81130581109434319     
   17.340000000000000       -1.9527007620420919E-002  0.81228450397731167       0.81562160609633672     
   17.359999999999999       -1.2678622307805679E-002  0.81178212597012933       0.81014289784624460     
   17.379999999999999       -1.8060620636984690E-002  0.81136753092718350       0.81444849650958773     
   17.400000000000002       -1.1123021667671776E-002  0.81082917548637612       0.80889841733413759     
   17.420000000000002       -1.6478626582623265E-002  0.81037914851444315       0.81318290126609871     
   17.440000000000001       -9.4746226602532221E-003  0.80980750622774611       0.80757969812820252     
   17.460000000000001       -1.4790062509247068E-002  0.80932459940861545       0.81183205000739767     
   17.480000000000000       -7.7431526116346558E-003  0.80872256183857361       0.80619452208930786     
   17.500000000000000       -1.3004549998467101E-002  0.80820952008618852       0.81040363999877363     
   17.520000000000000       -5.9388388923636501E-003  0.80758016013222145       0.80475107111389088     
   17.539999999999999       -1.1132229294292067E-002  0.80703990159391781       0.80890578343543373     
   17.559999999999999       -4.0723396497031206E-003  0.80638645286971855       0.80325787171976248     
   17.580000000000002       -9.1836908309049781E-003  0.80582204840475469       0.80734695266472412     
   17.600000000000001       -2.1546722966084217E-003  0.80514788376755986       0.80172373783728679     
   17.620000000000001       -7.1699046080218737E-003  0.80456253564049018       0.80573592368641744     
   17.640000000000001       -1.9714022368315072E-004  0.80387114501300860       0.80015771217894649     
   17.660000000000000       -5.1021478758381611E-003  0.80326816494332587       0.80408171830067054     
   17.680000000000000        1.7887417919337416E-003  0.80256313257244771       0.79856900656645302     
   17.699999999999999       -2.9919315981098917E-003  0.80194591928481940       0.80239354527848805     
   17.719999999999999        3.7913230021048511E-003  0.80123090058368474       0.79696694159831616     
   17.740000000000002       -8.5092616547885903E-004  0.80060291700514419       0.80068074093238306     
   17.760000000000002        5.7988924473336544E-003  0.79988161512663769       0.79536088604213306     
   17.780000000000001        1.3091131682683070E-003  0.79924636537815863       0.79895270946538544     
   17.800000000000001        7.7997545815128647E-003  0.79852250766849009       0.79376019633478978     
   17.820000000000000        3.4764206566972504E-003  0.79788351399854252       0.79721886347464221     
   17.840000000000000        9.7823042870924890E-003  0.79716082847920944       0.79217415657032608     
   17.859999999999999        5.6392937729741474E-003  0.79652160828610652       0.79548856498162079     
   17.879999999999999        1.1735100813210601E-002  0.79580380031127618       0.79061191934943154     
   17.900000000000002        7.7861658070335852E-003  0.79516784339945434       0.79377106735437319     
   17.920000000000002        1.3646940179424579E-002  0.79445857263360331       0.78908244785646042     
   17.940000000000001        9.9056769018033754E-003  0.79382931884636709       0.79207545847855743     
   17.960000000000001        1.5506925600554004E-002  0.79313217670396274       0.78759445951955687     
   17.980000000000000        1.1986743096297062E-002  0.79251299407177200       0.79041060552296238     
   18.000000000000000        1.7304535503698086E-002  0.79183148175681506       0.78615637159704166     
   18.020000000000000        1.4018622959655622E-002  0.79122564529586559       0.78878510163227555     
   18.039999999999999        1.9029688726603478E-002  0.79056315257436682       0.78477624901871723     
   18.059999999999999        1.5990981418964906E-002  0.78997382386506176       0.78720721486482814     
   18.080000000000002        2.0672806507100499E-002  0.78933360869791347       0.78346175479431968     
   18.100000000000001        1.7893950404756918E-002  0.78876381636692106       0.78568483967619451     
   18.120000000000001        2.2224870896150765E-002  0.78814898552429813       0.78222010328307945     
   18.140000000000001        1.9718185961369650E-002  0.78760160674718038       0.78422545123090437     
   18.160000000000000        2.3677479251997206E-002  0.78701509751855836       0.78105801659840224     
   18.180000000000000        2.1454921494627705E-002  0.78649284065263769       0.78283606280429785     
   18.199999999999999        2.5022894499806856E-002  0.78593740375874444       0.77998168440015458     
   18.219999999999999        2.3096016856439035E-002  0.78544279220783153       0.78152318651484887     
   18.240000000000002        2.6254090869865278E-002  0.78492097601254762       0.77899672730410785     
   18.260000000000002        2.4634002994696206E-002  0.78445633341657817       0.78029279760424308     
   18.280000000000001        2.7364794857626839E-002  0.78397046952786820       0.77810816411389849     
   18.300000000000001        2.6062121927129429E-002  0.78353790636135612       0.77915030245829653     
   18.320000000000000        2.8349521180547635E-002  0.78309009670092322       0.77732038305556195     
   18.340000000000000        2.7374361829281449E-002  0.78269149835456009       0.77810051053657492     
   18.359999999999999        2.9203603539420669E-002  0.78228360376606343       0.77663711716846351     
   18.379999999999999        2.8565487059353682E-002  0.78192062017578123       0.77714761035251712     
   18.400000000000002        2.9923220025683723E-002  0.78155425063126704       0.77606142397945310     
   18.420000000000002        2.9631062976096155E-002  0.78122828750875484       0.77629514961912305     
   18.440000000000001        3.0505413050663226E-002  0.78090479396241341       0.77559566955946946     
   18.460000000000001        3.0567475439965412E-002  0.78061700567048009       0.77554601964802772     
   18.480000000000000        3.0948103707733460E-002  0.78033747359812422       0.77524151703381328     
   18.500000000000000        3.1371944922236959E-002  0.78008875770348862       0.77490244406221054     
   18.520000000000000        3.1250100513689295E-002  0.77985400235520619       0.77499991958904868     
   18.539999999999999        3.2042535181413929E-002  0.77964499588038194       0.77436597185486888     
   18.559999999999999        3.1411102511032768E-002  0.77945555926284771       0.77487111799117381     
   18.580000000000002        3.2578156500904107E-002  0.77928663664778908       0.77393747479927677     
   18.600000000000001        3.1431696748139726E-002  0.77914278624166411       0.77485464260148829     
   18.620000000000001        3.2978563516327865E-002  0.77901405901489063       0.77361714918693769     
   18.640000000000001        3.1313350189187114E-002  0.77891578822178942       0.77494931984865034     
   18.660000000000000        3.3244347694758043E-002  0.77882710636979091       0.77340452184419362     
   18.680000000000000        3.1058396140071061E-002  0.77877413667240947       0.77515328308794318     
   18.699999999999999        3.3376924561471309E-002  0.77872509168543580       0.77329846035082295     
   18.719999999999999        3.0670015310123866E-002  0.77871687649379506       0.77546398775190095     
   18.740000000000002        3.3378515802207756E-002  0.77870680605558551       0.77329718735823383     
   18.760000000000002        3.0152211662043096E-002  0.77874253620188538       0.77587823067036554     
   18.780000000000001        3.3252126400295470E-002  0.77877053048070954       0.77339829887976363     
   18.800000000000001        2.9509783233883594E-002  0.77884914131522265       0.77639217341289313     
   18.820000000000000        3.3001516998112622E-002  0.77891405080368692       0.77359878640150992     
   18.840000000000000        2.8748288147048450E-002  0.77903423083437495       0.77700136948236131     
   18.859999999999999        3.2631171701052709E-002  0.77913467567602801       0.77389506263915786     
   18.879999999999999        2.7874006042770696E-002  0.77929487668528896       0.77770079516578350     
   18.900000000000002        3.2146261569259864E-002  0.77942925741702074       0.77428299074459217     
   18.920000000000002        2.6893895216438101E-002  0.77962770598018394       0.77848488382684955     
   18.940000000000001        3.1552604067753169E-002  0.77979421561098194       0.77475791674579753     
   18.960000000000001        2.5815545744123741E-002  0.78002892593291917       0.77934756340470113     
   18.980000000000000        3.0856618769015083E-002  0.78022556327161441       0.77531470498478794     
   19.000000000000000        2.4647128918702459E-002  0.78049435125019251       0.78028229686503803     
   19.020000000000000        3.0065279623545688E-002  0.78071893538755865       0.77594777630116352     
   19.039999999999999        2.3397343333827939E-002  0.78101943380564731       0.78128212533293773     
   19.059999999999999        2.9186064133161178E-002  0.78126961964959452       0.77665114869347107     
   19.080000000000002        2.2075357972700764E-002  0.78159929439099740       0.78233971362183941     
   19.100000000000001        2.8226899778834913E-002  0.78187258914767344       0.77741848017693216     
   19.120000000000001        2.0690752674872796E-002  0.78222875632675881       0.78344739786010187     
   19.140000000000001        2.7196108069550747E-002  0.78252253681517459       0.77824311354435949     
   19.160000000000000        1.9253456368220515E-002  0.78290238070507689       0.78459723490542366     
   19.180000000000000        2.6102346590884257E-002  0.78321391138843610       0.77911812272729264     
   19.199999999999999        1.7773683464608534E-002  0.78361450302860025       0.78578105322831326     
   19.219999999999999        2.4954549441786600E-002  0.78394095464184921       0.78003636044657076     
   19.240000000000002        1.6261868826598691E-002  0.78435927100237923       0.78699050493872102     
   19.260000000000002        2.3761866455272854E-002  0.78469773965262923       0.78099050683578175     
   19.280000000000001        1.4728601718801084E-002  0.78513068323036150       0.78821711862495913     
   19.300000000000001        2.2533601603382480E-002  0.78547820984476480       0.78197311871729402     
   19.320000000000000        1.3184559161088310E-002  0.78592262856429018       0.78945235267112945     
   19.340000000000000        2.1279150988871620E-002  0.78627621855871688       0.78297667920890268     
   19.359999999999999        1.1640439101897127E-002  0.78672892585067777       0.79068764871848229     
   19.379999999999999        2.0007940825618586E-002  0.78708556889208925       0.78399364733950516     
   19.400000000000002        1.0106893828233295E-002  0.78754336382098888       0.79191448493741345     
   19.420000000000002        1.8729365806695455E-002  0.78790005355678649       0.78501650735464368     
   19.440000000000001        8.5944640248024826E-003  0.78835974087126692       0.79312442878015810     
   19.460000000000001        1.7452728253516223E-002  0.78871349450005324       0.78603781739718714     
   19.480000000000000        7.1135138879562356E-003  0.78917190448013264       0.79430918888963509     
   19.500000000000000        1.6187178431467459E-002  0.78951978204028528       0.78705025725482614     
   19.520000000000000        5.6741676909260975E-003  0.78997379001830426       0.79546066584725916     
   19.539999999999999        1.4941656407028553E-002  0.79031291327346997       0.78804667487437718     
   19.559999999999999        4.2862481851956308E-003  0.79075945870856990       0.79657100145184356     
   19.580000000000002        1.3724835808677602E-002  0.79108702951264631       0.78902013135305804     
   19.600000000000001        2.9592172089185657E-003  0.79152313450237188       0.79763262623286524     
   19.620000000000001        1.2545069838952516E-002  0.79183645253070500       0.78996394412883797     
   19.640000000000001        1.7021188571349705E-003  0.79225923964777756       0.79863830491429200     
   19.660000000000000        1.1410339868005215E-002  0.79255571938615976       0.79087172810559592     
   19.680000000000000        5.2352555028279410E-004  0.79296242873363210       0.79958117955977381     
   19.699999999999999        1.0328206919972601E-002  0.79323961562214951       0.79173743446402201     
   19.719999999999999       -5.6851268272157390E-004  0.79362762100588746       0.80045481014617725     
   19.740000000000002        9.3057663426260404E-003  0.79388320664076573       0.79255538692589922     
   19.760000000000002       -1.5665154126125451E-003  0.79425003076456546       0.80125321233009006     
   19.780000000000001        8.3496059281966441E-003  0.79448186706780544       0.79332031525744273     
   19.800000000000001       -2.4636152386235885E-003  0.79482519566333143       0.80197089219089879     
   19.820000000000000        7.4657677291619902E-003  0.79503130793706489       0.79402738581667043     
   19.840000000000000       -3.2535971928119114E-003  0.79534900274815412       0.80260287775424954     
   19.859999999999999        6.6597137872846327E-003  0.79552760153829472       0.79467222897017242     
   19.879999999999999       -3.9309339012147020E-003  0.79581771208702057       0.80314474712097184     
   19.900000000000002        5.9362959674851808E-003  0.79596720378877406       0.79525096322601196     
   19.920000000000002       -4.4908163109640166E-003  0.79622797785882782       0.80359265304877125     
   19.940000000000001        5.2997300603903497E-003  0.79634697400505106       0.79576021595168778     
   19.960000000000001       -4.9291798212524234E-003  0.79657686678656936       0.80394334385700206     
   19.980000000000000        4.7535742888019199E-003  0.79666419196862726       0.79619714056895852     
   20.000000000000000       -5.2427256856138887E-003  0.79686187381740425       0.80419418054849112     
