   0.00000000       1.00000000       0.00000000    
   10.000000000000000        1.0000000000000000        0.0000000000000000        0.0000000000000000     
   10.020000000000000        1.0000000000000000        0.0000000000000000        0.0000000000000000     
   10.040000000000001       0.99972032632494878        0.0000000000000000        5.5934735010243486E-004
   10.060000000000000       0.99888108991264069        4.0000000000000002E-004   2.2378201747186299E-003
   10.080000000000000       0.99804269307614635        1.1999999999999999E-003   3.9146138477073045E-003
   10.100000000000000       0.99664630312506952        2.3987196750257802E-003   6.7073937498609570E-003
   10.120000000000001       0.99525196416495099        3.9961590192076893E-003   9.4960716700980274E-003
   10.140000000000001       0.99330276563654718        5.9897617574778397E-003   1.3394468726905639E-002
   10.160000000000000       0.99135719591781279        8.3795283498061465E-003   1.7285608164374411E-002
   10.180000000000000       0.98886145218304033        1.1161635592323740E-002   2.2277095633919330E-002
   10.200000000000001       0.98637127415619175        1.4336085322603989E-002   2.7257451687616507E-002
   10.220000000000001       0.98333714156932994        1.7897801072592451E-002   3.3325716861340116E-002
   10.240000000000000       0.98031086150812352        2.1846787371148705E-002   3.9378276983752958E-002
   10.260000000000000       0.97674835602213772        2.6176732767820957E-002   4.6503287955724559E-002
   10.279999999999999       0.97319632886436536        3.0887646161447839E-002   5.3607342271269287E-002
   10.300000000000001       0.96911728483914950        3.5972003967468920E-002   6.1765430321701009E-002
   10.320000000000000       0.96505167129060210        4.1429821464414936E-002   6.9896657418795805E-002
   10.340000000000000       0.96046969268164750        4.7252390272029612E-002   7.9060614636704996E-002
   10.359999999999999       0.95590440877921856        5.3439734359695297E-002   8.8191182441562876E-002
   10.380000000000001       0.95083481292954741        5.9981992277057715E-002   9.8330374140905175E-002
   10.400000000000000       0.94578547229423959        6.6879199273058326E-002  0.10842905541152081     
   10.420000000000000       0.94024522658661192        7.4120376810026645E-002  0.11950954682677617     
   10.440000000000000       0.93472907563086360        8.1705574265480918E-002  0.13054184873827279     
   10.460000000000001       0.92873672729015799        8.9622736097225708E-002  0.14252654541968401     
   10.480000000000000       0.92277257367623655        9.7871928910790079E-002  0.15445485264752690     
   10.500000000000000       0.91634817304335281       0.10644006415820144       0.16730365391329438     
   10.520000000000000       0.90995630772041813       0.11532722902066028       0.18008738455916373     
   10.540000000000001       0.90312132534891598       0.12451934964890760       0.19375734930216804     
   10.560000000000000       0.89632343852559127       0.13401653740124089       0.20735312294881747     
   10.580000000000000       0.88910067648041391       0.14380378430211052       0.22179864703917218     
   10.600000000000000       0.88191976791717641       0.15388122975505572       0.23616046416564718     
   10.620000000000001       0.87433326568108827       0.16423298604502928       0.25133346863782347     
   10.640000000000001       0.86679354971237910       0.17485922477539997       0.26641290057524181     
   10.660000000000000       0.85886848513005276       0.18574323580998794       0.28226302973989448     
   10.680000000000000       0.85099529084958836       0.19688522741855430       0.29800941830082328     
   10.700000000000001       0.84275787656149526       0.20826772699430815       0.31448424687700949     
   10.720000000000001       0.83457754362573378       0.21989098428202403       0.33084491274853245     
   10.740000000000000       0.82605491946402931       0.23173682647103946       0.34789016107194137     
   10.760000000000000       0.81759468998800899       0.24380554996493900       0.36481062002398201     
   10.779999999999999       0.80881481182436621       0.25607834600265672       0.38237037635126758     
   10.800000000000001       0.80010271886110063       0.26855556323996599       0.39979456227779875     
   10.820000000000000       0.79109424441185971       0.28121782286576985       0.41781151117628057     
   10.840000000000000       0.78215899752107521       0.29406553182476969       0.43568200495784959     
   10.859999999999999       0.77295116962807298       0.30707880845637869       0.45409766074385405     
   10.880000000000001       0.76382203805224036       0.32025812450542390       0.47235592389551928     
   10.900000000000000       0.75444456596820575       0.33358316361244783       0.49111086806358850     
   10.920000000000000       0.74515125994350140       0.34705446933435224       0.50969748011299720     
   10.940000000000000       0.73563419915890549       0.36065135936370274       0.52873160168218902     
   10.960000000000001       0.72620674989589273       0.37437445660152135       0.54758650020821453     
   10.980000000000000       0.71658038104959298       0.38820278179769224       0.56683923790081403     
   11.000000000000000       0.70704901992301594       0.40213704525980010       0.58590196015396812     
   11.020000000000000       0.69734372734190797       0.41615603971641124       0.60531254531618406     
   11.040000000000001       0.68773876483101637       0.43026057147375135       0.62452247033796726     
   11.060000000000000       0.67798491524419069       0.44442927374918734       0.64403016951161862     
   11.080000000000000       0.66833662016446349       0.45866305795564194       0.66332675967107302     
   11.100000000000000       0.65856444213506471       0.47294046558516861       0.68287111572987058     
   11.120000000000001       0.64890292169907327       0.48726252275321791       0.70219415660185347     
   11.140000000000001       0.63914238631217635       0.50160774599259272       0.72171522737564731     
   11.160000000000000       0.62949746755164826       0.51597728616074812       0.74100506489670348     
   11.180000000000000       0.61977817088903686       0.53034970030206185       0.76044365822192628     
   11.200000000000001       0.61017928396197385       0.54472627443798194       0.77964143207605230     
   11.220000000000001       0.60053033188475191       0.55908567004725063       0.79893933623049618     
   11.240000000000000       0.59100639578076586       0.57342931904093075       0.81798720843846828     
   11.260000000000000       0.58145629152831257       0.58773604947874947       0.83708741694337485     
   11.279999999999999       0.57203560267222708       0.60200745009365797       0.85592879465554583     
   11.300000000000001       0.56261213777117103       0.61622257569499317       0.87477572445765794     
   11.320000000000000       0.55332226200945378       0.63038318286145567       0.89335547598109244     
   11.340000000000000       0.54405241096916801       0.64446861116829635       0.91189517806166398     
   11.359999999999999       0.53492007940599862       0.65848079602271148       0.93015984118800277     
   11.380000000000001       0.52582989865768703       0.67239941748376097       0.94834020268462593     
   11.400000000000000       0.51688090778751006       0.68622660057928186       0.96623818442497988     
   11.420000000000000       0.50799543930236279       0.69994241915403110       0.98400912139527441     
   11.440000000000000       0.49925455586372935       0.71354919829302632        1.0014908882725413     
   11.460000000000001       0.49059773586197764       0.72702745642330624        1.0188045282760447     
   11.480000000000000       0.48208860681345928       0.74037972858914269        1.0358227863730813     
   11.500000000000000       0.47368317995057446       0.75358702602946681        1.0526336400988510     
   11.520000000000000       0.46542824794365717       0.76665210292474129        1.0691435041126858     
   11.540000000000001       0.45729568733254550       0.77955650895329032        1.0854086253349089     
   11.560000000000000       0.44931611202881977       0.79230322568347267        1.1013677759423603     
   11.580000000000000       0.44147654542780040       0.80487438424826518        1.1170469091443991     
   11.600000000000000       0.43379213097859359       0.81727320072359066        1.1324157380428128     
   11.620000000000001       0.42626427344436135       0.82948242811310113        1.1474714531112773     
   11.640000000000001       0.41889340242036649       0.84150552277733792        1.1622131951592669     
   11.660000000000000       0.41169449569318789       0.85332589744131537        1.1766110086136243     
   11.680000000000000       0.40465406971978574       0.86494725297349984        1.1906918605604284     
   11.700000000000001       0.39779982857502255       0.87635369715791700        1.2044003428499548     
   11.720000000000001       0.39110521589603836       0.88754917783213372        1.2177895682079232     
   11.740000000000000       0.38460978166190574       0.89851853073174726        1.2307804366761885     
   11.760000000000000       0.37827477182065894       0.90926595116031306        1.2434504563586821     
   11.779999999999999       0.37215067322708384       0.91977703333315608        1.2556986535458323     
   11.800000000000001       0.36618743901895523       0.93005621835993890        1.2676251219620895     
   11.820000000000000       0.36044556050668292       0.94008988718986386        1.2791088789866341     
   11.840000000000000       0.35486462732221730       0.94988272274272745        1.2902707453555653     
   11.859999999999999       0.34951418490510511       0.95942191877876781        1.3009716301897898     
   11.880000000000001       0.34432440754707172       0.96871239353304306        1.3113511849058566     
   11.900000000000000       0.33937293228399495       0.97774217757755999        1.3212541354320102     
   11.920000000000000       0.33458147930602294       0.98651641532579615        1.3308370413879542     
   11.940000000000000       0.33003480840218530       0.99502399618695936        1.3399303831956293     
   11.960000000000001       0.32564715398076144        1.0032702788538097        1.3487056920384770     
   11.980000000000000       0.32150942950163786        1.0112450317216555        1.3569811409967243     
   12.000000000000000       0.31752935281757994        1.0189538130063123        1.3649412943648400     
   12.020000000000000       0.31380302796240883        1.0263872884552883        1.3723939440751822     
   12.040000000000001       0.31023262003258745        1.0335511981272629        1.3795347599348251     
   12.060000000000000       0.30691847287845531        1.0404371217914816        1.3861630542430894     
   12.080000000000000       0.30375815074370849        1.0470509607084884        1.3924836985125830     
   12.100000000000000       0.30085530533601146        1.0533852237187424        1.3982893893279771     
   12.120000000000001       0.29810383347704844        1.0594459496777302        1.4037923330459030     
   12.140000000000001       0.29560978810764998        1.0652265899914601        1.4087804237846999     
   12.160000000000000       0.29326430692744226        1.0707332945653367        1.4134713861451154     
   12.180000000000000       0.29117496940833970        1.0759604693618889        1.4176500611833207     
   12.200000000000001       0.28923103058720750        1.0809143459149311        1.4215379388255851     
   12.220000000000001       0.28754076029514142        1.0855902952685381        1.4249184794097172     
   12.240000000000000       0.28599236879361778        1.0899945983826924        1.4280152624127644     
   12.260000000000000       0.28469402522995890        1.0941236004643802        1.4306119495400822     
   12.280000000000001       0.28353368768469783        1.0979835970464913        1.4329326246306042     
   12.300000000000001       0.28261868526528017        1.1015719151433616        1.4347626294694398     
   12.320000000000000       0.28183746449490871        1.1048948275196444        1.4363250710101827     
   12.340000000000000       0.28129583325638136        1.1079506491956308        1.4374083334872374     
   12.359999999999999       0.28088340856740912        1.1107455905341881        1.4382331828651818     
   12.380000000000001       0.28070386045028939        1.1132789592901815        1.4385922790994212     
   12.400000000000000       0.28064859340810488        1.1155568617250426        1.4387028131837902     
   12.420000000000000       0.28081859375215074        1.1175796015480948        1.4383628124956984     
   12.440000000000000       0.28110759905886495        1.1193531374088543        1.4377848018822701     
   12.460000000000001       0.28161344292376084        1.1208787706299399        1.4367731141524782     
   12.480000000000000       0.28223266402330682        1.1221622672095113        1.4355346719533864     
   12.500000000000000       0.28305955692707585        1.1232059261167724        1.4338808861458483     
   12.520000000000000       0.28399384593863269        1.1240152744360021        1.4320123081227347     
   12.540000000000001       0.28512598858774163        1.1245936071155855        1.4297480228245167     
   12.560000000000000       0.28635919015130584        1.1249461651672190        1.4272816196973883     
   12.580000000000000       0.28777986672019940        1.1250772360664685        1.4244402665596012     
   12.600000000000000       0.28929490532304608        1.1249917270423111        1.4214101893539079     
   12.620000000000001       0.29098657482690227        1.1246949127702441        1.4180268503461955     
   12.640000000000001       0.29276554516682773        1.1241913187940962        1.4144689096663445     
   12.660000000000000       0.29470993545972790        1.1234871996915827        1.4105801290805442     
   12.680000000000000       0.29673419539039064        1.1225866515966416        1.4065316092192188     
   12.700000000000001       0.29891239931188879        1.1214968996235297        1.4021752013762225     
   12.720000000000001       0.30116266490731092        1.1202215633263826        1.3976746701853782     
   12.740000000000000       0.30355523809360613        1.1187688268248763        1.3928895238127876     
   12.760000000000000       0.30601168036298576        1.1171417868588409        1.3879766392740285     
   12.780000000000001       0.30859874023456813        1.1153495727617153        1.3828025195308637     
   12.800000000000001       0.31124108301500353        1.1133947135402091        1.3775178339699929     
   12.820000000000000       0.31400240845077060        1.1112872675989058        1.3719951830984587     
   12.840000000000000       0.31681002700431332        1.1090291529845826        1.3663799459913735     
   12.859999999999999       0.31972515821273689        1.1066313385958437        1.3605496835745261     
   12.880000000000001       0.32267717805536283        1.1040950903535085        1.3546456438892744     
   12.900000000000000       0.32572551615631229        1.1014322665640195        1.3485489676873754     
   12.920000000000000       0.32880091164991176        1.0986434422748066        1.3423981767001765     
   12.940000000000000       0.33196181748618042        1.0957413415412753        1.3360763650276390     
   12.960000000000001       0.33513950973048573        1.0927258125522317        1.3297209805390287     
   12.980000000000000       0.33839240143588473        1.0896104188295188        1.3232151971282304     
   13.000000000000000       0.34165135500533300        1.0863942488066389        1.3166972899893339     
   13.020000000000000       0.34497580386635923        1.0830916765289869        1.3100483922672814     
   13.040000000000001       0.34829512194717716        1.0797010011729697        1.3034097561056457     
   13.060000000000000       0.35167094610766414        1.0762373756831076        1.2966581077846717     
   13.080000000000000       0.35502996360288930        1.0726982841556174        1.2899400727942214     
   13.100000000000000       0.35843731917563987        1.0690996241236161        1.2831253616487204     
   13.120000000000001       0.36181569336028552        1.0654380427177979        1.2763686132794290     
   13.140000000000001       0.36523516252637284        1.0617301450761112        1.2695296749472544     
   13.160000000000000       0.36861296085140888        1.0579717236485626        1.2627740782971824     
   13.180000000000000       0.37202563654652304        1.0541800515517910        1.2559487269069538     
   13.200000000000001       0.37538342120868723        1.0503500532142545        1.2492331575826254     
   13.220000000000001       0.37877098801648962        1.0464996275119005        1.2424580239670209     
   13.240000000000000       0.38208989693105055        1.0426228220596765        1.2358202061378989     
   13.260000000000000       0.38543470782585981        1.0387381167477014        1.2291305843482805     
   13.280000000000001       0.38869653166120871        1.0348386782784058        1.2226069366775825     
   13.300000000000001       0.39198168026635521        1.0309435203707984        1.2160366394672897     
   13.320000000000000       0.39516893522258167        1.0270449295215938        1.2096621295548367     
   13.340000000000000       0.39837832327629641        1.0231624037566338        1.2032433534474072     
   13.359999999999999       0.40147431931456767        1.0192873549607531        1.1970513613708647     
   13.380000000000001       0.40459271906217514        1.0154397137282609        1.1908145618756496     
   13.400000000000000       0.40758162331765080        1.0116100278625308        1.1848367533646984     
   13.420000000000000       0.41059473457696560        1.0078186067084376        1.1788105308460688     
   13.440000000000000       0.41346162971499079        1.0040551494728294        1.1730767405700184     
   13.460000000000001       0.41635613139102040        1.0003402885058528        1.1672877372179591     
   13.480000000000000       0.41908706869430029       0.99666289484401605        1.1618258626113995     
   13.500000000000000       0.42185066454947262       0.99304386633644093        1.1562986709010548     
   13.520000000000000       0.42443271155268253       0.98947127117284095        1.1511345768946351     
   13.540000000000001       0.42705417006968588       0.98596621361344317        1.1458916598606281     
   13.560000000000000       0.42947545258735587       0.98251598914833349        1.1410490948252883     
   13.580000000000000       0.43194464079313477       0.97914184797059312        1.1361107184137305     
   13.600000000000000       0.43419437921650567       0.97583034773880406        1.1316112415669886     
   13.620000000000001       0.43650229036783289       0.97260282291188116        1.1269954192643343     
   13.640000000000001       0.43857083013654735       0.96944513277546562        1.1228583397269052     
   13.660000000000000       0.44070960519972324       0.96637863340916574        1.1185807896005535     
   13.680000000000000       0.44258844138453235       0.96338852961752663        1.1148231172309353     
   13.700000000000001       0.44455138427398017       0.96049613569586534        1.1108972314520398     
   13.720000000000001       0.44623318023694969       0.95768605011023167        1.1075336395261006     
   13.740000000000000       0.44801476680961422       0.95497948143138633        1.1039704663807717     
   13.760000000000000       0.44949336693844599       0.95236047397371237        1.1010132661231080     
   13.780000000000001       0.45108924777279896       0.94985006633731561        1.0978215044544020     
   13.800000000000001       0.45235968431568679       0.94743180468688348        1.0952806313686265     
   13.820000000000000       0.45376668133563475       0.94512649333300658        1.0924666373287306     
   13.840000000000000       0.45482517539239448       0.94291723985758047        1.0903496492152112     
   13.859999999999999       0.45604127242731568       0.94082455012546007        1.0879174551453685     
   13.880000000000001       0.45688522918122143       0.93883115599779554        1.0862295416375571     
   13.900000000000000       0.45790955658357435       0.93695720113667469        1.0841808868328513     
   13.920000000000000       0.45853755488624814       0.93518510755182482        1.0829248902275037     
   13.940000000000000       0.45937036835754830       0.93353459358129776        1.0812592632849034     
   13.960000000000001       0.45978214480625390       0.93198783995560142        1.0804357103874922     
   13.980000000000000       0.46042479861056379       0.93056407743879710        1.0791504027788723     
   14.000000000000000       0.46062122628321461       0.92924531643787400        1.0787575474335709     
   14.020000000000000       0.46107614105449740       0.92805023899779093        1.0778477178910051     
   14.040000000000001       0.46105920309247661       0.92696075820844526        1.0778815938150468     
   14.060000000000000       0.46132982846810000       0.92599494758602763        1.0773403430638000     
   14.080000000000000       0.46110258672049159       0.92513469761586276        1.0777948265590167     
   14.100000000000000       0.46119335905770859       0.92439741503799133        1.0776132818845827     
   14.120000000000001       0.46075991802264155       0.92376504379690672        1.0784801639547168     
   14.140000000000001       0.46067621347790760       0.92325426739364058        1.0786475730441847     
   14.160000000000000       0.46004167979731986       0.92284716028329772        1.0799166404053602     
   14.180000000000000       0.45978976306972347       0.92255962826651716        1.0804204738605532     
   14.200000000000001       0.45896020085286321       0.92237395397758204        1.0820795982942735     
   14.220000000000001       0.45854716991265165       0.92230521326773574        1.0829056601746967     
   14.240000000000000       0.45752955218097047       0.92233597486019492        1.0849408956380591     
   14.260000000000000       0.45696327932205644       0.92248043482438369        1.0860734413558872     
   14.280000000000001       0.45576543588373486       0.92272152574372157        1.0884691282325303     
   14.300000000000001       0.45505450545509196       0.92307251668681267        1.0898909890898161     
   14.320000000000000       0.45368506753120902       0.92351678134837412        1.0926298649375821     
   14.340000000000000       0.45283871071613707       0.92406661737941975        1.0943225785677257     
   14.359999999999999       0.45130705265239834       0.92470591593493767        1.0973858946952033     
   14.380000000000001       0.45033507967670200       0.92544596181394823        1.0993298406465959     
   14.400000000000000       0.44865125808462908       0.92627123869810024        1.1026974838307417     
   14.420000000000000       0.44756398824475779       0.92719198025320393        1.1048720235104845     
   14.440000000000000       0.44573867892428404       0.92819333609423926        1.1085226421514318     
   14.460000000000001       0.44454686883438738       0.92928445378656432        1.1109062623312251     
   14.480000000000000       0.44259130183587519       0.93045122025349236        1.1148173963282497     
   14.500000000000000       0.44130607229850999       0.93170166545675714        1.1173878554029799     
   14.520000000000000       0.43923196548629345       0.93302248260646226        1.1215360690274130     
   14.540000000000001       0.43786472739515864       0.93442055616028341        1.1242705452096828     
   14.560000000000000       0.43568421887681746       0.93588345184113264        1.1286315622463650     
   14.580000000000000       0.43424659856138487       0.93741688443147109        1.1315068028772304     
   14.600000000000000       0.43197217834708285       0.93900935529563756        1.1360556433058342     
   14.620000000000001       0.43047594276834306       0.94066538921261722        1.1390481144633138     
   14.640000000000001       0.42812038402273445       0.94237448288733905        1.1437592319545311     
   14.660000000000000       0.42657736622650183       0.94413995470990264        1.1468452675469964     
   14.680000000000000       0.42415365647195330       0.94595235267831168        1.1516926870560935     
   14.700000000000001       0.42257568170130200       0.94781377643673692        1.1548486365973960     
   14.720000000000001       0.42009695432553723       0.94971587718163475        1.1598060913489254     
   14.740000000000000       0.41849576718700854       0.95165952755289840        1.1630084656259829     
   14.760000000000000       0.41597523360080629       0.95363752952194392        1.1680495327983875     
   14.780000000000001       0.41436242667008694       0.95564952461909614        1.1712751466598261     
   14.800000000000001       0.41181330945141481       0.95768950857717772        1.1763733810971704     
   14.820000000000000       0.41020025369329544       0.95975589190240063        1.1795994926134092     
   14.840000000000000       0.40763572104330797       0.96184390224650029        1.1847285579133842     
   14.859999999999999       0.40603349840796049       0.96395072338812160        1.1879330031840789     
   14.880000000000001       0.40346660023171460       0.96607284801163151        1.1930667995365707     
   14.900000000000000       0.40188593877475726       0.96820624167809988        1.1962281224504854     
   14.920000000000000       0.39932954468538423       0.97034868998522217        1.2013409106292317     
   14.940000000000000       0.39778075654292144       0.97249495298377442        1.2044384869141571     
   14.960000000000001       0.39524749607244219       0.97464413167026442        1.2095050078551157     
   14.980000000000000       0.39374041860437192       0.97678979745462358        1.2125191627912562     
   15.000000000000000       0.39124262388745285       0.97893238368860458        1.2175147522250942     
   15.020000000000000       0.38978656428293107       0.98106429411844676        1.2204268714341380     
   15.040000000000001       0.38733621546176084       0.98318730577417512        1.2253275690764784     
   15.060000000000000       0.38593989907991533       0.98529267974920021        1.2281202018401693     
   15.080000000000000       0.38354857265915759       0.98738354236745784        1.2329028546816847     
   15.100000000000000       0.38222009535607038       0.98945004102046608        1.2355598092878592     
   15.120000000000001       0.37989891571663043       0.99149665119148211        1.2402021685667393     
   15.140000000000001       0.37864570038638656       0.99351243934793054        1.2427085992272269     
   15.160000000000000       0.37640529464565220       0.99550322423630333        1.2471894107086956     
   15.180000000000000       0.37523405217901107       0.99745702787204227        1.2495318956419779     
   15.200000000000001       0.37308450856341641       0.99938100062790314        1.2538309828731671     
   15.220000000000001       0.37200120340253834        1.0012621600822449        1.2559975931949232     
   15.240000000000000       0.36995203327588561        1.0031089709086967        1.2600959334482287     
   15.260000000000000       0.36896185371767792        1.0049074896363051        1.2620762925646440     
   15.280000000000001       0.36702195738577487        1.0066674723098530        1.2659560852284502     
   15.300000000000001       0.36612929075994943        1.0083740609821641        1.2677414184801012     
   15.320000000000000       0.36430692714891050        1.0100382746503100        1.2713861457021789     
   15.340000000000000       0.36351533996991497        1.0116443904450154        1.2729693200601702     
   15.359999999999999       0.36181810025207317        1.0132046565531900        1.2763637994958537     
   15.380000000000001       0.36113032341681062        1.0147025374986904        1.2777393531663788     
   15.400000000000000       0.35956510863472679        1.0161514717271358        1.2808697827305464     
   15.420000000000000       0.35898302771056423        1.0175341659975758        1.2820339445788715     
   15.440000000000000       0.35755603042623951        1.0188652051175162        1.2848879391475210     
   15.460000000000001       0.35708068104636292        1.0201265952028760        1.2858386379072742     
   15.480000000000000       0.35579737101958958        1.0213340187901403        1.2884052579608207     
   15.500000000000000       0.35542893937544051        1.0224688404948081        1.2891421212491190     
   15.520000000000000       0.35429405325239716        1.0235477874678593        1.2914118934952057     
   15.540000000000001       0.35403188164586041        1.0245516437198883        1.2919362367082792     
   15.560000000000000       0.35304941661669936        1.0254981236978031        1.2939011667666014     
   15.580000000000000       0.35289201400804487        1.0263674931795608        1.2942159719839101     
   15.600000000000000       0.35206522537045165        1.0271783926837825        1.2958695492590966     
   15.620000000000001       0.35201028283189867        1.0279106333228276        1.2959794343362026     
   15.640000000000001       0.35134168537655075        1.0285837168742415        1.2973166292468985     
   15.660000000000000       0.35138609633585233        1.0291770642607299        1.2972278073282952     
   15.680000000000000       0.35087746944947418        1.0297109704507870        1.2982450611010516     
   15.700000000000001       0.35101735458324068        1.0301645312745553        1.2979652908335186     
   15.720000000000001       0.35066975094565844        1.0305587639155001        1.2986604981086831     
   15.740000000000000       0.35090048755836989        1.0308725045419025        1.2981990248832602     
   15.760000000000000       0.35071424529170997        1.0311274190266426        1.2985715094165799     
   15.780000000000001       0.35103050099362804        1.0313021493552019        1.2979389980127438     
   15.800000000000001       0.35100525910467606        1.0314189343817770        1.2979894817906479     
   15.820000000000000       0.35140102958026204        1.0314562871555719        1.2971979408394758     
   15.840000000000000       0.35153574652108932        1.0314369419944793        1.2969285069578214     
   15.860000000000001       0.35200439715916998        1.0313393477508495        1.2959912056816600     
   15.880000000000001       0.35229737231652519        1.0311866552554962        1.2954052553669495     
   15.900000000000000       0.35283168345441918        1.0309573131299696        1.2943366330911616     
   15.920000000000000       0.35328058136514268        1.0306748087111610        1.2934388372697145     
   15.940000000000000       0.35387279688135032        1.0303176533264005        1.2922544062372994     
   15.960000000000001       0.35447467395926535        1.0299095901310089        1.2910506520814693     
   15.980000000000000       0.35511655293321798        1.0294292548209414        1.2897668941335640     
   16.000000000000000       0.35586788648263668        1.0289005653724828        1.2882642270347266     
   16.020000000000000       0.35655075762546568        1.0283023420085526        1.2868984847490688     
   16.039999999999999       0.35744747690766793        1.0276585965834459        1.2851050461846643     
   16.059999999999999       0.35816229545505157        1.0269483922850176        1.2836754090898967     
   16.080000000000002       0.35919981456688643        1.0261957543125657        1.2816003708662271     
   16.100000000000001       0.35993722131381722        1.0253800453368345        1.2801255573723656     
   16.120000000000001       0.36111047363196591        1.0245252241235272        1.2777790527360682     
   16.140000000000001       0.36186085577979654        1.0236110072418607        1.2762782884404069     
   16.160000000000000       0.36316432972024137        1.0226612083312885        1.2736713405595173     
   16.180000000000000       0.36391788319864754        1.0216559500086075        1.2721642336027048     
   16.199999999999999       0.36534565903851929        1.0206188234971594        1.2693086819229613     
   16.219999999999999       0.36609245195908646        1.0195304071987870        1.2678150960818271     
   16.240000000000002       0.36763823946731217        1.0184139943342534        1.2647235210653758     
   16.260000000000002       0.36836827636132824        1.0172506662906007        1.2632634472773434     
   16.280000000000001       0.37002545298535860        1.0160633446858758        1.2599490940292828     
   16.300000000000001       0.37072873947607715        1.0148336584493132        1.2585425210478456     
   16.320000000000000       0.37249038883441826        1.0135840862465439        1.2550192223311636     
   16.340000000000000       0.37315699639354766        1.0122968463769291        1.2536860072129046     
   16.359999999999999       0.37501594682782197        1.0109939056986630        1.2499681063443560     
   16.379999999999999       0.37563607726727666        1.0096581109141440        1.2487278454654467     
   16.399999999999999       0.37758494021305439        1.0083108509373901        1.2448301195738911     
   16.420000000000002       0.37814898956605630        1.0069356370654241        1.2437020208678873     
   16.440000000000001       0.38018019750868032        1.0055532170519692        1.2396396049826395     
   16.460000000000001       0.38067881895908573        1.0041478001119100        1.2386423620818285     
   16.480000000000000       0.38278466274910267        1.0027394327238282        1.2344306745017946     
   16.500000000000000       0.38320882827431474        1.0013130524670724        1.2335823434513706     
   16.520000000000000       0.38538149358685547       0.99988794769021061        1.2292370128262891     
   16.539999999999999       0.38572255398781413       0.99844981191669757        1.2285548920243716     
   16.559999999999999       0.38795415672126432       0.99701712190691871        1.2240916865574714     
   16.580000000000002       0.38820389972272662       0.99557635186796589        1.2235922005545468     
   16.600000000000001       0.39048652014421070       0.99414511702534736        1.2190269597115786     
   16.620000000000001       0.39063722625977976       0.99271069421224711        1.2187255474804406     
   16.640000000000001       0.39296294171826091       0.99128979077717305        1.2140741165634781     
   16.660000000000000       0.39300743758732160       0.98987050538292776        1.2139851248253568     
   16.680000000000000       0.39536835362940115       0.98846859483525606        1.2092632927411977     
   16.699999999999999       0.39530006254719130       0.98707299616327593        1.2093998749056174     
   16.719999999999999       0.39768834228587485       0.98569847669153010        1.2046233154282504     
   16.740000000000002       0.39750133166328261       0.98433482577017717        1.2049973366734348     
   16.760000000000002       0.39990922326595868       0.98299578606219928        1.2001815534680826     
   16.780000000000001       0.39959824877219535       0.98167201070783172        1.2008035024556092     
   16.800000000000001       0.40201811095074064       0.98037618629749546        1.1959637780985188     
   16.820000000000000       0.40157865710970064       0.97909983885128615        1.1968426857805987     
   16.840000000000000       0.40400298251286609       0.97785457123798658        1.1919940349742677     
   16.859999999999999       0.40343129954264961       0.97663278918329977        1.1931374009147007     
   16.879999999999999       0.40585273596858307       0.97544498792197598        1.1882945280628339     
   16.899999999999999       0.40514587267322177       0.97428445756967863        1.1897082546535565     
   16.920000000000002       0.40755724203802335       0.97316056550930274        1.1848855159239533     
   16.940000000000001       0.40671307458080475       0.97206748891814876        1.1865738508383905     
   16.960000000000001       0.40910738959727500       0.97101345074601275        1.1817852208054500     
   16.980000000000000       0.40812464600610066       0.96999351602427941        1.1837507079877987     
   17.000000000000000       0.41049512454520720       0.96901475025216477        1.1790097509095856     
   17.020000000000000       0.40937340482203038       0.96807310536520141        1.1812531903559393     
   17.039999999999999       0.41171348194796675       0.96717447987175664        1.1765730361040665     
   17.059999999999999       0.41045327367642404       0.96631571005814165        1.1790934526471519     
   17.080000000000002       0.41275661136434710       0.96550152127963784        1.1744867772713059     
   17.100000000000001       0.41135930073211263       0.96472963015634294        1.1772813985357748     
   17.120000000000001       0.41361979529560361       0.96400358599559688        1.1727604094087929     
   17.140000000000001       0.41208767347064068       0.96332198041010664        1.1758246530587186     
   17.160000000000000       0.41429946074352392       0.96268718691082034        1.1714010785129521     
   17.180000000000000       0.41263572556617140       0.96209866557560741        1.1747285488676571     
   17.199999999999999       0.41479318390043485       0.96155761738688028        1.1704136321991303     
   17.219999999999999       0.41300193687603426       0.96106436330921330        1.1739961262479315     
   17.240000000000002       0.41509968803411273       0.96061893794259601        1.1698006239317746     
   17.260000000000002       0.41318592663354542       0.96022251464039388        1.1736281467329093     
   17.280000000000001       0.41521883466905091       0.95987397049975376        1.1695623306618983     
   17.300000000000001       0.41318843996700033       0.95957532197229567        1.1736231200659994     
   17.320000000000000       0.41515160820301078       0.95932430011504111        1.1696967835939784     
   17.340000000000000       0.41301132790589212       0.95912375451587450        1.1739773441882158     
   17.359999999999999       0.41490009413404455       0.95897028408287699        1.1701998117319108     
   17.379999999999999       0.41265752107124171       0.95886756102135973        1.1746849578575165     
   17.400000000000002       0.41446745110803052       0.95881106825233264        1.1710650977839390     
   17.420000000000002       0.41213099728125507       0.95880528963004785        1.1757380054374900     
   17.440000000000001       0.41385787703002530       0.95884461036127988        1.1722842459399494     
   17.460000000000001       0.41143674333616120       0.95893431463013190        1.1771265133276776     
   17.480000000000000       0.41307656951423360       0.95906771015249070        1.1738468609715329     
   17.500000000000000       0.41058071127686752       0.95925086986275132        1.1788385774462649     
   17.520000000000000       0.41212968097696756       0.95947604599978253        1.1757406380460649     
   17.539999999999999       0.40956976944083656       0.95975008848884569        1.1808604611183269     
   17.559999999999999       0.41102426870445991       0.96006421773779416        1.1779514625910803     
   17.580000000000002       0.40841164866519636       0.96042604879390781        1.1831767026696074     
   17.600000000000001       0.40976824025267322       0.96082579535655543        1.1804635194946536     
   17.620000000000001       0.40711488401141216       0.96127182567654279        1.1857702319771757     
   17.640000000000001       0.40837029455918672       0.96175337319207976        1.1832594108816266     
   17.660000000000000       0.40568875240775426       0.96227954743797828        1.1886224951844915     
   17.680000000000000       0.40683985916773358       0.96283862921665575        1.1863202816645328     
   17.699999999999999       0.40414320662518988       0.96344045746348028        1.1917135867496202     
   17.719999999999999       0.40518702398390921       0.96407238900775016        1.1896259520321815     
   17.740000000000002       0.40248880601911979       0.96474498036318868        1.1950223879617603     
   17.760000000000002       0.40342247199589687       0.96544469395225962        1.1931550560082063     
   17.780000000000001       0.40073664448349772       0.96618279211916736        1.1985267110330047     
   17.800000000000001       0.40155740740669604       0.96694487322369971        1.1968851851866078     
   17.820000000000000       0.39889827607525929       0.96774289376773526        1.2022034478494814     
   17.840000000000000       0.39960348163424442       0.96856161905355298        1.2007930367315112     
   17.859999999999999       0.39698563877560183       0.96941368813130002        1.2060287224487962     
   17.879999999999999       0.39757271764296254       0.97028306480472271        1.2048545647140749     
   17.900000000000002       0.39501097686047637       0.97118305910214164        1.2099780462790473     
   17.920000000000002       0.39547743307460864       0.97209686534474860        1.2090451338507826     
   17.940000000000001       0.39298676235566915       0.97303845297183100        1.2140264752886618     
   17.960000000000001       0.39333016264790877       0.97399027920924686        1.2133396747041825     
   17.980000000000000       0.39092561605206921       0.97496696129431837        1.2181487678958616     
   18.000000000000000       0.39114358029524054       0.97595025204185692        1.2177128394095189     
   18.020000000000000       0.38884022855416811       0.97695540476808340        1.2223195428916638     
   18.039999999999999       0.38893042150073542       0.97796350079593131        1.2221391569985292     
   18.059999999999999       0.38674328182955503       0.97899041762317729        1.2265134363408898     
   18.080000000000002       0.38670340629756655       0.98001659818509312        1.2265931874048670     
   18.100000000000001       0.38464737171921548       0.98105853200244253        1.2307052565615690     
   18.120000000000001       0.38447516337297827       0.98209605687475443        1.2310496732540435     
   18.140000000000001       0.38256493185788193       0.98314626183254517        1.2348701362842363     
   18.160000000000000       0.38225815571786381       0.98418841291447812        1.2354836885642724     
   18.180000000000000       0.38050815944061012       0.98524018568975280        1.2389836811187798     
   18.199999999999999       0.38006460824350624       0.98628030792176447        1.2398707835129876     
   18.219999999999999       0.37848894325626115       0.98732702817743878        1.2430221134874777     
   18.240000000000002       0.37790643777156846       0.98835856954126478        1.2441871244568632     
   18.260000000000002       0.37651879439077601       0.98939373934702934        1.2469624112184481     
   18.280000000000001       0.37579518578467630       0.99041028971944911        1.2484096284306474     
   18.300000000000001       0.37460877998315484       0.99142757171144624        1.2507824400336904     
   18.320000000000000       0.37374195430410967       0.99242290035334313        1.2525160913917808     
   18.340000000000000       0.37276946039504327       0.99341615441986564        1.2544610792099133     
   18.359999999999999       0.37175734523835025       0.99438424589285956        1.2564853095232995     
   18.379999999999999       0.37101083013092345       0.99534756418464820        1.2579783397381532     
   18.400000000000002       0.36985140352167906       0.99628265249942749        1.2602971929566418     
   18.420000000000002       0.36934226282027199       0.99721039257554056        1.2613154743594559     
   18.440000000000001       0.36803356433583861       0.99810699338882558        1.2639328713283229     
   18.460000000000001       0.36777246054584423       0.99899380932241399        1.2644550789083115     
   18.480000000000000       0.36631260468014004       0.99984675001325873        1.2673747906397199     
   18.500000000000000       0.36630940777364762        1.0006876212958016        1.2673811844527048     
   18.520000000000000       0.36469659952648675        1.0014920687665307        1.2706068009470264     
   18.539999999999999       0.36496033011036150        1.0022823268641314        1.2700793397792771     
   18.559999999999999       0.36319288276578165        1.0030338129265544        1.2736142344684367     
   18.580000000000002       0.36373165808312596        1.0037691653575842        1.2725366838337480     
   18.600000000000001       0.36180801312127631        1.0044636095811164        1.2763839737574474     
   18.620000000000001       0.36262899610495525        1.0051401614008055        1.2747420077900895     
   18.640000000000001       0.36054774517279592        1.0057738913156655        1.2789045096544083     
   18.660000000000000       0.36165709675671803        1.0063881639100309        1.2766858064865638     
   18.680000000000000       0.35941700560363066        1.0069579324756615        1.2811659887927387     
   18.699999999999999       0.36081984048387022        1.0075068795843434        1.2783603190322594     
   18.719999999999999       0.35841987474941223        1.0080098798505306        1.2831602505011754     
   18.740000000000002       0.36012022077311379        1.0084909007555580        1.2797595584537724     
   18.760000000000002       0.35755957349569450        1.0089247776612893        1.2848808530086111     
   18.780000000000001       0.35956033484108901        1.0093357274964483        1.2808793303178221     
   18.800000000000001       0.35683845553841792        1.0096985867692567        1.2863230889231643     
   18.820000000000000       0.35914137983427857        1.0100377839224359        1.2817172403314427     
   18.840000000000000       0.35625800498915350        1.0103281980586911        1.2874839900216930     
   18.859999999999999       0.35886365450670082        1.0105944286572748        1.2822726909865985     
   18.879999999999999       0.35581883927518260        1.0108114399815624        1.2883623214496347     
   18.900000000000002       0.35872656630988653        1.0110039594684763        1.2825468673802269     
   18.920000000000002       0.35552071725325302        1.0111470802876708        1.2889585654934939     
   18.940000000000001       0.35872864379824804        1.0112656121130204        1.2825427124035040     
   18.960000000000001       0.35536255242544634        1.0113348219978873        1.2892748951491073     
   18.980000000000000       0.35886755422244315        1.0113795534681058        1.2822648915551138     
   19.000000000000000       0.35534243111616010        1.0113752937120679        1.2893151377676797     
   19.020000000000000       0.35914012615387420        1.0113468690550484        1.2817197476922515     
   19.039999999999999       0.35545763544092424        1.0112700343761734        1.2890847291181515     
   19.059999999999999       0.35954237695521335        1.0111695450969003        1.2809152460895734     
   19.080000000000002       0.35570467087078472        1.0110214726649234        1.2885906582584306     
   19.100000000000001       0.36006954488495990        1.0108504452815432        1.2798609102300802     
   19.120000000000001       0.35607929817045247        1.0106329011669370        1.2878414036590951     
   19.140000000000001       0.36071612559865851        1.0103932824319493        1.2785677488026830     
   19.160000000000000       0.35657656946446548        1.0101084455884592        1.2868468610710690     
   19.180000000000000       0.36147591278567809        1.0098025853136543        1.2770481744286437     
   19.199999999999999       0.35719086816337819        1.0094530292193664        1.2856182636732436     
   19.219999999999999       0.36234204265848940        1.0090836608362630        1.2753159146830213     
   19.240000000000002       0.35791595246158980        1.0086723329309835        1.2841680950768204     
   19.260000000000002       0.36330704199130093        1.0082425519306955        1.2733859160173981     
   19.280000000000001       0.35874500209995552        1.0077727509992342        1.2825099958000890     
   19.300000000000001       0.36436287938681727        1.0072859914069077        1.2712742412263656     
   19.320000000000000       0.35967066806988823        1.0067613430686304        1.2806586638602235     
   19.340000000000000       0.36550101943386004        1.0062213521177683        1.2689979611322799     
   19.359999999999999       0.36068512492132621        1.0056457825924767        1.2786297501573476     
   19.379999999999999       0.36671247940471463        1.0050565937735312        1.2665750411905707     
   19.400000000000002       0.36178012532478809        1.0044343021023567        1.2764397493504238     
   19.420000000000002       0.36798788812939770        1.0038002067679135        1.2640242237412047     
   19.440000000000001       0.36294705652780695        1.0031356356753343        1.2741058869443860     
   19.460000000000001       0.36931754667462852        1.0024611533909851        1.2613649066507429     
   19.480000000000000       0.36417699833837258        1.0017589589803069        1.2716460033232548     
   19.500000000000000       0.37069149044816874        1.0010488068158743        1.2586170191036625     
   19.520000000000000       0.36546078226263906        1.0003138272955832        1.2690784354747220     
   19.539999999999999       0.37209955234438624       0.99957288825568114        1.2558008953112276     
   19.559999999999999       0.36678905142108553       0.99881011189783342        1.2664218971578289     
   19.580000000000002       0.37353142654441124       0.99804340269388048        1.2529371469111776     
   19.600000000000001       0.36815232086654731       0.99725793522825590        1.2636953582669053     
   19.620000000000001       0.37497673258407460       0.99647057359586744        1.2500465348318508     
   19.640000000000001       0.36954103792904641       0.99566760524489539        1.2609179241419071     
   19.660000000000000       0.37642507930493219       0.99486477701123488        1.2471498413901356     
   19.680000000000000       0.37094564221611637       0.99404954937073176        1.2581087155677673     
   19.699999999999999       0.37786612830804872       0.99323647547571803        1.2442677433839027     
   19.719999999999999       0.37235662490328858       0.99241424844529136        1.2552867501934228     
   19.740000000000002       0.37928965653679303       0.99159615211873064        1.2414206869264139     
   19.760000000000002       0.37376458695753595       0.99077217108327287        1.2524708260849282     
   19.780000000000001       0.38068561762362407       0.98995424537691623        1.2386287647527519     
   19.800000000000001       0.37516029594667866       0.98913370883698082        1.2496794081066427     
   19.820000000000000       0.38204420164665054       0.98832108470624680        1.2359115967066989     
   19.840000000000000       0.37653474109997265       0.98750911255035778        1.2469305178000547     
   19.859999999999999       0.38335589295454425       0.98670682767514395        1.2332882140909116     
   19.879999999999999       0.37787918629922751       0.98590843028114494        1.2442416274015451     
   19.900000000000002       0.38461152573308094       0.98512139880861938        1.2307769485338382     
   19.920000000000002       0.37918522069573529       0.98434144715422922        1.2416295586085293     
   19.940000000000001       0.38580233700306987       0.98357443053904281        1.2283953259938603     
   19.960000000000001       0.38044480666592667       0.98281762749376400        1.2391103866681465     
   19.980000000000000       0.38692001675759913       0.98207520660258840        1.2261599664848017     
   20.000000000000000       0.38165032483787825       0.98134605956416410        1.2366993503242436     
