   0.00000000       1.00000000       0.00000000    
   7.5000000000000000        1.0000000000000000        0.0000000000000000        0.0000000000000000     
   7.5200000000000005        1.0000000000000000        0.0000000000000000        0.0000000000000000     
   7.5400000000000000       0.99944048528751284        0.0000000000000000        4.4761176998973088E-004
   7.5600000000000005       0.99776179912922169        4.0000000000000002E-004   1.7905606966226451E-003
   7.5800000000000001       0.99608484714064216        1.1999999999999999E-003   3.1321222874862720E-003
   7.6000000000000005       0.99329246510199676        2.3986883017920431E-003   5.3660279184025942E-003
   7.6200000000000001       0.99050372649519280        3.9960648976621431E-003   7.5970188038457570E-003
   7.6400000000000006       0.98660702918287169        5.9895109730210292E-003   1.0714376653702652E-002
   7.6600000000000001       0.98271604789342093        8.3790269663972135E-003   1.3827161685263257E-002
   7.6799999999999997       0.97772828433423964        1.1160696403451374E-002   1.7817372532608289E-002
   7.7000000000000002       0.97274845791739573        1.4334521012352490E-002   2.1801233666083421E-002
   7.7199999999999998       0.96668669260566142        1.7895301032430512E-002   2.6650645915470863E-002
   7.7400000000000002       0.96063521630882798        2.1843040617451150E-002   3.1491826952937618E-002
   7.7599999999999998       0.95352026015363467        2.6171276052455835E-002   3.7183791877092268E-002
   7.7800000000000002       0.94641805497244291        3.0880015226124349E-002   4.2865556022045670E-002
   7.7999999999999998       0.93827438045073353        3.5961554799265001E-002   4.9380495639413186E-002
   7.8200000000000003       0.93014600549575588        4.1415907739425092E-002   5.5883195603395303E-002
   7.8399999999999999       0.92100164639000415        4.7234160445581194E-002   6.3198682887996682E-002
   7.8600000000000003       0.91187519596367583        5.3416332187668038E-002   7.0499843229059334E-002
   7.8799999999999999       0.90176163213442018        5.9952333523974895E-002   7.8590694292463861E-002
   7.9000000000000004       0.89166861798854669        6.6842190962023013E-002   8.6665105609162657E-002
   7.9199999999999999       0.88062064570140675        7.4074678714677086E-002   9.5503483438874603E-002
   7.9400000000000004       0.86959586501437192        8.1649830997026995E-002  0.10432330798850248     
   7.9600000000000000       0.85765145340825744        8.9555330247017353E-002  0.11387883727339405     
   7.9800000000000004       0.84573284308737395        9.7791218210195430E-002  0.12341372553010084     
   8.0000000000000000       0.83293297743502170       0.10634413517889209       0.13365361805198264     
   8.0199999999999996       0.82016145541305463       0.11521412942222903       0.14387083566955630     
   8.0400000000000009       0.80654996788646860       0.12438685373770808       0.15476002569082514     
   8.0600000000000005       0.79296926214187835       0.13386236090214954       0.16562459028649734     
   8.0800000000000001       0.77859265085338170       0.14362537582901741       0.17712587931729465     
   8.0999999999999996       0.76424911694095288       0.15367595260646508       0.18860070644723770     
   8.1200000000000010       0.74915635408506920       0.16399795274596074       0.20067491673194465     
   8.1400000000000006       0.73409878201700585       0.17459142711056599       0.21272097438639534     
   8.1600000000000001       0.71834111198897010       0.18543944304406396       0.22532711040882392     
   8.1799999999999997       0.70262052335593950       0.19654204216436774       0.23790358131524841     
   8.1999999999999993       0.68625125176900970       0.20788157148226455       0.25099899858479224     
   8.2200000000000006       0.66992068803573079       0.21945805574311922       0.26406344957141537     
   8.2400000000000002       0.65299496260136358       0.23125319987263207       0.27760402991890915     
   8.2599999999999998       0.63610926555188807       0.24326700240862259       0.29111258755848957     
   8.2799999999999994       0.61868384982400471       0.25548060862842314       0.30505292014079627     
   8.3000000000000007       0.60129943516759787       0.26789397974617879       0.31896045186592170     
   8.3200000000000003       0.58343247618439054       0.28048778775317201       0.33325401905248758     
   8.3399999999999999       0.56560710136366377       0.29326194359867180       0.34751431890906903     
   8.3599999999999994       0.54735789224747444       0.30619673597273384       0.36211368620202045     
   8.3800000000000008       0.52915041951597142       0.31929201078157021       0.37667966438722289     
   8.4000000000000004       0.51057915811356713       0.33252776667779677       0.39153667350914634     
   8.4199999999999999       0.49204931397020579       0.34590376793148236       0.40636054882383538     
   8.4399999999999995       0.47321685863214230       0.35939981931654158       0.42142651309428614     
   8.4600000000000009       0.45442499071464870       0.37301558511640132       0.43646000742828106     
   8.4800000000000004       0.43539261432326903       0.38673077485601609       0.45168590854138480     
   8.5000000000000000       0.41639944687192115       0.40054493281805664       0.46688044250246308     
   8.5199999999999996       0.39722859023282658       0.41443777391649200       0.48221712781373882     
   8.5400000000000009       0.37809497923941293       0.42840870088592481       0.49752401660846968     
   8.5600000000000005       0.35884700495094812       0.44243753617564685       0.51292239603924150     
   8.5800000000000001       0.33963369410582595       0.45652351805846786       0.52829304471533922     
   8.5999999999999996       0.32036964201525892       0.47064667963887841       0.54370428638779289     
   8.6200000000000010       0.30113702055779973       0.48480607065006792       0.55909038355376028     
   8.6400000000000006       0.28191736590150906       0.49898203837836663       0.57446610727879277     
   8.6600000000000001       0.26272522946610571       0.51317341901184066       0.58981981642711545     
   8.6799999999999997       0.24360964477429717       0.52736097735658916       0.60511228418056229     
   8.7000000000000011       0.22451696030558002       0.54154331039095549       0.62038643175553609     
   8.7200000000000006       0.20556408212997196       0.55570170296973243       0.63554873429602243     
   8.7400000000000002       0.18662875791706779       0.56983448683608806       0.65069699366634581     
   8.7599999999999998       0.16789595941276000       0.58392356797267497       0.66568323246979200     
   8.7799999999999994       0.14917462126349323       0.59796698682607707       0.68066030298920543     
   8.8000000000000007       0.13071779162405409       0.61194736947975170       0.69542576670075684     
   8.8200000000000003       0.11226556616612279       0.62586243933445407       0.71018754706710174     
   8.8399999999999999        9.4138897874003188E-002  0.63969563877412117       0.72468888170079748     
   8.8599999999999994        7.6009203931579838E-002  0.65344434908408167       0.73919263685473613     
   8.8800000000000008        5.8264988744523141E-002  0.66709292170297307       0.75338800900438152     
   8.9000000000000004        4.0509337695670472E-002  0.68063837179337894       0.76759252984346371     
   8.9199999999999999        2.3197772244088234E-002  0.69406604848578002       0.78144178220472948     
   8.9399999999999995        5.8655782171028251E-003  0.70737257826824873       0.79530753742631777     
   8.9600000000000009       -1.0965419962302034E-002  0.72054439181797325       0.80877233596984155     
   8.9800000000000004       -2.7827019246726488E-002  0.73357770625149998       0.82226161539738118     
   9.0000000000000000       -4.4131984469199213E-002  0.74646011221253306       0.83530558757535944     
   9.0199999999999996       -6.0478295457969899E-002  0.75918739900403009       0.84838263636637601     
   9.0400000000000009       -7.6214374725714448E-002  0.77174838958663816       0.86097149978057164     
   9.0600000000000005       -9.2003303701702774E-002  0.78413842965884784       0.87360264296136225     
   9.0800000000000001      -0.10713040496046858       0.79634764016942072       0.88570432396837495     
   9.0999999999999996      -0.12232260098670407       0.80837091045991283       0.89785808078936324     
   9.1200000000000010      -0.13680352821143521       0.82019971787960833       0.90944282256914821     
   9.1400000000000006      -0.15136251278257445       0.83182848607233906       0.92109001022605952     
   9.1600000000000001      -0.16516308736475147       0.84325009939810447       0.93213046989180115     
   9.1799999999999997      -0.17905537026363721       0.85445851022835340       0.94324429621090988     
   9.2000000000000011      -0.19214453824022265       0.86544805223990129       0.95371563059217823     
   9.2200000000000006      -0.20533971916577912       0.87621220505424480       0.96427177533262332     
   9.2400000000000002      -0.21768964389876744       0.88674678521187444       0.97415171511901399     
   9.2599999999999998      -0.23016049950163303       0.89704480250687446       0.98412839960130649     
   9.2799999999999994      -0.24174663948777067       0.90710358072742880       0.99339731159021660     
   9.3000000000000007      -0.25346919552160996       0.91691566743385511        1.0027753564172881     
   9.3200000000000003      -0.26427036708355850       0.92647990853548978        1.0114162936668467     
   9.3399999999999999      -0.27522395545258066       0.93578840185881818        1.0201791643620646     
   9.3599999999999994      -0.28522238013530982       0.94484152050932391        1.0281779041082479     
   9.3800000000000008      -0.29538968069180566       0.95363093018189193        1.0363117445534447     
   9.4000000000000004      -0.30457101726098595       0.96215852622993492        1.0436568138087887     
   9.4199999999999999      -0.31393808428033665       0.97041556507520554        1.0511504674242695     
   9.4399999999999995      -0.32229144529261572       0.97840544918882177        1.0578331562340926     
   9.4600000000000009      -0.33084771862687534       0.98611905394354116        1.0646781749015002     
   9.4800000000000004      -0.33836567161482933       0.99356126352530516        1.0706925372918634     
   9.5000000000000000      -0.34610397259929387        1.0007226059107166        1.0768831780794350     
   9.5199999999999996      -0.35278252598620685        1.0076094113040759        1.0822260207889656     
   9.5400000000000009      -0.35969903824600707        1.0142118993825959        1.0877592305968056     
   9.5600000000000005      -0.36553761217710967        1.0205378004286159        1.0924300897416879     
   9.5800000000000001      -0.37163184755245626        1.0265770703272386        1.0973054780419651     
   9.5999999999999996      -0.37663322989951198        1.0323387833753377        1.1013065839196094     
   9.6200000000000010      -0.38190797977843660        1.0378126815013535        1.1055263838227494     
   9.6400000000000006      -0.38607826764326741        1.0430091170212408        1.1088626141146141     
   9.6600000000000001      -0.39053954005919822        1.0479176729393749        1.1124316320473586     
   9.6799999999999997      -0.39388806716855845        1.0525499039241839        1.1151104537348469     
   9.7000000000000011      -0.39754501008650844        1.0568952941067937        1.1180360080692069     
   9.7200000000000006      -0.40008426053532425        1.0609665154990922        1.1200674084282596     
   9.7400000000000002      -0.40294907181452400        1.0647530182024441        1.1223592574516192     
   9.7599999999999998      -0.40469458067659531        1.0682684976151986        1.1237556645412763     
   9.7799999999999994      -0.40678240525874632        1.0715024391747567        1.1254259242069971     
   9.8000000000000007      -0.40775264664325150        1.0744694592182780        1.1262021173146013     
   9.8200000000000003      -0.40908146157390352        1.0771591520943344        1.1272651692591229     
   9.8399999999999999      -0.40929772476215659        1.0795869446574518        1.1274381798097253     
   9.8599999999999994      -0.40988821270771980        1.0817426175989611        1.1279105701661760     
   9.8800000000000008      -0.40937446705732267        1.0836422904680907        1.1274995736458582     
   9.9000000000000004      -0.40924987903163629        1.0852760111971624        1.1273999032253090     
   9.9199999999999999      -0.40803262838417825        1.0866604674302340        1.1264261027073426     
   9.9399999999999995      -0.40721863644610157        1.0877860582821566        1.1257749091568812     
   9.9600000000000009      -0.40532676381963439        1.0886699087854990        1.1242614110557074     
   9.9800000000000004      -0.40385130454656515        1.0893028557692732        1.1230810436372523     
   10.000000000000000      -0.40131590793499972        1.0897023255542806        1.1210527263479999     
   10.020000000000000      -0.39920901751633392        1.0898596813262085        1.1193672140130670     
   10.040000000000001      -0.39606323765445828        1.0897925099488179        1.1168505901235666     
   10.060000000000000      -0.39335687948358966        1.0894927912167058        1.1146855035868719     
   10.080000000000000      -0.38963572046841921        1.0889781279262356        1.1117085763747354     
   10.100000000000000      -0.38636360614176790        1.0882412078239658        1.1090908849134145     
   10.120000000000001      -0.38210374982825512        1.0872995019686262        1.1056829998626041     
   10.140000000000001      -0.37830115448486962        1.0861464979602122        1.1026409235878958     
   10.160000000000000      -0.37354076959649901        1.0847993852144528        1.0988326156771993     
   10.180000000000000      -0.36924434255188432        1.0832525431030808        1.0953954740415075     
   10.200000000000001      -0.36402288946426320        1.0815227280968420        1.0912183115714107     
   10.220000000000001      -0.35927046110716959        1.0796053027277601        1.0874163688857357     
   10.240000000000000      -0.35362849327533374        1.0775164386695273        1.0829027946202670     
   10.260000000000000      -0.34845887920624402        1.0752525719259161        1.0787671033649953     
   10.279999999999999      -0.34243784221399426        1.0728291378202852        1.0739502737711955     
   10.300000000000001      -0.33689064560895365        1.0702437345183884        1.0695125164871631     
   10.320000000000000      -0.33053267482112114        1.0675109105844625        1.0644261398568968     
   10.340000000000000      -0.32464808800437739        1.0646295128782677        1.0597184704035019     
   10.359999999999999      -0.31799580580050918        1.0616130547778013        1.0543966446404074     
   10.380000000000001      -0.31181441200420790        1.0584617156844354        1.0494515296033664     
   10.400000000000000      -0.30491072556482363        1.0551878281680522        1.0439285804518590     
   10.420000000000000      -0.29847330184381154        1.0517929848228240        1.0387786414750493     
   10.440000000000000      -0.29136120244819119        1.0482881953990131        1.0330889619585530     
   10.460000000000001      -0.28470852470291291        1.0446765426437390        1.0277668197623304     
   10.480000000000000      -0.27743088948044337        1.0409675758686767        1.0219447115843547     
   10.500000000000000      -0.27060354052110175        1.0371659407686165        1.0164828324168815     
   10.520000000000000      -0.26320293757667257        1.0332795937452530        1.0105623500613381     
   10.540000000000001      -0.25624111913740905        1.0293148116187441        1.0049928953099272     
   10.560000000000000      -0.24875961694536133        1.0252778312810837       0.99900769355628916     
   10.580000000000000      -0.24170296652837217        1.0211766238119171       0.99336237322269771     
   10.600000000000000      -0.23418194845925083        1.0170155865551826       0.98734555876740071     
   10.620000000000001      -0.22706936185568347        1.0128044425409171       0.98165548948454673     
   10.640000000000001      -0.21954934666572079        1.0085456367403185       0.97563947733257672     
   10.660000000000000      -0.21241880696310239        1.0042506960103763       0.96993504557048194     
   10.680000000000000      -0.20493927603818793       0.99992000795074465       0.96395142083055030     
   10.700000000000001      -0.19782768988325780       0.99556694896621178       0.95826215190660635     
   10.720000000000001      -0.19042692198735972       0.99118975268186560       0.95234153758988782     
   10.740000000000000      -0.18336996382875284       0.98680368430471221       0.94669597106300241     
   10.760000000000000      -0.17608487806159781       0.98240473580376964       0.94086790244927831     
   10.779999999999999      -0.16911684304911978       0.97801009369682856       0.93529347443929578     
   10.800000000000001      -0.16198285066967311       0.97361343001691492       0.92958628053573844     
   10.820000000000000      -0.15513651683618745       0.96923387810751072       0.92410921346894992     
   10.840000000000000      -0.14818738255737648       0.96486272162061359       0.91854990604590125     
   10.859999999999999      -0.14149388285587744       0.96052105903049301       0.91319510628470191     
   10.880000000000001      -0.13476159616235056       0.95619772738373454       0.90780927692988045     
   10.900000000000000      -0.12825030087491071       0.95191580119599739       0.90260024069992861     
   10.920000000000000      -0.12176495785971482       0.94766162324250436       0.89741196628777198     
   10.940000000000000      -0.11546336783697701       0.94346024744278212       0.89237069426958160     
   10.960000000000001      -0.10925306399516745       0.93929548548283981       0.88740245119613403     
   10.980000000000000      -0.10318671512520269       0.93519436637724507       0.88254937210016215     
   11.000000000000000       -9.7277449482876088E-002  0.93113814499466996       0.87782195958630094     
   11.020000000000000       -9.1469828726866820E-002  0.92715581337111352       0.87317586298149341     
   11.040000000000001       -8.5885419623243101E-002  0.92322605511352995       0.86870833569859451     
   11.060000000000000       -8.0357892892893260E-002  0.91937980537622732       0.86428631431431457     
   11.080000000000000       -7.5119905671181472E-002  0.91559317349073910       0.86009592453694528     
   11.100000000000000       -6.9891657759323905E-002  0.91189900996014406       0.85591332620745908     
   11.120000000000001       -6.5019344559509709E-002  0.90827085835814336       0.85201547564760782     
   11.140000000000001       -6.0107331271401804E-002  0.90474344889044300       0.84808586501712147     
   11.160000000000000       -5.5617583055112357E-002  0.90128777947699956       0.84449406644408997     
   11.180000000000000       -5.1036495623711299E-002  0.89794041651883638       0.84082919649896903     
   11.200000000000001       -4.6943806498269590E-002  0.89466984398357496       0.83755504519861579     
   11.220000000000001       -4.2706048302684665E-002  0.89151441313904378       0.83416483864214774     
   11.240000000000000       -3.9022492148683099E-002  0.88844013726680660       0.83121799371894645     
   11.260000000000000       -3.5138167691342231E-002  0.88548709341517851       0.82811053415307390     
   11.279999999999999       -3.1873387035865237E-002  0.88261887893626834       0.82549870962869221     
   11.300000000000001       -2.8350303071029846E-002  0.87987722990053485       0.82268024245682403     
   11.320000000000000       -2.5511510087356040E-002  0.87722339386214931       0.82040920806988482     
   11.340000000000000       -2.2355188731793138E-002  0.87470069159053521       0.81788415098543465     
   11.359999999999999       -1.9947178186322832E-002  0.87226809819332107       0.81595774254905828     
   11.380000000000001       -1.7160881782511368E-002  0.86997043737857571       0.81372870542600906     
   11.400000000000000       -1.5186055691102018E-002  0.86776450018524776       0.81214884455288172     
   11.420000000000000       -1.2770823134619282E-002  0.86569652420999177       0.81021665850769553     
   11.440000000000000       -1.1229226833769312E-002  0.86372121559684167       0.80898338146701543     
   11.460000000000001       -9.1839210197721521E-003  0.86188612965765987       0.80734713681581782     
   11.480000000000000       -8.0732903034613328E-003  0.86014399734471148       0.80645863224276904     
   11.500000000000000       -6.3946562927339277E-003  0.85854358857326118       0.80511572503418716     
   11.520000000000000       -5.7104752134835256E-003  0.85703577903502903       0.80456838017078691     
   11.540000000000001       -4.3932086666440065E-003  0.85567044340131293       0.80351456693331524     
   11.560000000000000       -4.1287775497656914E-003  0.85439673192763210       0.80330302203981252     
   11.580000000000000       -3.1656029291689432E-003  0.85326550767894649       0.80253248234333519     
   11.600000000000000       -3.3121161024755271E-003  0.85222433482449322       0.80264969288198051     
   11.620000000000001       -2.6938740953636421E-003  0.85132494218353716       0.80215509927629103     
   11.640000000000001       -3.2405067930476239E-003  0.85051345631543573       0.80259240543443822     
   11.660000000000000       -2.9562503668091639E-003  0.84984234313280727       0.80236500029344748     
   11.680000000000000       -3.8902542259677758E-003  0.84925644875836959       0.80311220338077427     
   11.700000000000001       -3.9273526871792435E-003  0.84880884178831761       0.80314188214974347     
   11.720000000000001       -5.2341592187678809E-003  0.84844325331957426       0.80418732737501442     
   11.740000000000000       -5.5784096121914324E-003  0.84821321476352374       0.80446272768975313     
   11.760000000000000       -7.2417409951895289E-003  0.84806151535186047       0.80579339279615159     
   11.779999999999999       -7.8774861472536532E-003  0.84804200429200849       0.80630198891780303     
   11.800000000000001       -9.8794726656738253E-003  0.84809670934510251       0.80790357813253921     
   11.820000000000000       -1.0789725149308895E-002  0.84827964767037234       0.80863178011944725     
   11.840000000000000       -1.3111028566493073E-002  0.84853227264474240       0.81048882285319446     
   11.859999999999999       -1.4277599840647677E-002  0.84890861505368376       0.81142207987251824     
   11.880000000000001       -1.6897541984170060E-002  0.84934974709965239       0.81351803358733621     
   11.900000000000000       -1.8301175941988799E-002  0.84990955474952545       0.81464094075359117     
   11.920000000000000       -2.1197871755496873E-002  0.85052892777125633       0.81695829740439752     
   11.940000000000000       -2.2818381900062825E-002  0.85126144512965862       0.81825470552005042     
   11.960000000000001       -2.5968876205581436E-002  0.85204801781130080       0.82077510096446515     
   11.980000000000000       -2.7785285661358915E-002  0.85294175225621072       0.82222822852908717     
   12.000000000000000       -3.1165692866980659E-002  0.85388378859599490       0.82493255429358447     
   12.020000000000000       -3.3156376428653753E-002  0.85492659230219081       0.82652510114292310     
   12.040000000000001       -3.6742022412139141E-002  0.85601174418968085       0.82939361792971134     
   12.060000000000000       -3.8884849830421848E-002  0.85719089783404290       0.83110787986433765     
   12.080000000000000       -4.2650415229008427E-002  0.85840628920161610       0.83412033218320669     
   12.100000000000000       -4.4922894935172618E-002  0.85970858701687380       0.83593831594813806     
   12.120000000000001       -4.8842559075793518E-002  0.86104089909487591       0.83907404726063484     
   12.140000000000001       -5.1221981553067480E-002  0.86245273480096574       0.84097758524245403     
   12.160000000000000       -5.5269566265134677E-002  0.86388829200687156       0.84421565301210766     
   12.180000000000000       -5.7733146285692309E-002  0.86539574515106266       0.84618651702855385     
   12.200000000000001       -6.1882258850514120E-002  0.86692060114631375       0.84950580708041135     
   12.220000000000001       -6.4407275811405415E-002  0.86850952338777609       0.85152582064912430     
   12.240000000000000       -6.8631450318067957E-002  0.87010954684170316       0.85490516025445451     
   12.260000000000000       -7.1195385928018412E-002  0.87176564772302512       0.85695630874241469     
   12.280000000000001       -7.5468222325033071E-002  0.87342660733140887       0.86037457786002658     
   12.300000000000001       -7.8048894916426581E-002  0.87513553908875685       0.86243911593314138     
   12.320000000000000       -8.2344195071479290E-002  0.87684318740495859       0.86587535605718358     
   12.340000000000000       -8.4919889837881429E-002  0.87859062838001256       0.86793591187030517     
   12.359999999999999       -8.9211789944446354E-002  0.88033078402924247       0.87136943195555716     
   12.380000000000001       -9.1761384433551738E-002  0.88210252025964508       0.87340910754684131     
   12.400000000000000       -9.6024483132768484E-002  0.88386114812167882       0.87681958650621494     
   12.420000000000000       -9.8527567357479626E-002  0.88564315270240412       0.87882205388598378     
   12.440000000000000      -0.10273704897634131       0.88740644166482352       0.88218963918107307     
   12.460000000000001      -0.10517403954260561       0.88918495149053800       0.88413923163408448     
   12.480000000000000      -0.10930579188495353       0.89093938939326933       0.88744463350796288     
   12.500000000000000      -0.11165803957378372       0.89270097891128053       0.88932643165902692     
   12.520000000000000      -0.11568876573863039       0.89443342432368156       0.89255101259090430     
   12.540000000000001      -0.11793865602118453       0.89616507594831785       0.89435092481694767     
   12.560000000000000      -0.12184597976325555       0.89786282644223370       0.89747678381060458     
   12.580000000000000      -0.12397702577171517       0.89955199730440438       0.89918162061737217     
   12.600000000000000      -0.12773958996156826       0.90120285391032162       0.90219167196925465     
   12.620000000000001      -0.12973651748457801       0.90283753864034599       0.90378921398766243     
   12.640000000000001      -0.13333407526997182       0.90442986619888854       0.90666726021597754     
   12.660000000000000      -0.13518289938933112       0.90599865546641067       0.90814631951146496     
   12.680000000000000      -0.13859639770541671       0.90752143861377876       0.91087711816433348     
   12.700000000000001      -0.14028449074027607       0.90901357317546960       0.91222759259222086     
   12.720000000000001      -0.14349614586340378       0.91045646772891331       0.91479691669072316     
   12.740000000000000      -0.14501229633914048       0.91186188776260679       0.91600983707131245     
   12.760000000000000      -0.14800566122734232       0.91321526730043834       0.91840452898187397     
   12.780000000000001      -0.14934012363829183       0.91452465683317008       0.91947209891063353     
   12.800000000000001      -0.15210014685053896       0.91577965429303310       0.92168011748043122     
   12.820000000000000      -0.15324468203855415       0.91698448055997983       0.92259574563084346     
   12.840000000000000      -0.15575775807442180       0.91813302470892211       0.92460620645953751     
   12.859999999999999      -0.15670566409853287       0.91922557231033053       0.92536453127882634     
   12.880000000000001      -0.15895967504965194       0.92026041897052946       0.92716774003972169     
   12.900000000000000      -0.15970580847561713       0.92123381872419441       0.92776464678049375     
   12.920000000000000      -0.16169015692997252       0.92214857666871430       0.92935212554397806     
   12.940000000000000      -0.16223094452195033       0.92299682908624403       0.92978475561756024     
   12.960000000000001      -0.16393657771142378       0.92378598054992089       0.93114926216913896     
   12.980000000000000      -0.16427001856107470       0.92450397389573813       0.93141601484885972     
   13.000000000000000      -0.16568944379134964       0.92516288967688187       0.93255155503307974     
   13.020000000000000      -0.16581510197210103       0.92574641259949153       0.93265208157768087     
   13.040000000000001      -0.16694239342187858       0.92627136175847558       0.93355391473750293     
   13.060000000000000      -0.16686138130757960       0.92671711051382522       0.93348910504606375     
   13.080000000000000      -0.16769217833073646       0.92710526470462573       0.93415374266458928     
   13.100000000000000      -0.16740713076821584       0.92741084502114890       0.93392570461457280     
   13.120000000000001      -0.16793862787780944       0.92766027752130087       0.93435090230224760     
   13.140000000000001      -0.16745366745165893       0.92782420118543718       0.93396293396132712     
   13.160000000000000      -0.16768459620830994       0.92793388071856597       0.93414767696664802     
   13.180000000000000      -0.16700528988329436       0.92795555698788690       0.93360423190663555     
   13.200000000000001      -0.16693589295221523       0.92792533646075515       0.93354871436177234     
   13.220000000000001      -0.16606920042380902       0.92780505843925454       0.93285536033904715     
   13.240000000000000      -0.16570119810438069       0.92763565874204579       0.93256095848350462     
   13.260000000000000      -0.16465541223081873       0.92737458487844660       0.93172432978465514     
   13.280000000000001      -0.16399196179993800       0.92706757392256278       0.93119356943995035     
   13.300000000000001      -0.16277664152962495       0.92666770481757010       0.93022131322370005     
   13.320000000000000      -0.16182228977486246       0.92622547200951433       0.92945783181989006     
   13.340000000000000      -0.16044818602080929       0.92568962274163169       0.92835854881664748     
   13.359999999999999      -0.15920881537155748       0.92511534911435478       0.92736705229724592     
   13.380000000000001      -0.15768779031951805       0.92444711731608320       0.92615023225561444     
   13.400000000000000      -0.15617055901361518       0.92374474156045172       0.92493644721089208     
   13.420000000000000      -0.15451549938261419       0.92294847149727566       0.92361239950609131     
   13.440000000000000      -0.15272877613226568       0.92212265215594802       0.92218302090581261     
   13.460000000000001      -0.15095350093509138       0.92120339507941640       0.92076280074807304     
   13.480000000000000      -0.14890679457915759       0.92025946918326040       0.91912543566332605     
   13.500000000000000      -0.14702595795600981       0.91922294024654594       0.91762076636480794     
   13.520000000000000      -0.14472984260579061       0.91816687868978808       0.91578387408463247     
   13.540000000000001      -0.14275883232651840       0.91701941072934012       0.91420706586121470     
   13.560000000000000      -0.14022486852896374       0.91585777069374585       0.91217989482317108     
   13.580000000000000      -0.13817970077810743       0.91460626519395460       0.91054376062248599     
   13.600000000000000      -0.13542035323386170       0.91334613994454783       0.90833628258708932     
   13.620000000000001      -0.13331756430796476       0.91199801551361770       0.90665405144637179     
   13.640000000000001      -0.13034611669177645       0.91064698189860072       0.90427689335342132     
   13.660000000000000      -0.12820265225010471       0.90921012059314477       0.90256212180008388     
   13.680000000000000      -0.12503311968788516       0.90777618458885212       0.90002649575030813     
   13.700000000000001      -0.12286622220575873       0.90625887643193159       0.89829297776460715     
   13.720000000000001      -0.11951326196595943       0.90475041707974502       0.89561060957276750     
   13.740000000000000      -0.11734035704435940       0.90316130312227549       0.89387228563548760     
   13.760000000000000      -0.11381917800138040       0.90158701520846007       0.89105534240110440     
   13.780000000000001      -0.11165776018735046       0.89993502948700599       0.88932620814988050     
   13.800000000000001      -0.10798403161143674       0.89830386531846051       0.88638722528914937     
   13.820000000000000      -0.10585155038109283       0.89659817606351744       0.88468124030487427     
   13.840000000000000      -0.10204131060268223       0.89491928669236986       0.88163304848214585     
   13.859999999999999       -9.9955057152421506E-002  0.89316923714026053       0.87996404572193720     
   13.880000000000001       -9.6024622639256610E-002  0.89145191338822671       0.87681969811140537     
   13.900000000000000       -9.4001618121090716E-002  0.88966696254679412       0.87520129449687267     
   13.920000000000000       -8.9967493493694456E-002  0.88792057617620945       0.87197399479495563     
   13.940000000000000       -8.8024379317606621E-002  0.88611023988959381       0.87041950345408525     
   13.960000000000001       -8.3903168813060119E-002  0.88434418526213376       0.86712253505044812     
   13.980000000000000       -8.2056099623005890E-002  0.88251797791310282       0.86564487969840487     
   14.000000000000000       -7.7864420498484549E-002  0.88074161446943688       0.86229153639878775     
   14.020000000000000       -7.6128960409239999E-002  0.87890899164915826       0.86090316832739200     
   14.040000000000001       -7.1883358755602714E-002  0.87713158753324894       0.85750668700448218     
   14.060000000000000       -7.0274381415246584E-002  0.87530188999795766       0.85621950513219736     
   14.080000000000000       -6.5991250827288878E-002  0.87353256713846350       0.85279300066183117     
   14.100000000000000       -6.4522843844835018E-002  0.87171496636050128       0.85161827507586807     
   14.120000000000001       -6.0218347368777736E-002  0.86996264730886264       0.84817467789502210     
   14.140000000000001       -5.8903721618512941E-002  0.86816609291586821       0.84712297729481034     
   14.160000000000000       -5.4593717369084208E-002  0.86643944972627551       0.84367497389526747     
   14.180000000000000       -5.3445121652689082E-002  0.86467261910722504       0.84275609732215129     
   14.200000000000001       -4.9145092461958625E-002  0.86298002452783051       0.83931607396956687     
   14.220000000000001       -4.8173733976681413E-002  0.86125127486811281       0.83853898718134523     
   14.240000000000000       -4.3898721404823204E-002  0.85960075609569209       0.83511897712385863     
   14.260000000000000       -4.3114692431035669E-002  0.85791807908564255       0.83449175394482866     
   14.280000000000001       -3.8879235435635762E-002  0.85631727431757410       0.83110338834850861     
   14.300000000000001       -3.8291446620232678E-002  0.85468825375994695       0.83063315729618614     
   14.320000000000000       -3.4109525145840355E-002  0.85314437175790692       0.82728762011667234     
   14.340000000000000       -3.3725645719365621E-002  0.85157614427981165       0.82698051657549243     
   14.359999999999999       -2.9610629432929955E-002  0.85009592713917270       0.82368850354634393     
   14.380000000000001       -2.9437034658245403E-002  0.84859514619312204       0.82354962772659634     
   14.400000000000000       -2.5401637019114045E-002  0.84718483549076573       0.82032130961529137     
   14.420000000000000       -2.5443363128101529E-002  0.84575763880781696       0.82035469050248122     
   14.440000000000000       -2.1499600943615801E-002  0.84442294527909312       0.81719968075489258     
   14.460000000000001       -2.1760307776053506E-002  0.84307492591475297       0.81740824622084285     
   14.480000000000000       -1.7919466355688422E-002  0.84182100278773886       0.81433557308455085     
   14.500000000000000       -1.8401407871307496E-002  0.84055718387847356       0.81472112629704607     
   14.520000000000000       -1.4674011854013444E-002  0.83938860397067616       0.81173920948321077     
   14.540000000000001       -1.5378014645062270E-002  0.83821341729563148       0.81230241171604978     
   14.560000000000000       -1.1773804536203098E-002  0.83713415395492219       0.80941904362896244     
   14.580000000000000       -1.2699254423866477E-002  0.83605142237401442       0.81015940353909321     
   14.600000000000000       -9.2271688401518170E-003  0.83506483432207035       0.80738173507212141     
   14.620000000000001       -1.0372005594133581E-002  0.83407775813801344       0.80829760447530696     
   14.640000000000001       -7.0401691774439569E-003  0.83318657825096565       0.80563213534195521     
   14.660000000000000       -8.4008893541649993E-003  0.83229772551923475       0.80672071148333202     
   14.680000000000000       -5.2166062783950305E-003  0.83150405355675361       0.80417328502271601     
   14.700000000000001       -6.7882741298223061E-003  0.83071535434409915       0.80543061930385795     
   14.720000000000001       -3.7580270890430817E-003  0.83002065361486377       0.80300642167123459     
   14.740000000000000       -5.5342934513821860E-003  0.82933339818385132       0.80442743476110579     
   14.760000000000000       -2.6637479829646499E-003  0.82873849611245864       0.80213099838637181     
   14.780000000000001       -4.6368770125465916E-003  0.82815333698683347       0.80370950161003740     
   14.800000000000001       -1.9308909756012233E-003  0.82765842952475244       0.80154471278048112     
   14.820000000000000       -4.0917945584930003E-003  0.82717538736824225       0.80327343564679454     
   14.840000000000000       -1.5544325562652102E-003  0.82678004716959308       0.80124354604501224     
   14.859999999999999       -3.8927121786452743E-003  0.82639852038928585       0.80311416974291616     
   14.880000000000001       -1.5272646835477891E-003  0.82610170865110033       0.80122181174683826     
   14.900000000000000       -4.0312605119128403E-003  0.82582048661580654       0.80322500840953026     
   14.920000000000000       -1.8402674238508594E-003  0.82562056846215093       0.80147221393908075     
   14.940000000000000       -4.4971143078500536E-003  0.82543784820633037       0.80359769144628013     
   14.960000000000001       -2.4823926505637261E-003  0.82533261147632053       0.80198591412045106     
   14.980000000000000       -5.2780827268684750E-003  0.82524601774131712       0.80422246618149495     
   15.000000000000000       -3.4407581633276773E-003  0.82523269502275209       0.80275260653066227     
   15.020000000000000       -6.3602097066048496E-003  0.82523930346933339       0.80508816776528391     
   15.040000000000001       -4.7007515331756004E-003  0.82531459720252631       0.80376060122654058     
   15.060000000000000       -7.7278836700902407E-003  0.82541096061215802       0.80618230693607229     
   15.080000000000000       -6.2461429303667243E-003  0.82557107107256256       0.80499691434429332     
   15.100000000000000       -9.3639558047339134E-003  0.82575324833954611       0.80749116464378712     
   15.120000000000001       -8.0592061476949198E-003  0.82599390429317543       0.80644736491815605     
   15.140000000000001       -1.1249866099550480E-002  0.82625749199580467       0.80899989287964047     
   15.160000000000000       -1.0120846993136987E-002  0.82657398380813529       0.80809667759450976     
   15.180000000000000       -1.3365776291709174E-002  0.82691415013447001       0.81069262103336737     
   15.200000000000001       -1.2410738192096383E-002  0.82730136510170182       0.80992859055367716     
   15.220000000000001       -1.5690708842525412E-002  0.82771288589445247       0.81255256707402035     
   15.240000000000000       -1.4907459911325881E-002  0.82816534555564536       0.81192596792906080     
   15.260000000000000       -1.8202691037569007E-002  0.82864264223105977       0.81456215283005529     
   15.280000000000001       -1.7588644993983958E-002  0.82915454141085421       0.81407091599518722     
   15.300000000000001       -2.0878903285718637E-002  0.82969172049845896       0.81670312262857492     
   15.320000000000000       -2.0431127978264931E-002  0.83025696782281855       0.81634490238261204     
   15.340000000000000       -2.3695830677803099E-002  0.83084786186639559       0.81895666454224247     
   15.359999999999999       -2.3411096960679060E-002  0.83146012148818227       0.81872887756854329     
   15.380000000000001       -2.6629416856957643E-002  0.83209833104348363       0.82130353348556617     
   15.400000000000000       -2.6504247359350003E-002  0.83275106531061038       0.82120339788747998     
   15.420000000000000       -2.9655219249976529E-002  0.83343000177205784       0.82372417539998133     
   15.440000000000000       -2.9685936632614488E-002  0.83411651456854086       0.82374874930609165     
   15.460000000000001       -3.2748564711716902E-002  0.83482944355552580       0.82619885176937358     
   15.480000000000000       -3.2931339013692426E-002  0.83554292404494590       0.82634507121095402     
   15.500000000000000       -3.5884704642928610E-002  0.83628300907826092       0.82870776371434296     
   15.520000000000000       -3.6215599333153270E-002  0.83701657557995290       0.82897247946652264     
   15.540000000000001       -3.9038968655643429E-002  0.83777692178049445       0.83123117492451470     
   15.560000000000000       -3.9513985017214710E-002  0.83852366551114166       0.83161118801377187     
   15.580000000000000       -4.2186915879319289E-002  0.83929736305609537       0.83374953270345553     
   15.600000000000000       -4.2802035371421861E-002  0.84005039147335947       0.83424162829713744     
   15.620000000000001       -4.5304483025136490E-002  0.84083055854975797       0.83624358642010932     
   15.640000000000001       -4.6055707285790573E-002  0.84158303804004653       0.83684456582863254     
   15.660000000000000       -4.8368128354990880E-002  0.84236286304171315       0.83869450268399270     
   15.680000000000000       -4.9251516528851819E-002  0.84310806070109812       0.83940121322308148     
   15.700000000000001       -5.1354970735606430E-002  0.84388084342260683       0.84108397658848522     
   15.720000000000001       -5.2366673833974635E-002  0.84461216768828484       0.84189333906717967     
   15.740000000000000       -5.4242922996552846E-002  0.84537135927851781       0.84339433839724232     
   15.760000000000000       -5.5379215021618265E-002  0.84608239917790695       0.84430337201729477     
   15.780000000000001       -5.7010818853537197E-002  0.84682164062608434       0.84560865508282979     
   15.800000000000001       -5.8268124445492425E-002  0.84750620342169325       0.84661449955639390     
   15.820000000000000       -5.9638532704853420E-002  0.84821936236031004       0.84771082616388282     
   15.840000000000000       -6.1013451098690268E-002  0.84887150938067713       0.84881076087895213     
   15.860000000000001       -6.2107091659012049E-002  0.84955271500248419       0.84968567332720968     
   15.880000000000001       -6.3596416767383687E-002  0.85016679546291440       0.85087713341390703     
   15.900000000000000       -6.4398779205007237E-002  0.85081047136285959       0.85151902336400576     
   15.920000000000000       -6.5999515674300610E-002  0.85138115399402581       0.85279961253944048     
   15.940000000000000       -6.6497229993065635E-002  0.85198204876188566       0.85319778399445267     
   15.960000000000001       -6.8206605111587604E-002  0.85250435107972500       0.85456528408927002     
   15.980000000000000       -6.8387515252703659E-002  0.85305756648480713       0.85471001220216292     
   16.000000000000000       -7.0202986622434932E-002  0.85352688155134804       0.85616238929794797     
   16.020000000000000       -7.0056218436124168E-002  0.85402789817712688       0.85604497474889940     
   16.039999999999999       -7.1975477352628228E-002  0.85444001871877817       0.85758038188210262     
   16.059999999999999       -7.1491500738029554E-002  0.85488471892247997       0.85719320059042359     
   16.080000000000002       -7.3512471256606579E-002  0.85523585868989738       0.85880997700528539     
   16.100000000000001       -7.2683156207424562E-002  0.85562054677977994       0.85814652496593968     
   16.120000000000001       -7.4803989907257978E-002  0.85590735905151061       0.85984319192580638     
   16.140000000000001       -7.3622656232532710E-002  0.85622877859275104       0.85889812498602613     
   16.160000000000000       -7.5841722724172597E-002  0.85644837174331134       0.86067337817933809     
   16.180000000000000       -7.4303183246154772E-002  0.85670371992198624       0.85944254659692376     
   16.199999999999999       -7.6619056501002522E-002  0.85685366999381818       0.86129524520080203     
   16.219999999999999       -7.4719653565255215E-002  0.85704060898719037       0.85977572285220427     
   16.240000000000002       -7.7131094178543469E-002  0.85711896922488229       0.86170487534283480     
   16.260000000000002       -7.4868729344872209E-002  0.85723563454509422       0.85989498347589777     
   16.280000000000001       -7.7374662875763001E-002  0.85724094186921551       0.86189973030061040     
   16.300000000000001       -7.4748819692213336E-002  0.85728594766636290       0.85979905575377069     
   16.320000000000000       -7.7348311255858934E-002  0.85721722608320416       0.86187864900468714     
   16.340000000000000       -7.4360071051631824E-002  0.85718966741250480       0.85948805684130558     
   16.359999999999999       -7.7052296368156303E-002  0.85704642837473277       0.86164183709452513     
   16.379999999999999       -7.3704347034696818E-002  0.85694588045100750       0.85896347762775749     
   16.399999999999999       -7.6488560168868305E-002  0.85672812020269218       0.86119084813509472     
   16.420000000000002       -7.2785197931405005E-002  0.85655463468354698       0.85822815834512400     
   16.440000000000001       -7.5660695984093335E-002  0.85626282864103875       0.86052855678727469     
   16.460000000000001       -7.1607820198375013E-002  0.85601692699783150       0.85728625615870002     
   16.480000000000000       -7.4573905236550886E-002  0.85565202123547257       0.85965912418924073     
   16.500000000000000       -7.0179006277278883E-002  0.85533468528829193       0.85614320502182317     
   16.520000000000000       -7.3234944813142661E-002  0.85489808521485289       0.85858795585051417     
   16.539999999999999       -6.8507085151474689E-002  0.85451074492421830       0.85480566812117975     
   16.559999999999999       -7.1652065503151535E-002  0.85400430125211046       0.85732165240252134     
   16.580000000000002       -6.6601854100508631E-002  0.85354881987581832       0.85328148328040698     
   16.600000000000001       -6.9834941986469182E-002  0.85297481200050318       0.85586795358917545     
   16.620000000000001       -6.4474502160571379E-002  0.85245346873893812       0.85157960172845726     
   16.640000000000001       -6.7794594897405441E-002  0.85181458566043999       0.85423567591792438     
   16.660000000000000       -6.2137525843865678E-002  0.85123005592760448       0.84971002067509260     
   16.680000000000000       -6.5543305532134680E-002  0.85052937485952085       0.85243464442570771     
   16.699999999999999       -5.9604637710934757E-002  0.84988470833000751       0.84768371016874777     
   16.719999999999999       -6.3094523806456693E-002  0.84912567115387827       0.85047561904516533     
   16.740000000000002       -5.6890668427107008E-002  0.84842426774789093       0.84551253474168575     
   16.760000000000002       -6.0462770105099921E-002  0.84761065548213554       0.84837021608408003     
   16.780000000000001       -5.4011462967149072E-002  0.84685623946141220       0.84320917037371934     
   16.800000000000001       -5.7663531694105395E-002  0.84599214492424257       0.84613082535528439     
   16.820000000000000       -5.0983771660832643E-002  0.84518873728132182       0.84078701732866612     
   16.840000000000000       -5.4713154393762564E-002  0.84427853613601245       0.84377052351501014     
   16.859999999999999       -4.7825136796282350E-002  0.84343042546764357       0.83826010943702589     
   16.879999999999999       -5.1628730231011527E-002  0.84247874584627125       0.84130298418480920     
   16.899999999999999       -4.4553775517584389E-002  0.84159045790884690       0.83564302041406757     
   16.920000000000002       -4.8427981807097224E-002  0.84060214881706663       0.83874238544567781     
   16.940000000000001       -4.1188459768126393E-002  0.83967841496778961       0.83295076781450117     
   16.960000000000001       -4.5129144128504578E-002  0.83865851367836231       0.83610331530280380     
   16.980000000000000       -3.7748394041465634E-002  0.83770423841033603       0.83019871523317246     
   17.000000000000000       -4.1750844656792414E-002  0.83665793705694658       0.83340067572543397     
   17.020000000000000       -3.4253091707169635E-002  0.83567816483958735       0.82740247336573580     
   17.039999999999999       -3.8311982335879027E-002  0.83461077642499437       0.83064958586870330     
   17.059999999999999       -3.0722250680052764E-002  0.83361065806302026       0.82457780054404228     
   17.080000000000002       -3.4831606353641124E-002  0.83252758209677591       0.82786528508291291     
   17.100000000000001       -2.7175629197583859E-002  0.83151234082157066       0.82174050335806703     
   17.120000000000001       -3.1328795388425569E-002  0.83041902880238738       0.82506303631074052     
   17.140000000000001       -2.3632922462029176E-002  0.82939392630880204       0.81890633796962331     
   17.160000000000000       -2.7822538080320827E-002  0.82829584726523420       0.82225803046425661     
   17.180000000000000       -2.0113640891213640E-002  0.82726614990484115       0.81609091271297096     
   17.199999999999999       -2.4331615451898322E-002  0.82616875620523100       0.81946529236151866     
   17.219999999999999       -1.6636990704748403E-002  0.82513970154375582       0.81330959256379876     
   17.240000000000002       -2.0874485983744567E-002  0.82404839518245054       0.81669958878699578     
   17.260000000000002       -1.3221757551325019E-002  0.82302515912459984       0.81057740604105999     
   17.280000000000001       -1.7469174026617122E-002  0.82194525868628110       0.81397533922129373     
   17.300000000000001       -9.8861938573804528E-003  0.82093292336547674       0.80790895508590443     
   17.320000000000000       -1.4133162204648856E-002  0.81986963186314332       0.81130652976371909     
   17.340000000000000       -6.6479105482794279E-003  0.81887315448685105       0.80531832843862361     
   17.359999999999999       -1.0883288432894524E-002  0.81783152826156003       0.80870663074631555     
   17.379999999999999       -3.5237737603486005E-003  0.81685571109498545       0.80281901900827890     
   17.400000000000002       -7.7356481378804739E-003  0.81584062995697371       0.80618851851030449     
   17.420000000000002       -5.2980712585865399E-004  0.81489009161895787       0.80042384570068692     
   17.440000000000001       -4.7055022319210668E-003  0.81390623040029753       0.80376440178553699     
   17.460000000000001        2.3188998263685276E-003  0.81298537863535214       0.79814488013890517     
   17.480000000000000       -1.8071913510598380E-003  0.81203718031389127       0.80144575308084787     
   17.500000000000000        5.0082766543865856E-003  0.81115018639351966       0.79599337867649078     
   17.520000000000000        9.4594317714782059E-004  0.81024183693660090       0.79924324545828185     
   17.539999999999999        7.5253499152188701E-003  0.80939261183144440       0.79397972006782491     
   17.559999999999999        3.5416312158840892E-003  0.80852801689585752       0.79716669502729276     
   17.580000000000002        9.8583135975739630E-003  0.80772018934786782       0.79211334912194087     
   17.600000000000001        5.9687381794635112E-003  0.80690295295975556       0.79522500945642927     
   17.620000000000001        1.1996591716497525E-002  0.80613984957055973       0.79040272662680211     
   17.640000000000001        8.2173215500644693E-003  0.80537325489564671       0.79342614275994849     
   17.660000000000000        1.3930892762362047E-002  0.80465788233371727       0.78885528579011044     
   17.680000000000000        1.0278679280585118E-002  0.80394487463432118       0.79177705657553199     
   17.699999999999999        1.5653255749084480E-002  0.80327990404945837       0.78747739540073247     
   17.719999999999999        1.2145389866199004E-002  0.80262307591043536       0.79028368810704086     
   17.740000000000002        1.7157087660021730E-002  0.80201082962961223       0.78627432987198265     
   17.760000000000002        1.3811343920831620E-002  0.80141240852067375       0.78895092486333473     
   17.780000000000001        1.8437192144291025E-002  0.80085484908448490       0.78525024628456719     
   17.800000000000001        1.5271767148947901E-002  0.80031668731138017       0.78778258628084163     
   17.820000000000000        1.9489789370959649E-002  0.79981540889534575       0.78440816850323225     
   17.840000000000000        1.6523234657395740E-002  0.79933897597726511       0.78678141227408349     
   17.859999999999999        2.0312527003309367E-002  0.79889519822708355       0.78374997839735261     
   17.879999999999999        1.7563676606256164E-002  0.79848157572243639       0.78594905871499510     
   17.900000000000002        2.0904482309870551E-002  0.79809614001712814       0.78327641415210358     
   17.920000000000002        1.8392375251375132E-002  0.79774601880463081       0.78528609979889996     
   17.940000000000001        2.1266155482808875E-002  0.79741938694637893       0.78298707561375291     
   17.960000000000001        1.9009953484167792E-002  0.79713306695331032       0.78479203721266577     
   17.980000000000000        2.1399454287209442E-002  0.79686532226784268       0.78288043657023243     
   18.000000000000000        1.9418355026074835E-002  0.79664271462238889       0.78446531597914015     
   18.020000000000000        2.1307670216523723E-002  0.79643356543901622       0.78295386382678112     
   18.039999999999999        1.9620816485402238E-002  0.79627419700902335       0.78430334681167824     
   18.059999999999999        2.0995446379618359E-002  0.79612298247501689       0.78320364289630540     
   18.080000000000002        1.9621831532892674E-002  0.79602600274117763       0.78430253477368594     
   18.100000000000001        2.0468737393199082E-002  0.79593170091119858       0.78362501008544072     
   18.120000000000001        1.9427107498974132E-002  0.79589589110889170       0.78445831400082078     
   18.140000000000001        1.9734761599598853E-002  0.79585712923661900       0.78421219072032100     
   18.160000000000000        1.9043514739939638E-002  0.79588091368733804       0.78476518820804841     
   18.180000000000000        1.8801945973754095E-002  0.79589598063354416       0.78495844322099684     
   18.199999999999999        1.8479029162078279E-002  0.79597744017412586       0.78521677667033740     
   18.219999999999999        1.7679864124400837E-002  0.79604430083309463       0.78585610870047939     
   18.240000000000002        1.7742668331767509E-002  0.79618118823897799       0.78580586533458607     
   18.260000000000002        1.6379167832877097E-002  0.79629749987358767       0.78689666573369843     
   18.280000000000001        1.6844421635534630E-002  0.79648725716102631       0.78652446269157228     
   18.300000000000001        1.4911512608211566E-002  0.79665038752596984       0.78807078991343082     
   18.320000000000000        1.5795174986906458E-002  0.79689016500766141       0.78736386001047487     
   18.340000000000000        1.3289477769225781E-002  0.79709721213030660       0.78936841778461941     
   18.359999999999999        1.4606630606317417E-002  0.79738388908927338       0.78831469551494615     
   18.379999999999999        1.1526481593013003E-002  0.79763170256853377       0.79077881472558964     
   18.400000000000002        1.3291222426286629E-002  0.79796190940639478       0.78936702205897069     
   18.420000000000002        9.6366920942401353E-003  0.79824711308182839       0.79229064632460799     
   18.440000000000001        1.1862027696375605E-002  0.79861725478983669       0.79051037784289957     
   18.460000000000001        7.6349340211302914E-003  0.79893627062599937       0.79389205278309583     
   18.480000000000000        1.0332675380995575E-002  0.79934255142047617       0.79173385969520360     
   18.500000000000000        5.5365926716276093E-003  0.79969162444536368       0.79557072586269795     
   18.520000000000000        8.7172519578658514E-003  0.80013007340341813       0.79302619843370736     
   18.539999999999999        3.3575151470507320E-003  0.80050529753472388       0.79731398788235941     
   18.559999999999999        7.0302052357749441E-003  0.80097179506149774       0.79437583581138016     
   18.580000000000002        1.1139096704588180E-003  0.80136913965032441       0.79910887226363303     
   18.600000000000001        5.2862468172310308E-003  0.80185944460537506       0.79577100254621524     
   18.620000000000001       -1.1777563970403453E-003  0.80227478152409193       0.80094220511763226     
   18.640000000000001        3.5002538345983653E-003  0.80278455883205913       0.79719979693232135     
   18.660000000000000       -3.5008592067176194E-003  0.80321368993108255       0.80280068736537413     
   18.680000000000000        1.6871705874153572E-003  0.80373853850033627       0.79865026353006774     
   18.699999999999999       -5.8387211058600575E-003  0.80417722325786956       0.80467097688468814     
   18.719999999999999       -1.3808929618420486E-004  0.80471270403057038       0.80011047143694736     
   18.740000000000002       -8.1747127267361042E-003  0.80515668721961875       0.80653977018138900     
   18.760000000000002       -1.9607395596127832E-003  0.80569835117736799       0.80156859164769034     
   18.780000000000001       -1.0492353862425734E-002  0.80614339037578886       0.80839388308994065     
   18.800000000000001       -3.7662162775176648E-003  0.80668680632693890       0.80301297302201413     
   18.820000000000000       -1.2775412524160546E-002  0.80712869909872920       0.81022033001932847     
   18.840000000000000       -5.5402704889450771E-003  0.80766948107633441       0.80443221639115614     
   18.859999999999999       -1.5008001591503619E-002  0.80810409165592034       0.81200640127320300     
   18.879999999999999       -7.2690579373541281E-003  0.80863792575928117       0.80581524634988344     
   18.900000000000002       -1.7174672486829551E-002  0.80906121107508355       0.81373973798946375     
   18.920000000000002       -8.9392253736564238E-003  0.80958388159280203       0.80715138029892519     
   18.940000000000001       -1.9260505328990724E-002  0.80999191647192381       0.81540840426319261     
   18.960000000000001       -1.0537992904450086E-002  0.81049933113031880       0.80843039432356001     
   18.980000000000000       -2.1251195047606974E-002  0.81088833253265080       0.81700095603808554     
   19.000000000000000       -1.2053231896618383E-002  0.81137654672024639       0.80964258551729484     
   19.020000000000000       -2.3133132968905422E-002  0.81174289685767076       0.81850650637512445     
   19.039999999999999       -1.3473537981273482E-002  0.81220813668420622       0.81077883038501875     
   19.059999999999999       -2.4893483416261634E-002  0.81254840488880098       0.81991478673300944     
   19.080000000000002       -1.4788298734429267E-002  0.81298708894574523       0.81183063898754337     
   19.100000000000001       -2.6520254903333804E-002  0.81329805215989115       0.82121620392266714     
   19.120000000000001       -1.5987755648553655E-002  0.81370681185879523       0.81279020451884298     
   19.140000000000001       -2.8002365534705354E-002  0.81398547362982698       0.82240189242776429     
   19.160000000000000       -1.7063060048036947E-002  0.81436117200481872       0.81365044803842967     
   19.180000000000000       -2.9329702268013368E-002  0.81460477987724500       0.82346376181441083     
   19.199999999999999       -1.8006322642363754E-002  0.81494452874863244       0.81440505811389097     
   19.219999999999999       -3.0493173732384072E-002  0.81515058995793821       0.82439453898590731     
   19.240000000000002       -1.8810656453126698E-002  0.81545176536508290       0.81504852516250148     
   19.260000000000002       -3.1484756340356926E-002  0.81561806074861098       0.82518780507228551     
   19.280000000000001       -1.9470212894697456E-002  0.81587831657190268       0.81557617031575802     
   19.300000000000001       -3.2297533474082381E-002  0.81600291262424407       0.82583802677926599     
   19.320000000000000       -1.9980210833094463E-002  0.81622019232808574       0.81598416866647561     
   19.340000000000000       -3.2925727571145959E-002  0.81630145134070053       0.82634058205691674     
   19.359999999999999       -2.0336958493072176E-002  0.81647399778183971       0.81626956679445772     
   19.379999999999999       -3.3364724980619702E-002  0.81651058601919091       0.82669177998449583     
   19.400000000000002       -2.0537868129416308E-002  0.81663694927734598       0.81643029450353310     
   19.420000000000002       -3.3611093505585693E-002  0.81662784315458814       0.82688887480446871     
   19.440000000000001       -2.0581463424574009E-002  0.81670688635515032       0.81646517073965930     
   19.460000000000001       -3.3662592594129195E-002  0.81665137659528730       0.82693007407530339     
   19.480000000000000       -2.0467379620789195E-002  0.81668227970675744       0.81637390369663143     
   19.500000000000000       -3.3518176186376557E-002  0.81657997346808087       0.82681454094910123     
   19.520000000000000       -2.0196356440565746E-002  0.81656223506975889       0.81615708515245267     
   19.539999999999999       -3.3177988270274059E-002  0.81641305604722747       0.82654239061621926     
   19.559999999999999       -1.9770223894263736E-002  0.81634649307548179       0.81581617911541093     
   19.580000000000002       -3.2643351243192280E-002  0.81615067959240184       0.82611468099455387     
   19.600000000000001       -1.9191881117671356E-002  0.81603542508645632       0.81535350489413716     
   19.620000000000001       -3.1916747219827138E-002  0.81579352620532675       0.82553339777586177     
   19.640000000000001       -1.8465268425220810E-002  0.81563002508585825       0.81477221474017680     
   19.660000000000000       -3.1001792468992831E-002  0.81534289477944344       0.82480143397519434     
   19.680000000000000       -1.7595332805872922E-002  0.81513189770535521       0.81407626624469831     
   19.699999999999999       -2.9903205202513525E-002  0.81480068714087528       0.82392256416201082     
   19.719999999999999       -1.6587987128336427E-002  0.81454324250123289       0.81327038970266929     
   19.740000000000002       -2.8626766978280697E-002  0.81416939050195536       0.82290141358262459     
   19.760000000000002       -1.5450063359980533E-002  0.81386683461127041       0.81236005068798445     
   19.780000000000001       -2.7179278016426903E-002  0.81345205637069140       0.82174342241314147     
   19.800000000000001       -1.4189260139324176E-002  0.81310600194637572       0.81135140811145934     
   19.820000000000000       -2.5568506762263115E-002  0.81265227608046087       0.82045480540981053     
   19.840000000000000       -1.2814085075138365E-002  0.81226459909131565       0.81025126806011072     
   19.859999999999999       -2.3803134061940859E-002  0.81177415312400059       0.81904250724955274     
   19.879999999999999       -1.1333792175791692E-002  0.81134697810802225       0.80906703374063338     
   19.900000000000002       -2.1892692346553722E-002  0.81082227249413252       0.81751415387724302     
   19.920000000000002       -9.7583148403331838E-003  0.81035795645258590       0.80780665187226663     
   19.940000000000001       -1.9847500247424744E-002  0.80980166725063496       0.81587800019793988     
   19.960000000000001       -8.0981948677894561E-003  0.80930278223329410       0.80647855589423156     
   19.980000000000000       -1.7678593089494384E-002  0.80871778254809568       0.81414287447159561     
   20.000000000000000       -6.3645079631215670E-003  0.80818709705170011       0.80509160637049737     
