   0.00000000       1.00000000       0.00000000    
   2.5000000000000000        1.0000000000000000        0.0000000000000000        0.0000000000000000     
   2.5200000000000000        1.0000000000000000        0.0000000000000000        0.0000000000000000     
   2.5400000000000000       0.99978028404845820        0.0000000000000000        4.3943190308359803E-004
   2.5600000000000001       0.99912100746585264        4.0000000000000002E-004   1.7579850682947207E-003
   2.5800000000000001       0.99846209833207333        1.1999999999999999E-003   3.0758033358533332E-003
   2.6000000000000001       0.99736514981591540        2.3987196857479989E-003   5.2697003681692056E-003
   2.6200000000000001       0.99626884872384480        3.9961590695684647E-003   7.4623025523103959E-003
   2.6400000000000001       0.99473755331491742        5.9897618831394007E-003   1.0524893370165156E-002
   2.6600000000000001       0.99320708799941471        8.3795286743859852E-003   1.3585824001170588E-002
   2.6800000000000002       0.99124619461857255        1.1161636169229012E-002   1.7507610762854897E-002
   2.7000000000000002       0.98928620630532837        1.4336086475076748E-002   2.1427587389343250E-002
   2.7200000000000002       0.98690186955832671        1.7897802825299531E-002   2.6196260883346589E-002
   2.7400000000000002       0.98451839424488330        2.1846790386458152E-002   3.0963211510233402E-002
   2.7600000000000002       0.98171815057117151        2.6176736946336359E-002   3.6563698857656979E-002
   2.7800000000000002       0.97891859469075782        3.0887652667253313E-002   4.2162810618484370E-002
   2.8000000000000003       0.97571133295681511        3.5972012432693851E-002   4.8577334086369772E-002
   2.8199999999999998       0.97250444353114041        4.1429833722239996E-002   5.4991112937719189E-002
   2.8399999999999999       0.96890037019319686        4.7252405502256963E-002   6.2199259613606284E-002
   2.8599999999999999       0.96529619960438628        5.3439755211995607E-002   6.9407600791227431E-002
   2.8799999999999999       0.96130679858917767        5.9982017275359088E-002   7.7386402821644662E-002
   2.8999999999999999       0.95731666412458749        6.6879231980198905E-002   8.5366671750825018E-002
   2.9199999999999999       0.95295465160003090        7.4120414900470458E-002   9.4090696799938200E-002
   2.9399999999999999       0.94859108994666042        8.1705622225225358E-002  0.10281782010667917     
   2.9600000000000000       0.94387036417692249        8.9622790606585512E-002  0.11225927164615501     
   2.9800000000000000       0.93914708106444345        9.7871995261893330E-002  0.12170583787111311     
   3.0000000000000000       0.93408266756570002       0.10644013798868321       0.13183466486859996     
   3.0200000000000000       0.92901448277865539       0.11532731614105243       0.14197103444268921     
   3.0400000000000000       0.92362247501280714       0.12451944475598137       0.15275504997438571     
   3.0600000000000001       0.91822526301318996       0.13401664631963056       0.16354947397362007     
   3.0800000000000001       0.91252275887680290       0.14380390109933325       0.17495448224639421     
   3.1000000000000001       0.90681338529790434       0.15388135950214499       0.18637322940419132     
   3.1200000000000001       0.90081841968258258       0.16423312276439356       0.19836316063483483     
   3.1400000000000001       0.89481467397359571       0.17485937170691318       0.21037065205280858     
   3.1600000000000001       0.88854614769175866       0.18574338785148620       0.22290770461648268     
   3.1800000000000002       0.88226667221003618       0.19688538454663262       0.23546665557992763     
   3.2000000000000002       0.87574427759656481       0.20826788630179757       0.24851144480687037     
   3.2200000000000002       0.86920849346055040       0.21989114065400778       0.26158301307889920     
   3.2400000000000002       0.86245263697588570       0.23173698097295284       0.27509472604822860     
   3.2600000000000002       0.85568066700646994       0.24380569012901171       0.28863866598706012     
   3.2800000000000002       0.84871238918039360       0.25607847915554305       0.30257522163921280     
   3.3000000000000003       0.84172497827169290       0.26855566683553128       0.31655004345661419     
   3.3200000000000003       0.83456587133910654       0.28121791333607388       0.33086825732178693     
   3.3399999999999999       0.82738430461133183       0.29406557333183680       0.34523139077733633     
   3.3599999999999999       0.82005642820179137       0.30707882997139202       0.35988714359641727     
   3.3799999999999999       0.81270244729888530       0.32025807318183547       0.37459510540222940     
   3.3999999999999999       0.80522824255036807       0.33358308500516698       0.38954351489926387     
   3.4199999999999999       0.79772396045336480       0.34705428936264054       0.40455207909327040     
   3.4399999999999999       0.79012616292768112       0.36065114482870636       0.41974767414463776     
   3.4600000000000000       0.78249397766122220       0.37437410745883648       0.43501204467755561     
   3.4800000000000000       0.77479552944357655       0.38820239136641327       0.45040894111284691     
   3.5000000000000000       0.76705803705764208       0.40213648231507854       0.46588392588471583     
   3.5200000000000000       0.75928199842606092       0.41615542995074334       0.48143600314787816     
   3.5400000000000000       0.75146190563771287       0.43025974680651141       0.49707618872457426     
   3.5600000000000001       0.74363136668935392       0.44442839864264261       0.51273726662129215     
   3.5800000000000001       0.73575140357010227       0.45866192138092110       0.52849719285979546     
   3.6000000000000001       0.72788939619083337       0.47293927765122229       0.54422120761833326     
   3.6200000000000001       0.71997222928412163       0.48726102302766566       0.56005554143175673     
   3.6400000000000001       0.71210163984519770       0.50160619751086366       0.57579672030960460     
   3.6600000000000001       0.70416978609545655       0.51597537233616209       0.59166042780908690     
   3.6800000000000002       0.69631326925665038       0.53034774468496393       0.60737346148669924     
   3.7000000000000002       0.68838901112640360       0.54472389732103277       0.62322197774719279     
   3.7200000000000002       0.68056890511858104       0.55908326328309732       0.63886218976283793     
   3.7400000000000002       0.67267420726323723       0.57342643271178395       0.65465158547352553     
   3.7600000000000002       0.66491245101515517       0.58773315160229300       0.67017509796968966     
   3.7800000000000002       0.65706887887642285       0.60200401343196608       0.68586224224715431     
   3.8000000000000003       0.64938693134051562       0.61621915223326273       0.70122613731896877     
   3.8200000000000003       0.64161557200889641       0.63037916102593972       0.71676885598220719     
   3.8399999999999999       0.63403433402907827       0.64446463450854030       0.73193133194184345     
   3.8599999999999999       0.62635571971368675       0.65847616183040170       0.74728856057262649     
   3.8799999999999999       0.61889545876479946       0.67239486811133875       0.76220908247040109     
   3.8999999999999999       0.61132949319491448       0.68622133573247301       0.77734101361017105     
   3.9199999999999999       0.60400977130848776       0.69993728671122879       0.79198045738302447     
   3.9399999999999999       0.59657565937584045       0.71354329440604947       0.80684868124831910     
   3.9600000000000000       0.58941526455039728       0.72702174054517477       0.82116947089920544     
   3.9800000000000000       0.58213144548434981       0.74037318797302176       0.83573710903130038     
   4.0000000000000000       0.57514832686068085       0.75358073691967942       0.84970334627863831     
   4.0200000000000005       0.56803241121024850       0.76664493909546305       0.86393517757950300     
   4.0400000000000000       0.56124361827301683       0.77954966767144485       0.87751276345396634     
   4.0600000000000005       0.55431232895024496       0.79229546356864899       0.89137534209951008     
   4.0800000000000001       0.54773395499706889       0.80486702268969768       0.90453209000586221     
   4.0999999999999996       0.54100307261571645       0.81726487655239766       0.91799385476856710     
   4.1200000000000001       0.53465020271363595       0.82947458867272139       0.93069959457272811     
   4.1399999999999997       0.52813451543555201       0.84149668364935870       0.94373096912889598     
   4.1600000000000001       0.52202117906263568       0.85331763236387081       0.95595764187472865     
   4.1799999999999997       0.51573443714177281       0.86493795611310675       0.96853112571645439     
   4.2000000000000002       0.50987356568868403       0.87634506758796582       0.98025286862263195     
   4.2199999999999998       0.50382844087949041       0.88753948954584272       0.99234311824101917     
   4.2400000000000002       0.49823183016223027       0.89850960548710590        1.0035363396755395     
   4.2599999999999998       0.49243988013533191       0.90925594552477707        1.0151202397293362     
   4.2800000000000002       0.48711815804623143       0.91976788743524640        1.0257636839075372     
   4.2999999999999998       0.48158979592997303       0.93004597567748581        1.0368204081400538     
   4.3200000000000003       0.47655239532944332       0.94008060019288031        1.0468952093411135     
   4.3399999999999999       0.47129686447113273       0.94987232780930142        1.0574062710577345     
   4.3600000000000003       0.46655200139781433       0.95941257294661386        1.0668959972043712     
   4.3799999999999999       0.46157735541352735       0.96870193376971014        1.0768452891729452     
   4.4000000000000004       0.45713201266543407       0.97773285596276438        1.0857359746691317     
   4.4199999999999999       0.45244510082210643       0.98650597882953961        1.0951097983557871     
   4.4400000000000004       0.44830501693624564       0.99501478066917970        1.1033899661275086     
   4.4600000000000000       0.44391147488462640        1.0032599524258354        1.1121770502307471     
   4.4800000000000004       0.44008113851751712        1.0112360010647226        1.1198377229649656     
   4.5000000000000000       0.43598538436949913        1.0189436802166476        1.1280292312610016     
   4.5200000000000005       0.43246803405611084        1.0263785164410426        1.1350639318877782     
   4.5400000000000000       0.42867326977510284        1.0335413374728994        1.1426534604497944     
   4.5600000000000005       0.42547089901911522        1.0404286754860008        1.1490582019617697     
   4.5800000000000001       0.42197911706759061        1.0470414439188607        1.1560417658648188     
   4.6000000000000005       0.41909248469163629        1.0533771619219847        1.1618150306167274     
   4.6200000000000001       0.41590447985589540        1.0594368402161112        1.1681910402882092     
   4.6399999999999997       0.41333312551669954        1.0652189619151384        1.1733337489666009     
   4.6600000000000001       0.41044851180532227        1.0707246463679085        1.1791029763893555     
   4.6799999999999997       0.40819077655550301        1.0759533135727555        1.1836184468889939     
   4.7000000000000002       0.40560800904505478        1.0809062024012022        1.1887839819098904     
   4.7199999999999998       0.40366106080089609        1.0855836389254649        1.1926778783982077     
   4.7400000000000002       0.40137746228028137        1.0899869917618807        1.1972450754394373     
   4.7599999999999998       0.39973732603313805        1.0941174588680731        1.2005253479337239     
   4.7800000000000002       0.39774911827667647        1.0979765479347641        1.2045017634466471     
   4.7999999999999998       0.39641071086491558        1.1015662916075482        1.2071785782701689     
   4.8200000000000003       0.39471305034383902        1.1048883448731344        1.2105738993123221     
   4.8399999999999999       0.39367021958245874        1.1079455352384542        1.2126595608350825     
   4.8600000000000003       0.39225723740518914        1.1107396718928011        1.2154855251896217     
   4.8799999999999999       0.39150280535157517        1.1132743351347347        1.2169943892968496     
   4.9000000000000004       0.39036765120492950        1.1155514937525628        1.2192646975901411     
   4.9199999999999999       0.38989346132169772        1.1175754369118143        1.2202130773566044     
   4.9400000000000004       0.38902835116816548        1.1193482967061061        1.2219432976636690     
   4.9600000000000000       0.38882531912778084        1.1208750257742275        1.2223493617444383     
   4.9800000000000004       0.38822158639830673        1.1221579213695732        1.2235568272033865     
   5.0000000000000000       0.38827975425923777        1.1232025531211036        1.2234404914815245     
   5.0200000000000005       0.38792790426659546        1.1240113833039655        1.2241441914668090     
   5.0400000000000000       0.38823649773723384        1.1245905513344956        1.2235270045255322     
   5.0600000000000005       0.38812626502215869        1.1249426822618782        1.2237474699556827     
   5.0800000000000001       0.38867375351666783        1.1250744377235569        1.2226524929666645     
   5.1000000000000005       0.38879416182749127        1.1249886010936325        1.2224116763450175     
   5.1200000000000001       0.38956832100720451        1.1246923086405951        1.2208633579855910     
   5.1399999999999997       0.38990774560385000        1.1241884953483403        1.2201845087923000     
   5.1600000000000001       0.39089572208886580        1.1234847248229469        1.2182085558222684     
   5.1799999999999997       0.39144195405377130        1.1225840746406777        1.2171160918924575     
   5.2000000000000002       0.39263033198203195        1.1214944890471192        1.2147393360359362     
   5.2199999999999998       0.39337064421389323        1.1202191768838927        1.2132587115722135     
   5.2400000000000002       0.39474551331931462        1.1187664172086416        1.2105089733613708     
   5.2599999999999998       0.39566672788052110        1.1171395365137806        1.2086665442389579     
   5.2800000000000002       0.39721375275768889        1.1153471039623930        1.2055724944846222     
   5.2999999999999998       0.39830230924296828        1.1133925478467663        1.2033953815140634     
   5.3200000000000003       0.40000679946353973        1.1112846840737285        1.1999864010729206     
   5.3399999999999999       0.40124882405564566        1.1090270247279106        1.1975023518887087     
   5.3600000000000003       0.40309580480090035        1.1066285906404063        1.1938083903981993     
   5.3799999999999999       0.40447717967916680        1.1040929576313832        1.1910456406416663     
   5.4000000000000004       0.40645146255412662        1.1014293113491713        1.1870970748917467     
   5.4199999999999999       0.40795789532336035        1.0986412693768999        1.1840842093532793     
   5.4400000000000004       0.41004414902052921        1.0957381439287992        1.1799117019589416     
   5.4600000000000000       0.41166124183099689        1.0927235706206049        1.1766775163380063     
   5.4800000000000004       0.41384406231603010        1.0896069519535179        1.1723118753679398     
   5.5000000000000000       0.41555738035018724        1.0863919162681759        1.1688852392996254     
   5.5200000000000005       0.41782136024764976        1.0830879221371164        1.1643572795047006     
   5.5400000000000000       0.41961649925571654        1.0796985639414274        1.1607670014885669     
   5.5600000000000005       0.42194629612048368        1.0762333242387654        1.1561074077590328     
   5.5800000000000001       0.42380894869494662        1.0726957356077143        1.1523821026101069     
   5.6000000000000005       0.42618935186368834        1.0690952746768276        1.1476212962726233     
   5.6200000000000001       0.42810537215224415        1.0654353834539687        1.1437892556955118     
   5.6399999999999997       0.43052136787974982        1.0617255049168473        1.1389572642405004     
   5.6600000000000001       0.43247683444704144        1.0579689610545697        1.1350463311059171     
   5.6799999999999997       0.43491366904381962        1.0541751356647420        1.1301726619123609     
   5.7000000000000002       0.43689494560447845        1.0503472008446320        1.1262101087910432     
   5.7199999999999998       0.43933818630503035        1.0464944578561692        1.1213236273899394     
   5.7400000000000002       0.44133198006395269        1.0426198988679067        1.1173360398720946     
   5.7599999999999998       0.44376757336928702        1.0387327213884168        1.1124648532614261     
   5.7800000000000002       0.44576099071965980        1.0348357077216845        1.1084780185606804     
   5.7999999999999998       0.44817531797290422        1.0309379324921719        1.1036493640541916     
   5.8200000000000003       0.45015591731816773        1.0270419385700800        1.0996881653636645     
   5.8399999999999999       0.45253584728845148        1.0231566605876035        1.0949283054230969     
   5.8600000000000003       0.45449168877105334        1.0192843730422594        1.0910166224578934     
   5.8799999999999999       0.45682462703808818        1.0154338554125102        1.0863507459238235     
   5.9000000000000004       0.45874431897545631        1.0116070857737856        1.0825113620490874     
   5.9199999999999999       0.46101825392533713        1.0078126751503080        1.0779634921493257     
   5.9400000000000004       0.46289099577187681        1.0040522782877410        1.0742180084562465     
   5.9600000000000000       0.46509454103345660        1.0003343262226294        1.0698109179330868     
   5.9800000000000004       0.46691016270646718       0.99666012484795863        1.0661796745870658     
   6.0000000000000000       0.46903259587713458       0.99303791534570895        1.0619348082457307     
   6.0200000000000005       0.47078159330424019       0.98946863084983516        1.0584368133915196     
   6.0400000000000000       0.47281289083394007       0.98596031438178755        1.0543742183321199     
   6.0600000000000005       0.47448645759983765       0.98251350424538175        1.0510270848003247     
   6.0800000000000001       0.47641732572262058       0.97913603844704011        1.0471653485547590     
   6.1000000000000005       0.47800738071356574       0.97582804042852300        1.0439852385728685     
   6.1200000000000001       0.47982928233673072       0.97259713766617351        1.0403414353265386     
   6.1400000000000006       0.48132849330210220       0.96944302093474732        1.0373430133957955     
   6.1600000000000001       0.48303367078400206       0.96637310289141942        1.0339326584319959     
   6.1799999999999997       0.48443547375540963       0.96338662623634275        1.0311290524891807     
   6.2000000000000002       0.48601696752411683       0.96049078563042101        1.0279660649517663     
   6.2199999999999998       0.48731558205373915       0.95768436284096492        1.0253688358925217     
   6.2400000000000002       0.48876724503992053       0.95497433235391815        1.0224655099201589     
   6.2599999999999998       0.48995768524097649       0.95235900482765079        1.0200846295180470     
   6.2800000000000002       0.49127419311939124       0.94984513328049336        1.0174516137612175     
   6.2999999999999998       0.49235227451275970       0.94743054988087827        1.0152954509744805     
   6.3200000000000003       0.49352913176767826       0.94512178566239591        1.0129417364646436     
   6.3399999999999999       0.49449147395958132       0.94291618981031178        1.0110170520808373     
   6.3600000000000003       0.49552501581002106       0.94082007152387892        1.0089499683799579     
   6.3799999999999999       0.49636904104627816       0.93883029547181662        1.0072619179074436     
   6.4000000000000004       0.49725643128716424       0.93695294973202847        1.0054871374256715     
   6.4199999999999999       0.49798035894970616       0.93518441593448443        1.0040392821005877     
   6.4400000000000004       0.49871958378479858       0.93353056220995345        1.0025608324304027     
   6.4600000000000000       0.49932242091580381       0.93198729166918204        1.0013551581683924     
   6.4800000000000004       0.49991227887738615       0.93056025403393250        1.0001754422452276     
   6.5000000000000000       0.50039380683547341       0.92924488146682505       0.99921238632905318     
   6.5200000000000005       0.50083389490428387       0.92804660708986164       0.99833221019143226     
   6.5400000000000000       0.50119465227556814       0.92696040272950375       0.99761069544886372     
   6.5600000000000005       0.50148534833218006       0.92599148690051258       0.99702930333563988     
   6.5800000000000001       0.50172661023658782       0.92513438471506237       0.99654677952682436     
   6.6000000000000005       0.50186905199232679       0.92439410217399953       0.99626189601534643     
   6.6200000000000001       0.50199280594227857       0.92376473425606809       0.99601438811544285     
   6.6400000000000006       0.50198886651371832       0.92325107656569250       0.99602226697256335     
   6.6600000000000001       0.50199778499804792       0.92284681341755759       0.99600443000390415     
   6.6799999999999997       0.50185004530407507       0.92255653209094068       0.99629990939184987     
   6.7000000000000002       0.50174745528477893       0.92237352850478338       0.99650508943044214     
   6.7199999999999998       0.50145917345909019       0.92230218357458327       0.99708165308181962     
   6.7400000000000002       0.50124902298212382       0.92233542978265082       0.99750195403575237     
   6.7599999999999998       0.50082410100674846       0.92247744347560401       0.99835179798650309     
   6.7800000000000002       0.50051092314053491       0.92272082122285615       0.99897815371893017     
   6.7999999999999998       0.49995387091750071       0.92306953638158395        1.0000922581649987     
   6.8200000000000003       0.49954274524403897       0.92351587955309944        1.0009145095119221     
   6.8399999999999999       0.49885864233256821       0.92406362242809081        1.0022827153348635     
   6.8600000000000003       0.49835515422596371       0.92470478184535088        1.0032896915480727     
   6.8799999999999999       0.49754960948155169       0.92544292886288770        1.0049007810368966     
   6.9000000000000004       0.49695980741740148       0.92626984084710473        1.0060803851651969     
   6.9199999999999999       0.49603891677675055       0.92718888894406071        1.0079221664464990     
   6.9400000000000004       0.49536926792305785       0.92819164723106529        1.0092614641538842     
   6.9600000000000000       0.49433957058508943       0.92928128733495785        1.0113208588298210     
   6.9800000000000004       0.49359691493123092       0.93044921791478896        1.0128061701375382     
   7.0000000000000000       0.49246534818924875       0.93169841113724472        1.0150693036215026     
   7.0200000000000005       0.49165685147395000       0.93302014958259194        1.0166862970521000     
   7.0400000000000000       0.49043070445746900       0.93441720568651743        1.0191385910850621     
   7.0600000000000005       0.48956381015974898       0.93588077652754931        1.0208723796805019     
   7.0800000000000001       0.48825067674652584       0.93741343422284329        1.0234986465069484     
   7.1000000000000005       0.48733305740514449       0.93900633192170380        1.0253338851897111     
   7.1200000000000001       0.48594078856455425       0.94066184054121371        1.0281184228708915     
   7.1400000000000006       0.48498029669164444       0.94237111161762033        1.0300394066167111     
   7.1600000000000001       0.48351695251974985       0.94413631372432916        1.0329660949605004     
   7.1799999999999997       0.48252157137304907       0.94594863958419739        1.0349568572539019     
   7.2000000000000002       0.48099537307752671       0.94781005406222507        1.0380092538449466     
   7.2199999999999998       0.47997316755296637       0.94971183408406856        1.0400536648940673     
   7.2400000000000002       0.47839244964251154       0.95165573926998692        1.0432151007149768     
   7.2599999999999998       0.47735151754490379       0.95363317370897760        1.0452969649101924     
   7.2800000000000002       0.47572468047286970       0.95564569012611478        1.0485506390542607     
   7.2999999999999998       0.47467310441708799       0.95768486240298711        1.0506537911658240     
   7.3200000000000003       0.47300856792296553       0.95975203466976389        1.0539828641540689     
   7.3399999999999999       0.47195436811139307       0.96183899262132178        1.0560912637772137     
   7.3600000000000003       0.47026052549635489       0.96394687011516966        1.0594789490072902     
   7.3799999999999999       0.46921161361052416       0.96606770579468282        1.0615767727789516     
   7.4000000000000004       0.46749678717469423       0.96820242166565440        1.0650064256506115     
   7.4199999999999999       0.46646092161001912       0.97034334929508737        1.0670781567799619     
   7.4400000000000004       0.46473331946945018       0.97249119743777257        1.0705333610610996     
   7.4600000000000000       0.46371806213182332       0.97463862912926036        1.0725638757363534     
   7.4800000000000004       0.46198573662243358       0.97678613873802322        1.0760285267551328     
   7.5000000000000000       0.46099841149429455       0.97892675761933790        1.0780031770114109     
   7.5200000000000005       0.45926921935830489       0.98106076496999561        1.0814615612833902     
   7.5400000000000000       0.45831687302965141       0.98318159536774175        1.0833662539406972     
   7.5600000000000005       0.45659843756745050       0.98528931248863394        1.0868031248650989     
   7.5800000000000001       0.45568780191424457       0.98737778684348543        1.0886243961715110     
   7.6000000000000005       0.45398747727117067       0.98944686676014681        1.0920250454576585     
   7.6200000000000001       0.45312493444976393       0.99149088897047255        1.0937501311004723     
   7.6400000000000006       0.45144977219311344       0.99350948723085208        1.0971004556137731     
   7.6600000000000001       0.45064132210476537       0.99549749214441963        1.0987173557904693     
   7.6799999999999997       0.44899804023150369       0.99745432435555603        1.1020039195369926     
   7.7000000000000002       0.44824927059588021       0.99937533315353277        1.1035014588082395     
   7.7199999999999998       0.44664422509612850        1.0012597282856943        1.1067115498077431     
   7.7400000000000002       0.44596028425693451        1.0031033995287457        1.1080794314861309     
   7.7599999999999998       0.44439944334242776        1.0049053487691502        1.1112011133151445     
   7.7800000000000002       0.44378501591213626        1.0066620249019089        1.1124299681757275     
   7.7999999999999998       0.44227393700258361        1.0083722258670458        1.1154521259948327     
   7.8200000000000003       0.44173322243666774        1.0100329750044910        1.1165335551266646     
   7.8399999999999999       0.44027703198038742        1.0116428711477330        1.1194459360392250     
   7.8600000000000003       0.43981372615463160        1.0131995239948290        1.1203725476907369     
   7.8799999999999999       0.43841710234307518        1.0147013390741839        1.1231657953138496     
   7.9000000000000004       0.43803438219053048        1.0161465208584661        1.1239312356189390     
   7.9199999999999999       0.43670154060944349        1.0175332883579002        1.1265969187811131     
   7.9400000000000004       0.43640205185649289        1.0188604456833010        1.1271958962870143     
   7.9600000000000000       0.43513673409957671        1.0201260331098809        1.1297265318008467     
   7.9800000000000004       0.43492258212347767        1.0213294556688477        1.1301548357530447     
   8.0000000000000000       0.43372804737761111        1.0224685836768557        1.1325439052447779     
   8.0199999999999996       0.43360079119088069        1.0235434207866125        1.1327984176182386     
   8.0400000000000009       0.43247981078531833        1.0245516771086118        1.1350403784293635     
   8.0600000000000005       0.43244046013550325        1.0254939490659971        1.1351190797289936     
   8.0800000000000001       0.43139531503108286        1.0263677972594727        1.1372093699378343     
   8.0999999999999996       0.43144433058790765        1.0271744015371469        1.1371113388241847     
   8.1200000000000010       0.43047681176625258        1.0279111845835487        1.1390463764674950     
   8.1400000000000006       0.43061410835194158        1.0285798969181985        1.1387717832961168     
   8.1600000000000001       0.42972552004902587        1.0291778357389574        1.1405489599019483     
   8.1799999999999997       0.42995047285183824        1.0297073061894306        1.1400990542963236     
   8.1999999999999993       0.42914163856516707        1.0301654931705699        1.1417167228696659     
   8.2200000000000006       0.42945309226094336        1.0305552372503701        1.1410938154781132     
   8.2400000000000002       0.42872436344507253        1.0308736248935577        1.1425512731098548     
   8.2599999999999998       0.42912064413694362        1.0311240099078038        1.1417587117261128     
   8.2799999999999994       0.42847191148818847        1.0313033947509829        1.1430561770236229     
   8.3000000000000007       0.42895084136061823        1.0314156214925838        1.1420983172787635     
   8.3200000000000003       0.42838154857865768        1.0314576234675190        1.1432369028426845     
   8.3399999999999999       0.42894046314874212        1.0314337034507912        1.1421190737025158     
   8.3599999999999994       0.42844962305046991        1.0313407408678554        1.1431007538990601     
   8.3800000000000008       0.42908539088696673        1.0311834693000643        1.1418292182260665     
   8.4000000000000004       0.42867160373644175        1.0309587296722600        1.1426567925271165     
   8.4199999999999999       0.42938064850540963        1.0306716543844423        1.1412387029891806     
   8.4399999999999995       0.42904212241316342        1.0303190613228592        1.1419157551736732     
   8.4600000000000009       0.42982044709840606        1.0299064479006423        1.1403591058031879     
   8.4800000000000004       0.42955502033372805        1.0294306243322489        1.1408899593325439     
   8.5000000000000000       0.43039823347051004        1.0288974177052141        1.1392035330589798     
   8.5199999999999996       0.43020339852169442        1.0283036456809185        1.1395932029566112     
   8.5400000000000009       0.43110674227346640        1.0276554284452055        1.1377865154530671     
   8.5600000000000005       0.43097967148340410        1.0269496058214462        1.1380406570331918     
   8.5800000000000001       0.43193805138358088        1.0261925535847014        1.1361238972328382     
   8.5999999999999996       0.43187562398154783        1.0253811478754122        1.1362487520369045     
   8.6200000000000010       0.43288364015575320        1.0245219819257931        1.1342327196884936     
   8.6400000000000006       0.43288247050080692        1.0236119816332283        1.1342350589983861     
   8.6600000000000001       0.43393445017945687        1.0226579192449550        1.1321310996410863     
   8.6799999999999997       0.43399091702652531        1.0216567829877461        1.1320181659469495     
   8.7000000000000011       0.43508094815318532        1.0206154856845329        1.1298381036936294     
   8.7200000000000006       0.43519122474972532        1.0195310894491680        1.1296175505005492     
   8.7400000000000002       0.43631319048735645        1.0184106095538084        1.1273736190252870     
   8.7599999999999998       0.43647327530638191        1.0172511924017071        1.1270534493872362     
   8.7799999999999994       0.43762088924139059        1.0160599182050905        1.1247582215172187     
   8.8000000000000007       0.43782663715571773        1.0148340267713887        1.1243467256885644     
   8.8200000000000003       0.43899347899864283        1.0135806266572580        1.1220130420027143     
   8.8399999999999999       0.43924063270136765        1.0122970587794509        1.1215187345972648     
   8.8599999999999994       0.44042018428306784        1.0109904246423045        1.1191596314338643     
   8.8800000000000008       0.44070440576056230        1.0096581724569549        1.1185911884788755     
   8.9000000000000004       0.44189008712389227        1.0083073627496837        1.1162198257522156     
   8.9199999999999999       0.44220698898996313        1.0069355555935371        1.1155860220200737     
   8.9399999999999995       0.44339219437913119        1.0055497383386465        1.1132156112417375     
   8.9600000000000009       0.44373737088240189        1.0041475857867526        1.1125252582351961     
   8.9800000000000004       0.44491550443545613        1.0027359818804329        1.1101689911290877     
   9.0000000000000000       0.44528456195647809        1.0013127172482965        1.1094308760870439     
   9.0199999999999996       0.44644907291064345       0.99988454438022489        1.1071018541787132     
   9.0400000000000009       0.44683765977068057       0.99844936900960957        1.1063246804586389     
   9.0600000000000005       0.44798207699553122       0.99701378651320516        1.1040358460089377     
   9.0800000000000001       0.44838591240535081       0.99557581515215743        1.1032281751892983     
   9.0999999999999996       0.44950387808500725       0.99414187009019195        1.1009922438299855     
   9.1200000000000010       0.44991878006930486       0.99271007766709018        1.1001624398613903     
   9.1400000000000006       0.45100408236195089       0.99128665244614711        1.0979918352760982     
   9.1600000000000001       0.45142599450318682       0.98986982252528211        1.0971480109936262     
   9.1799999999999997       0.45247259901415671       0.98846558431959564        1.0950548019716866     
   9.2000000000000011       0.45289761586853211       0.98707225951205790        1.0942047682629359     
   9.2200000000000006       0.45389969578197104       0.98569561176290932        1.0922006084360580     
   9.2400000000000002       0.45432408682996644       0.98433404635138910        1.0913518263400670     
   9.2599999999999998       0.45527605155356021       0.98299308259256624        1.0894478968928796     
   9.2799999999999994       0.45569628355783520       0.98167119761228094        1.0886074328843296     
   9.3000000000000007       0.45659280574527722       0.98037365785517472        1.0868143885094455     
   9.3200000000000003       0.45700556339972420       0.97909899885559348        1.0859888732005516     
   9.3399999999999999       0.45784160422637860       0.97785222874955058        1.0843167915472427     
   9.3599999999999994       0.45824380899166839       0.97663192644296415        1.0835123820166632     
   9.3800000000000008       0.45901464157022775       0.97544283940746879        1.0819707168595445     
   9.4000000000000004       0.45940346860321196       0.97428357339095517        1.0811930627935760     
   9.4199999999999999       0.46010469943797266       0.97315861589641328        1.0797906011240546     
   9.4399999999999995       0.46047759253474413       0.97206658161339077        1.0790448149305116     
   9.4600000000000009       0.46110518092535846       0.97101170176663121        1.0777896381492831     
   9.4800000000000004       0.46145986541054562       0.96999258085323636        1.0770802691789088     
   9.5000000000000000       0.46201014072868785       0.96901320042266958        1.0759797185426243     
   9.5199999999999996       0.46234463423659561       0.96807213456260865        1.0753107315268089     
   9.5400000000000009       0.46281431101182396       0.96717312455624138        1.0743713779763522     
   9.5600000000000005       0.46312693211825839       0.96631469294581396        1.0737461357634832     
   9.5800000000000001       0.46351312288239438       0.96550035283326796        1.0729737542352114     
   9.5999999999999996       0.46380249755934344       0.96472855333600083        1.0723950048813131     
   9.6200000000000010       0.46410272341184761       0.96400259398335419        1.0717945531763049     
   9.6400000000000006       0.46436778929056211       0.96332082803125318        1.0712644214188758     
   9.6600000000000001       0.46457998816058704       0.96268635839513883        1.0708400236788260     
   9.6799999999999997       0.46481999660193446       0.96209741967110329        1.0703600067961312     
   9.7000000000000011       0.46494252919590684       0.96155693727609415        1.0701149416081863     
   9.7200000000000006       0.46515704518008394       0.96106300418969215        1.0696859096398321     
   9.7400000000000002       0.46518869861673284       0.96061838939077637        1.0696226027665343     
   9.7599999999999998       0.46537759847744420       0.96022102133740361        1.0692448030451116     
   9.7799999999999994       0.46531758762508013       0.95987353534738962        1.0693648247498397     
   9.8000000000000007       0.46548105466604561       0.95957367271903826        1.0690378906679088     
   9.8200000000000003       0.46532902120953179       0.95932395935917736        1.0693419575809364     
   9.8399999999999999       0.46546753925360557       0.95912192725370571        1.0690649214927888     
   9.8599999999999994       0.46522354853077957       0.95897001836473450        1.0695529029384407     
   9.8800000000000008       0.46533789346397697       0.95886553391971074        1.0693242130720462     
   9.9000000000000004       0.46500242912320949       0.95881085835014712        1.0699951417535809     
   9.9199999999999999       0.46509365850747836       0.95880304160730245        1.0698126829850434     
   9.9399999999999995       0.46466761504953191       0.95884443767608329        1.0706647699009362     
   9.9600000000000009       0.46473705588910913       0.95893182586306269        1.0705258882217819     
   9.9800000000000004       0.46422172916742060       0.95906755717480308        1.0715565416651587     
   10.000000000000000       0.46427096392402112       0.95924812227252798        1.0714580721519578     
   10.020000000000000       0.46366803968792036       0.95947589674574485        1.0726639206241593     
   10.040000000000001       0.46369889064975967       0.95974706619225747        1.0726022187004807     
   10.060000000000000       0.46301043122489666       0.96006405814403695        1.0739791375502068     
   10.080000000000000       0.46302494334359462       0.96042273850935844        1.0739501133128107     
   10.100000000000000       0.46225337255293125       0.96082561362414520        1.0754932548941376     
   10.120000000000001       0.46225379487063917       0.96126821707548904        1.0754924102587218     
   10.140000000000001       0.46140188130772158       0.96175316007111278        1.0771962373845567     
   10.160000000000000       0.46139064710431049       0.96227563343381339        1.0772187057913789     
   10.180000000000000       0.46046148587813457       0.96283837822452767        1.0790770282437308     
   10.200000000000001       0.46044119167494602       0.96343623443137871        1.0791176166501080     
   10.220000000000001       0.45943818475252501       0.96407209657568882        1.0811236304949499     
   10.240000000000000       0.45941156831497942       0.96474044828606642        1.0811768633700412     
   10.260000000000000       0.45833840359369166       0.96544435949645802        1.0833231928126166     
   10.279999999999999       0.45830832107995068       0.96617795465667644        1.0833833578400986     
   10.300000000000001       0.45716895032685745       0.96694449913917457        1.0856620993462851     
   10.320000000000000       0.45713835273372133       0.96773775824701935        1.0857232945325572     
   10.340000000000000       0.45593696853328614       0.96856121063069978        1.0881260629334277     
   10.359999999999999       0.45590887759356130       0.96940826546011527        1.0881822448128773     
   10.380000000000001       0.45464988944855483       0.97028263007040960        1.0907002211028902     
   10.400000000000000       0.45462737313623786       0.97117736360674789        1.0907452537275244     
   10.420000000000000       0.45331538286907219       0.97209641483161346        1.0933692342618557     
   10.440000000000000       0.45330153066986500       0.97303250216388759        1.0933969386602700     
   10.460000000000001       0.45194130727316190       0.97398982565858150        1.0961173854536761     
   10.480000000000000       0.45193920537805471       0.97496077557265948        1.0961215892438907     
   10.500000000000000       0.45053565946392227       0.97594981004711767        1.0989286810721555     
   10.520000000000000       0.45054836604286852       0.97694900706280519        1.0989032679142630     
   10.540000000000001       0.44910652404014356       0.97796308639534202        1.1017869519197130     
   10.560000000000000       0.44913704475121369       0.97898383299086067        1.1017259104975725     
   10.580000000000000       0.44766202299884084       0.98001622841310598        1.1046759540023183     
   10.600000000000000       0.44771328688569956       0.98105178718244934        1.1045734262286009     
   10.620000000000001       0.44621026576847894       0.98209574928312049        1.1075794684630420     
   10.640000000000001       0.44628510169560676       0.98313938477526608        1.1074297966087865     
   10.660000000000000       0.44475929996577601       0.98418818507449690        1.1104814000684480     
   10.680000000000000       0.44486041373657698       0.98523320506832035        1.1102791725268459     
   10.700000000000001       0.44331706316112762       0.98628017691974434        1.1133658736777448     
   10.720000000000001       0.44344701545896703       0.98731997289476148        1.1131059690820659     
   10.740000000000000       0.44189133592826291       0.98835855147942964        1.1162173281434742     
   10.760000000000000       0.44205252121459615       0.98938663805007909        1.1158949575708077     
   10.779999999999999       0.44048969644279995       0.99041039923440977        1.1190206071144000     
   10.800000000000001       0.44068432293993010       0.99142045232447584        1.1186313541201398     
   10.820000000000000       0.43911947688199321       0.99242315016384175        1.1217610462360135     
   10.840000000000000       0.43934954776067475       0.99340904370767780        1.1213009044786504     
   10.859999999999999       0.43778772186424919       0.99438464638777913        1.1244245562715016     
   10.880000000000001       0.43805501774838779       0.99534048735621239        1.1238899645032245     
   10.900000000000000       0.43650114915202615       0.99628321137604814        1.1269977016959478     
   10.920000000000000       0.43680721204416140       0.99720337293716210        1.1263855759116772     
   10.940000000000000       0.43526611282562749       0.99810771535008114        1.1294677743487451     
   10.960000000000001       0.43561223154778289       0.99898686798828051        1.1287755369044343     
   10.980000000000000       0.43408856911825922       0.99984763653122888        1.1318228617634816     
   11.000000000000000       0.43447576635315749        1.0006807769622419        1.1310484672936849     
   11.020000000000000       0.43297404508465664        1.0014931179177782        1.1340519098306867     
   11.040000000000001       0.43340306609228990        1.0022755956521490        1.1331938678154203     
   11.060000000000000       0.43192761025671228        1.0030350193030675        1.1361447794865756     
   11.080000000000000       0.43239891333088609        1.0037625607264455        1.1352021733382278     
   11.100000000000000       0.43095385141997622        1.0044649642787227        1.1380922971600476     
   11.120000000000001       0.43146760013877716        1.0051336941335383        1.1370647997224457     
   11.140000000000001       0.43005685062477145        1.0057753819998332        1.1398862987504570     
   11.160000000000000       0.43061290793800455        1.0063818421697823        1.1387741841239909     
   11.180000000000000       0.42924016652509389        1.0069595435226437        1.1415196669498122     
   11.200000000000001       0.42983809071066231        1.0075007090386654        1.1403238185786755     
   11.220000000000001       0.42850681911757821        1.0080115925599469        1.1429863617648435     
   11.240000000000000       0.42914586162759988        1.0084848847639025        1.1417082767448004     
   11.260000000000000       0.42785927793172607        1.0089265705344506        1.1442814441365479     
   11.279999999999999       0.42853838313796361        1.0093298673544941        1.1429232337240727     
   11.300000000000001       0.42729945370144312        1.0097004358459358        1.1454010925971136     
   11.320000000000000       0.42801726053843209        1.0100320791554196        1.1439654789231359     
   11.340000000000000       0.42682869352683739        1.0103300773036532        1.1463426129463252     
   11.359999999999999       0.42758353901999446        1.0105888773532277        1.1448329219600111     
   11.380000000000001       0.42644777951431712        1.0108133217109823        1.1471044409713658     
   11.400000000000000       0.42723770416935980        1.0109985586413115        1.1455245916612804     
   11.420000000000000       0.42615693086241196        1.0111489356247156        1.1476861382751760     
   11.440000000000000       0.42697968588168539        1.0112603580847070        1.1460406282366291     
   11.460000000000001       0.42595580934054611        1.0113366213461177        1.1480883813189078     
   11.480000000000000       0.42680886562139059        1.0113744422587481        1.1463822687572187     
   11.500000000000000       0.42584352808832665        1.0113770072350636        1.1483129438233468     
   11.520000000000000       0.42672408694848962        1.0113418967696366        1.1465518261030208     
   11.540000000000001       0.42581866364389048        1.0112716324717999        1.1483626727122189     
   11.560000000000000       0.42672366920924321        1.0111647082976971        1.1465526615815136     
   11.580000000000000       0.42587927109157703        1.0110229264230188        1.1482414578168458     
   11.600000000000000       0.42680542427209367        1.0108457413356018        1.1463891514558127     
   11.620000000000001       0.42602290220176725        1.0106341827998357        1.1479541955964656     
   11.640000000000001       0.42696667617290984        1.0103887098240660        1.1460666476541803     
   11.660000000000000       0.42624662641924249        1.0101095288246789        1.1475067471615150     
   11.680000000000000       0.42720428351761780        1.0097981439161270        1.1455914329647645     
   11.700000000000001       0.42654705454095809        1.0094538896519549        1.1469058909180838     
   11.720000000000001       0.42751466447541303        1.0090793521281087        1.1449706710491738     
   11.740000000000000       0.42692036490977703        1.0086729483133858        1.1461592701804459     
   11.760000000000000       0.42789382418201749        1.0082383791604475        1.1442123516359650     
   11.779999999999999       0.42736233193754014        1.0077731014830780        1.1452753361249197     
   11.800000000000001       0.42833738435992968        1.0072819596947427        1.1433252312801407     
   11.820000000000000       0.42786835675892898        1.0067614113794809        1.1442632864821420     
   11.840000000000000       0.42884061495137993        1.0062174684943879        1.1423187700972401     
   11.859999999999999       0.42843349980696094        1.0056455541413480        1.1431330003860780     
   11.880000000000001       0.42939846754979571        1.0050528671550050        1.1412030649004086     
   11.900000000000000       0.42905251509169345        1.0044337650325157        1.1418949698166130     
   11.920000000000000       0.43000561040705532        1.0037966478674025        1.1399887791858894     
   11.940000000000000       0.42971988595584643        1.0031347808456514        1.1405602280883071     
   11.960000000000001       0.43065646478668995        1.0024577745699825        1.1386870704266201     
   11.980000000000000       0.43042986207461070        1.0017577798880861        1.1391402758507785     
   12.000000000000000       0.43134524242752020        1.0010456218791681        1.1373095151449597     
   12.020000000000000       0.43117649746191944        1.0003123199433139        1.1376470050761611     
   12.040000000000001       0.43206598387799644       0.99956991219571256        1.1358680322440071     
   12.060000000000000       0.43195368924193400       0.99880827460971011        1.1360926215161320     
   12.080000000000000       0.43281259745876677       0.99804065139143827        1.1343748050824665     
   12.100000000000000       0.43275521694244035       0.99725576842348973        1.1344895661151193     
   12.120000000000001       0.43357889860972221       0.99646806348513128        1.1328422027805556     
   12.140000000000001       0.43357478206626776       0.99566511117583556        1.1328504358674645     
   12.160000000000000       0.43435864937796048       0.99486252471800829        1.1312827012440789     
   12.180000000000000       0.43440604769771263       0.99404673183453263        1.1311879046045747     
   12.200000000000001       0.43514559780474976       0.99323449743830450        1.1297088043905004     
   12.220000000000001       0.43524267790326321       0.99241111247836022        1.1295146441934736     
   12.240000000000000       0.43593351697264332       0.99159446420121056        1.1281329660547135     
   12.260000000000000       0.43607837668964250       0.99076872264796068        1.1278432466207149     
   12.280000000000001       0.43671624347835752       0.98995286248466008        1.1265675130432848     
   12.300000000000001       0.43690692628728783       0.98912995450993280        1.1261861474254244     
   12.320000000000000       0.43748771510284701       0.98832002041334388        1.1250245697943060     
   12.340000000000000       0.43772222453381843       0.98750505922169185        1.1245555509323633     
   12.359999999999999       0.43824200745714004       0.98670609387294028        1.1235159850857199     
   12.380000000000001       0.43851832113976114       0.98590408487307013        1.1229633577204776     
   12.400000000000000       0.43897336939088411       0.98512100538395830        1.1220532612182317     
   12.420000000000000       0.43928945262774938       0.98433681636701265        1.1214210947445014     
   12.440000000000000       0.43967625696013457       0.98357438508989903        1.1206474860797309     
   12.460000000000001       0.44003007574652031       0.98281271758602706        1.1199398485069594     
   12.480000000000000       0.44034536576163225       0.98207551419776284        1.1193092684767354     
   12.500000000000000       0.44073489917223896       0.98134087617337717        1.1185302016555221     
   12.520000000000000       0.44097566145258538       0.98063327119040866        1.1180486770948292     
   12.540000000000001       0.44139891332190129       0.97992995123865867        1.1172021733561974     
   12.560000000000000       0.44156240828772064       0.97925608110998252        1.1168751834245587     
   12.580000000000000       0.44201741811673068       0.97858812427624375        1.1159651637665386     
   12.600000000000000       0.44210119551901245       0.97795186818979785        1.1157976089619752     
   12.620000000000001       0.44258604854749534       0.97732305356254290        1.1148279029050094     
   12.640000000000001       0.44258796151795093       0.97672801208874793        1.1148240769640982     
   12.660000000000000       0.44310079790845341       0.97614183227402918        1.1137984041830933     
   12.680000000000000       0.44301901549537759       0.97559130795774307        1.1139619690092448     
   12.700000000000001       0.44355803858207848       0.97505095054283430        1.1128839228358429     
   12.720000000000001       0.44339105670970308       0.97454793054198396        1.1132178865805940     
   12.740000000000000       0.44395454027273579       0.97405626164050252        1.1120909194545283     
   12.760000000000000       0.44370119107063050       0.97360340249618083        1.1125976178587389     
   12.780000000000001       0.44428748560397058       0.97316295245341278        1.1114250287920588     
   12.800000000000001       0.44394694506223209       0.97276256706242348        1.1121061098755358     
   12.820000000000000       0.44455448301092804       0.97237551838559511        1.1108910339781439     
   12.840000000000000       0.44412627692627027       0.97202956523229878        1.1117474461474595     
   12.859999999999999       0.44475357687654771       0.97169774279635590        1.1104928462469046     
   12.880000000000001       0.44423758506390471       0.97140781748635652        1.1115248298721907     
   12.900000000000000       0.44488325487745961       0.97113268105144213        1.1102334902450808     
   12.920000000000000       0.44427971363128416       0.97090001017525196        1.1114405727374317     
   12.940000000000000       0.44494245252284526       0.97068264923764591        1.1101150949543095     
   12.960000000000001       0.44425195532187639       0.97050808657800514        1.1114960893562471     
   12.980000000000000       0.44493055488681377       0.97034921756187853        1.1101388902263725     
   13.000000000000000       0.44415405134563890       0.97023324264401267        1.1116918973087222     
   13.020000000000000       0.44484739555197139       0.97013320842703521        1.1103052088960572     
   13.040000000000001       0.44398618863216932       0.97007592739693405        1.1120276227356614     
   13.060000000000000       0.44469325279873284       0.97003469914864360        1.1106134944025343     
   13.080000000000000       0.44374899430169967       0.97003584795041242        1.1125020113966007     
   13.100000000000000       0.44446884309143253       0.97005302924840542        1.1110623138171349     
   13.120000000000001       0.44344352746410937       0.97011197905805391        1.1131129450717814     
   13.140000000000001       0.44417531192834325       0.97018681223353131        1.1116493761433135     
   13.160000000000000       0.44307126842193284       0.97030257709327428        1.1138574631561342     
   13.180000000000000       0.44381422213820693       0.97043395174442226        1.1123715557235863     
   13.200000000000001       0.44263410536853609       0.97060519832872849        1.1147317892629278     
   13.220000000000001       0.44338753972073308       0.97079166192778177        1.1132249205585338     
   13.240000000000000       0.44213431868714281       0.97101672136009798        1.1157313626257144     
   13.260000000000000       0.44289761734264332       0.97125649186797103        1.1142047653147134     
   13.280000000000001       0.44157456297012182       0.97153337349539004        1.1168508740597565     
   13.300000000000001       0.44234717561414788       0.97182435388633448        1.1153056487717041     
   13.320000000000000       0.44095784689082518       0.97215076090841712        1.1180843062183496     
   13.340000000000000       0.44173928228316345       0.97249055549651464        1.1165214354336732     
   13.359999999999999       0.44028751107221786       0.97286390233421938        1.1194249778555643     
   13.380000000000001       0.44107732949604778       0.97324983478355209        1.1178453410079046     
   13.400000000000000       0.43956720410749983       0.97366726606470855        1.1208655917850003     
   13.420000000000000       0.44036500928407368       0.97409639895596645        1.1192699814318527     
   13.440000000000000       0.43880085689782961       0.97455480998504573        1.1223982862043407     
   13.460000000000001       0.43960628744423830       0.97502396580302719        1.1207874251115233     
   13.480000000000000       0.43799265548106531       0.97552002437519036        1.1240146890378693     
   13.500000000000000       0.43880537599125463       0.97602580777427950        1.1223892480174906     
   13.520000000000000       0.43714701253309773       0.97655597718679688        1.1257059749338045     
   13.540000000000001       0.43796670436465990       0.97709479838505942        1.1240665912706802     
   13.560000000000000       0.43626853772982421       0.97765536149326293        1.1274629245403516     
   13.580000000000000       0.43709488958086667       0.97822346064030830        1.1258102208382668     
   13.600000000000000       0.43536200716307388       0.97881054480028828        1.1292759856738521     
   13.620000000000001       0.43619470552465295       0.97940401715954373        1.1276105889506942     
   13.640000000000001       0.43443233200782294       0.98001361989585123        1.1311353359843541     
   13.660000000000000       0.43527105157801932       0.98062844167837970        1.1294578968439613     
   13.680000000000000       0.43348452664081671       0.98125645691205465        1.1330309467183666     
   13.700000000000001       0.43432892078652474       0.98188851159656965        1.1313421584269505     
   13.720000000000001       0.43252367641224460       0.98253075626687392        1.1349526471755107     
   13.740000000000000       0.43337336776414837       0.98317586123913692        1.1332532644717033     
   13.760000000000000       0.43155490527238943       0.98382810215150618        1.1368901894552210     
   13.780000000000001       0.43240947653741552       0.98448203549582258        1.1351810469251689     
   13.800000000000001       0.43058334345421162       0.98514001622863634        1.1388333130915766     
   13.820000000000000       0.43144232852799075       0.98579854350477525        1.1371153429440186     
   13.840000000000000       0.42961409541064305       0.98645801120871457        1.1407718091787138     
   13.859999999999999       0.43047697087019626       0.98711691204910224        1.1390460582596074     
   13.880000000000001       0.42865220820198568       0.98777364397497791        1.1426955835960286     
   13.900000000000000       0.42951838525599234       0.98842873833960987        1.1409632294880154     
   13.920000000000000       0.42770264052426443       0.98907856793364912        1.1445947189514711     
   13.940000000000000       0.42857145749489001       0.98972574186367168        1.1428570850102200     
   13.960000000000001       0.42677023256371260       0.99036458427333218        1.1464595348725748     
   13.980000000000000       0.42764094797010171       0.99099981498872014        1.1447181040597965     
   14.000000000000000       0.42585967685581849       0.99162369182706189        1.1482806462883630     
   14.020000000000000       0.42673146316501570       0.99224307201915718        1.1465370736699687     
   14.040000000000001       0.42497549031958248       0.99284813524167526        1.1500490193608350     
   14.060000000000000       0.42584742842586365       0.99344789641762055        1.1483051431482727     
   14.080000000000000       0.42412198762888353       0.99403045117213706        1.1517560247422329     
   14.100000000000000       0.42499306211729593       0.99460698591524888        1.1500138757654081     
   14.120000000000001       0.42330325607319519       0.99516351223298760        1.1533934878536096     
   14.140000000000001       0.42417235131754882       0.99571339525096481        1.1516552973649024     
   14.160000000000000       0.42252313204938957       0.99624056845512809        1.1549537359012207     
   14.180000000000000       0.42338902918905563       0.99676057629654335        1.1532219416218887     
   14.200000000000001       0.42178517931509818       0.99725528601370628        1.1564296413698036     
   14.220000000000001       0.42264655414878721       0.99774241534240971        1.1547068917024257     
   14.240000000000000       0.42109266912213056       0.99820178301155571        1.1578146617557388     
   14.260000000000000       0.42194809095039010       0.99865326733847437        1.1561038180992198     
   14.280000000000001       0.42044856233587252       0.99907466212266882        1.1591028753282551     
   14.300000000000001       0.42129649377739586       0.99948798690483365        1.1574070124452083     
   14.320000000000000       0.41985549363346769       0.99986903992114851        1.1602890127330645     
   14.340000000000000       0.42069429143349324        1.0002419559486031        1.1586114171330135     
   14.359999999999999       0.41931575786002273        1.0005805727429844        1.1613684842799545     
   14.380000000000001       0.42014367470216357        1.0009111077455020        1.1597126505956727     
   14.400000000000000       0.41883129860814589        1.0012054789507010        1.1623374027837081     
   14.420000000000000       0.41964648593397202        1.0014919473677935        1.1607070281320560     
   14.440000000000000       0.41840369907192326        1.0017405574942282        1.1631926018561534     
   14.460000000000001       0.41920421090556570        1.0019815683637716        1.1615915781888686     
   14.480000000000000       0.41803417521204495        1.0021832026851079        1.1639316495759102     
   14.500000000000000       0.41881797298004697        1.0023776656179546        1.1623640540399061     
   14.520000000000000       0.41772357125429899        1.0025314151253031        1.1645528574914019     
   14.540000000000001       0.41848852958395172        1.0026785443453694        1.1630229408320965     
   14.560000000000000       0.41747235752914957        1.0027838087561300        1.1650552849417009     
   14.580000000000000       0.41821627100165792        1.0028831251976460        1.1635674579966842     
   14.600000000000000       0.41728063064568910        1.0029396140172082        1.1654387387086218     
   14.620000000000001       0.41800122147376556        1.0029909454829156        1.1639975570524688     
   14.640000000000001       0.41714811597899237        1.0029986771294477        1.1657037680420153     
   14.660000000000000       0.41784304257191057        1.0030021565256018        1.1643139148561787     
   14.680000000000000       0.41707417243588835        1.0029614555400985        1.1658516551282232     
   14.700000000000001       0.41774103880868818        1.0029175172158979        1.1645179223826236     
   14.720000000000001       0.41705779945048266        1.0028290095912964        1.1658844010990346     
   14.740000000000000       0.41769416542794335        1.0027383838219930        1.1646116691441133     
   14.760000000000000       0.41709764614749539        1.0026029904965674        1.1658047077050093     
   14.780000000000001       0.41770103830771760        1.0024666961606785        1.1645979233845649     
   14.800000000000001       0.41719202259869637        1.0022856247318876        1.1656159548026073     
   14.820000000000000       0.41775994589569937        1.0021049602438101        1.1644801082086014     
   14.840000000000000       0.41733891308550197        1.0018796949693489        1.1653221738289961     
   14.859999999999999       0.41786886308517540        1.0016562275390033        1.1642622738296491     
   14.880000000000001       0.41753599126920815        1.0013885177018644        1.1649280174615837     
   14.900000000000000       0.41802546692829579        1.0011240710028413        1.1639490661434084     
   14.920000000000000       0.41778063715944325        1.0008159177266729        1.1644387256811135     
   14.940000000000000       0.41822715407300393        1.0005125580636043        1.1635456918539921     
   14.960000000000001       0.41806995576128847        1.0001661996735469        1.1638600884774231     
   14.980000000000000       0.41847105980030447       0.99982622074800420        1.1630578803993910     
   15.000000000000000       0.41840079727218954       0.99944411678040168        1.1631984054556210     
   15.020000000000000       0.41875407852969726       0.99907002316255089        1.1624918429406055     
   15.040000000000001       0.41876977869132143       0.99865483713441627        1.1624604426173573     
   15.060000000000000       0.41907288565264478       0.99824932655483922        1.1618542286947104     
   15.080000000000000       0.41917330669651043       0.99780390761072479        1.1616533866069791     
   15.100000000000000       0.41942396054689929       0.99736985219318797        1.1611520789062015     
   15.120000000000001       0.41960760163720628       0.99689721575305756        1.1607847967255873     
   15.140000000000001       0.41980361061843574       0.99643764231464904        1.1603927787631285     
   15.160000000000000       0.42006872248636090       0.99594094985148296        1.1598625550272783     
   15.180000000000000       0.42020799621264232       0.99545901940124260        1.1595840075747152     
   15.200000000000001       0.42055259258943811       0.99494155748142110        1.1588948148211238     
   15.220000000000001       0.42063315623233788       0.99444054405252835        1.1587336875353242     
   15.240000000000000       0.42105502604517026       0.99390570277545409        1.1578899479096596     
   15.260000000000000       0.42107503429712961       0.99338897172902874        1.1578499314057407     
   15.280000000000001       0.42157175455010543       0.99284022270499994        1.1568564908997891     
   15.300000000000001       0.42152950527660832       0.99231120864573175        1.1569409894467833     
   15.320000000000000       0.42209845453746403       0.99175208265276238        1.1558030909250721     
   15.340000000000000       0.42199240202890381       0.99121426709779348        1.1560151959421923     
   15.359999999999999       0.42263077444034347       0.99064833155885890        1.1547384511193131     
   15.380000000000001       0.42245954217619142       0.99010522050172101        1.1550809156476172     
   15.400000000000000       0.42316436190987211       0.98953605692378022        1.1536712761802557     
   15.420000000000000       0.42292675474983982       0.98899115843464347        1.1541464905003203     
   15.440000000000000       0.42369489082050832       0.98842233994984674        1.1526102183589835     
   15.460000000000001       0.42338990654001113       0.98787914195191162        1.1532201869199779     
   15.480000000000000       0.42421808789728732       0.98731421109954032        1.1515638242054254     
   15.500000000000000       0.42384492798764228       0.98677615945916008        1.1523101440247154     
   15.520000000000000       0.42472975880341829       0.98621860634418557        1.1505404823931635     
   15.540000000000001       0.42428783846082951       0.98568908340917993        1.1514243230783410     
   15.560000000000000       0.42522581353119587       0.98514232436981963        1.1495483729376081     
   15.580000000000000       0.42471477076267178       0.98462462808654272        1.1505704584746566     
   15.600000000000000       0.42570229094468093       0.98409198499892570        1.1485954181106381     
   15.620000000000001       0.42512199472356815       0.98358930873396488        1.1497560105528637     
   15.640000000000001       0.42615538232898559       0.98307398907696542        1.1476892353420287     
   15.660000000000000       0.42550593973776690       0.98258940226390168        1.1489881205244661     
   15.680000000000000       0.42658145380822110       0.98209448006147926        1.1468370923835578     
   15.700000000000001       0.42586321611158184       0.98163090978703871        1.1482735677768363     
   15.720000000000001       0.42697706750218828       0.98115930753896063        1.1460458649956236     
   15.740000000000000       0.42619063509907529       0.98071952117608552        1.1476187298018494     
   15.760000000000000       0.42733900130065045       0.98027399288090167        1.1453219973986992     
   15.780000000000001       0.42648522751009688       0.97986058186888514        1.1470295449798062     
   15.800000000000001       0.42766426714347427       0.97944369723535052        1.1446714657130515     
   15.820000000000000       0.42674426078530825       0.97905906209923421        1.1465114784293835     
   15.840000000000000       0.42795012770499047       0.97867319203426317        1.1440997445900192     
   15.860000000000001       0.42696525444314676       0.97831952872724059        1.1460694911137064     
   15.880000000000001       0.42819411139154762       0.97796683217981595        1.1436117772169048     
   15.900000000000000       0.42714599381452351       0.97764611982350558        1.1457080123709531     
   15.920000000000000       0.42839402557234341       0.97732853205492642        1.1432119488553132     
   15.940000000000000       0.42728454199234100       0.97704252214307263        1.1454309160153180     
   15.960000000000001       0.42854796797514322       0.97676174448455255        1.1429040640497137     
   15.980000000000000       0.42737924993457965       0.97651195160611981        1.1452415001308407     
   16.000000000000000       0.42865433619036475       0.97626944275500804        1.1426913276192705     
   16.020000000000000       0.42742876467166846       0.97605713688274420        1.1451424706566631     
   16.039999999999999       0.42871183523914391       0.97585410577875720        1.1425763295217122     
   16.059999999999999       0.42743203558104642       0.97568030615922985        1.1451359288379073     
   16.080000000000002       0.42871948317332370       0.97551770647193825        1.1425610336533527     
   16.100000000000001       0.42738831870415922       0.97538317714281142        1.1452233625916817     
   16.120000000000001       0.42867661468774804       0.97526170339145257        1.1426467706245038     
   16.140000000000001       0.42729717909354453       0.97516695034149170        1.1454056418129110     
   16.160000000000000       0.42858288273771727       0.97508703565789401        1.1428342345245655     
   16.180000000000000       0.42715849119006039       0.97503230563486054        1.1456830176198793     
   16.199999999999999       0.42843825816689407       0.97499412117004891        1.1431234836662119     
   16.219999999999999       0.42697243724262707       0.97497940213137557        1.1460551255147458     
   16.240000000000002       0.42824302736326025       0.97498285809624907        1.1435139452734795     
   16.260000000000002       0.42673950379500647       0.97500788128725779        1.1465209924099871     
   16.280000000000001       0.42799778797284116       0.97505262960772543        1.1440044240543177     
   16.300000000000001       0.42646047627606054       0.97511687324213880        1.1470790474478789     
   16.320000000000000       0.42770344271275829       0.97520231179927541        1.1445931145744834     
   16.340000000000000       0.42613643174153687       0.97530500630704664        1.1477271365169264     
   16.359999999999999       0.42736119133667272       0.97543028472326354        1.1452776173266546     
   16.379999999999999       0.42576872982665487       0.97557041952127466        1.1484625403466904     
   16.399999999999999       0.42697252081677028       0.97573444644426599        1.1460549583664594     
   16.420000000000002       0.42535900197954263       0.97591077817632466        1.1492819960409149     
   16.440000000000001       0.42653919381704769       0.97611223000366820        1.1469216123659045     
   16.460000000000001       0.42490913905583555       0.97632329218751734        1.1501817218883290     
   16.480000000000000       0.42606323554272352       0.97656062316632974        1.1478735289145530     
   16.500000000000000       0.42442127736443497       0.97680473717711513        1.1511574452711302     
   16.520000000000000       0.42554691906006170       0.97707619080521357        1.1489061618798766     
   16.539999999999999       0.42389778326347843       0.97735147811703760        1.1522044334730430     
   16.559999999999999       0.42499274918969793       0.97765509976453546        1.1500145016206043     
   16.580000000000002       0.42334123641394178       0.97795949536452798        1.1533175271721166     
   16.600000000000001       0.42440344508465683       0.97829314602788997        1.1511931098306865     
   16.620000000000001       0.42275441180592938       0.97862441291052094        1.1544911763881411     
   16.640000000000001       0.42378192161158973       0.97898578400476977        1.1524361567768207     
   16.660000000000000       0.42214026067956800       0.97934152864807933        1.1557194786408640     
   16.680000000000000       0.42313126966030973       0.97972815773713817        1.1537374606793804     
   16.699999999999999       0.42150189046846698       0.98010584645716037        1.1569962190630660     
   16.719999999999999       0.42245473551241952       0.98051513381725386        1.1550905289751610     
   16.740000000000002       0.42084254389890741       0.98091210989216093        1.1583149122021852     
   16.760000000000002       0.42175569940468643       0.98134133579885130        1.1564886011906270     
   16.780000000000001       0.42016557738225385       0.98175483725030821        1.1596688452354922     
   16.800000000000001       0.42103765342679528       0.98220117987605793        1.1579246931464096     
   16.820000000000000       0.41947443884151825       0.98262835779196778        1.1610511223169635     
   16.840000000000000       0.42030417889618543       0.98308891159819367        1.1593916422076291     
   16.859999999999999       0.41877264511553614       0.98352684887841568        1.1624547097689277     
   16.879999999999999       0.41955892335484174       0.98399864338378817        1.1608821532903164     
   16.899999999999999       0.41806375908583032       0.98444437378857075        1.1638724818283395     
   16.920000000000002       0.41880557733415363       0.98492439259384623        1.1623888453316926     
   16.940000000000001       0.41735136667193212       0.98537491997364102        1.1652972666561356     
   16.960000000000001       0.41804785103428083       0.98586011992260358        1.1639042979314382     
   16.980000000000000       0.41663905384071087       0.98631243750757980        1.1667218923185783     
   17.000000000000000       0.41728945106387727       0.98679976786370238        1.1654210978722455     
   17.020000000000000       0.41593038377413388       0.98725087749169871        1.1681392324517321     
   17.039999999999999       0.41653405738453270       0.98773729901090579        1.1669318852309347     
   17.059999999999999       0.41522887433785977       0.98818423017373547        1.1695422513242804     
   17.080000000000002       0.41578530060191504       0.98866673395515392        1.1684293987961700     
   17.100000000000001       0.41453797599017256       0.98910656254505425        1.1709240480196548     
   17.120000000000001       0.41504673974235684       0.98958218854387714        1.1699065205152863     
   17.140000000000001       0.41386105026702213       0.99001205518453728        1.1722778994659557     
   17.160000000000000       0.41432184064955080       0.99047791027404852        1.1713563187008984     
   17.180000000000000       0.41320134897437427       0.99089503812394064        1.1735973020512516     
   17.199999999999999       0.41361395513113852       0.99134831359735742        1.1727720897377230     
   17.219999999999999       0.41256199421372886       0.99175002551711178        1.1748760115725423     
   17.240000000000002       0.41292630097932720       0.99218801392417666        1.1741473980413457     
   17.260000000000002       0.41194595936057327       0.99257174890436550        1.1761080812788536     
   17.280000000000001       0.41226194298329200       0.99299186012249108        1.1754761140334160     
   17.300000000000001       0.41135605110874723       0.99335518887345242        1.1772878977825054     
   17.320000000000000       0.41162377504406578       0.99375496531872642        1.1767524499118684     
   17.340000000000000       0.41079489268624941       0.99409560492989257        1.1784102146275011     
   17.359999999999999       0.41101450349492608       0.99447273581926054        1.1779709930101478     
   17.379999999999999       0.41026490833996732       0.99478856340183774        1.1794701833200654     
   17.400000000000002       0.41043663172202116       0.99514089798434557        1.1791267365559577     
   17.420000000000002       0.40976830917821494       0.99542996321807464        1.1804633816435701     
   17.440000000000001       0.40989244617118120       0.99575552290006597        1.1802151076576375     
   17.460000000000001       0.40930708045087449       0.99601605941212712        1.1813858390982510     
   17.480000000000000       0.40938400381760059       0.99631304870873327        1.1812319923647987     
   17.500000000000000       0.40888297033741700       0.99654348422060157        1.1822340593251659     
   17.520000000000000       0.40891312116541140       0.99681030047367625        1.1821737576691773     
   17.539999999999999       0.40849748030318783       0.99700926565984460        1.1830050393936244     
   17.559999999999999       0.40848136483415870       0.99724450747065552        1.1830372703316825     
   17.580000000000002       0.40815185707414547       0.99741084348153053        1.1836962858517091     
   17.600000000000001       0.40809004377890079       0.99761331781490881        1.1838199124421984     
   17.620000000000001       0.40784708626980504       0.99774608242487117        1.1843058274603899     
   17.640000000000001       0.40774020318015558       0.99791481035019036        1.1845195936396888     
   17.660000000000000       0.40758388772352500       0.99801328270063439        1.1848322245529501     
   17.680000000000000       0.40743262002926728       0.99814750374373973        1.1851347599414654     
   17.699999999999999       0.40736271250855483       0.99821118765992711        1.1852745749828903     
   17.719999999999999       0.40716780042403666       0.99831036274910290        1.1856643991519267     
   17.740000000000002       0.40718374167749755       0.99833898861871362        1.1856325166450050     
   17.760000000000002       0.40694597857871745       0.99840280161665595        1.1861080428425650     
   17.780000000000001       0.40704688671210415       0.99839632682704538        1.1859062265757916     
   17.800000000000001       0.40676711754178779       0.99842468464981937        1.1864657649164245     
   17.820000000000000       0.40695179166966777       0.99838329259002634        1.1860964166606645     
   17.840000000000000       0.40663091160433557       0.99837632392282505        1.1867381767913288     
   17.859999999999999       0.40689783700179577       0.99830042156536802        1.1862043259964086     
   17.879999999999999       0.40653679037150137       0.99825847419366986        1.1869264192569973     
   17.900000000000002       0.40688414501106351       0.99814868827998482        1.1862317099778730     
   17.920000000000002       0.40648392445927861       0.99807232506328591        1.1870321510814428     
   17.940000000000001       0.40690958690106277       0.99792949692527599        1.1861808261978743     
   17.960000000000001       0.40647123276912561       0.99781949044893914        1.1870575344617489     
   17.980000000000000       0.40697279136570619       0.99764466950747821        1.1860544172685876     
   18.000000000000000       0.40649739128336720       0.99750199545630913        1.1870052174332657     
   18.020000000000000       0.40707215465439589       0.99729643144559066        1.1858556906912083     
   18.039999999999999       0.40656084331530262       0.99712226075049848        1.1868783133693948     
   18.059999999999999       0.40720585204086152       0.99688739472481203        1.1855882959182771     
   18.080000000000002       0.40665981113934940       0.99668308454128596        1.1866803777213013     
   18.100000000000001       0.40737185061517572       0.99642053872811220        1.1852562987696484     
   18.120000000000001       0.40679230891848606       0.99618762231219049        1.1864153821630279     
   18.140000000000001       0.40756792331070590       0.99589918888231721        1.1848641533785882     
   18.160000000000000       0.40695615683875874       0.99563936443620349        1.1860876863224825     
   18.180000000000000       0.40779166407060874       0.99532699326794571        1.1844166718587825     
   18.199999999999999       0.40714899635372781       0.99504211183341440        1.1857020072925444     
   18.219999999999999       0.40804050405195630       0.99470789735383247        1.1839189918960873     
   18.240000000000002       0.40736830643549021       0.99439994983700819        1.1852633871290195     
   18.260000000000002       0.40831172875973565       0.99404611702827417        1.1833765424805287     
   18.280000000000001       0.40761142072335554       0.99371722044424193        1.1847771585532889     
   18.300000000000001       0.40860249599782072       0.99334611010798823        1.1827950080043586     
   18.320000000000000       0.40787554545640842       0.99299849313799249        1.1842489090871831     
   18.340000000000000       0.40890985451960188       0.99261254651453501        1.1821802909607961     
   18.359999999999999       0.40815777807208026       0.99224853447215777        1.1836844438558396     
   18.379999999999999       0.40923076325729907       0.99185027731489783        1.1815384734854018     
   18.400000000000002       0.40845512634950459       0.99147227662067983        1.1830897473009907     
   18.420000000000002       0.40956211100609480       0.99106430282876046        1.1808757779878105     
   18.440000000000001       0.40876452797385249       0.99067478509507256        1.1824709440522949     
   18.460000000000001       0.40990073643712038       0.99025974000947004        1.1801985271257593     
   18.480000000000000       0.40908287039605307       0.98986122583918335        1.1818342592078939     
   18.500000000000000       0.41024344831201548       0.98944178930882631        1.1795131033759692     
   18.520000000000000       0.40940701086130477       0.98903683191237768        1.1811859782773904     
   18.539999999999999       0.41058704577126842       0.98861570123765685        1.1788259084574633     
   18.559999999999999       0.40973379647957420       0.98820686997348717        1.1805324070408516     
   18.580000000000002       0.41092833856882333       0.98778674283456824        1.1781433228623532     
   18.600000000000001       0.41006008421186213       0.98737660677764427        1.1798798315762757     
   18.620000000000001       0.41126416712651143       0.98696016425440447        1.1774716657469773     
   18.640000000000001       0.41038276064737883       0.98655127589659497        1.1792344787052422     
   18.660000000000000       0.41159142228371204       0.98614116568573285        1.1768171554325759     
   18.680000000000000       0.41069876144890255       0.98573604487022159        1.1786024771021948     
   18.699999999999999       0.41190706462026055       0.98533486480318633        1.1761858707594790     
   18.719999999999999       0.41100509034647786       0.98493598299289931        1.1779898193070442     
   18.740000000000002       0.41220814323397620       0.98454626495571962        1.1755837135320477     
   18.760000000000002       0.41129883756322150       0.98415602993291351        1.1774023248735570     
   18.780000000000001       0.41249181385825595       0.98378022428585610        1.1750163722834881     
   18.800000000000001       0.41157719756131905       0.98340096537660515        1.1768456048773619     
   18.820000000000000       0.41275535620994630       0.98304142596784416        1.1744892875801074     
   18.840000000000000       0.41183748600128195       0.98267537988117371        1.1763250279974362     
   18.859999999999999       0.41299619046312530       0.98233434974434308        1.1740076190737494     
   18.879999999999999       0.41207715581316023       0.98198364711124841        1.1758456883736796     
   18.900000000000002       0.41321189275047099       0.98166324493190826        1.1735762144990580     
   18.920000000000002       0.41229381228463080       0.98132989762448275        1.1754123754307384     
   18.940000000000001       0.41340020960051471       0.98103210505521365        1.1731995807989706     
   18.960000000000001       0.41248522707766416       0.98071799436062979        1.1750295458446716     
   18.980000000000000       0.41355907122623881       0.98044464425866551        1.1728818575475224     
   19.000000000000000       0.41264935109276923       0.98015150997681311        1.1747012978144615     
   19.020000000000000       0.41368660358812670       0.97990427563193105        1.1726267928237466     
   19.039999999999999       0.41278432610757571       0.97963370615926126        1.1744313477848487     
   19.059999999999999       0.41378113916286374       0.97941409157305725        1.1724377216742725     
   19.080000000000002       0.41288849512468956       0.97916751502848165        1.1742230097506208     
   19.100000000000001       0.41384122635736414       0.97897684629924708        1.1723175472852718     
   19.120000000000001       0.41296041137229200       0.97875552274101985        1.1740791772554160     
   19.140000000000001       0.41386563751660882       0.97859494060123342        1.1722687249667825     
   19.160000000000000       0.41299884590979441       0.97839995537651681        1.1740023081804112     
   19.180000000000000       0.41385337548286544       0.97827040892251349        1.1722932490342690     
   19.199999999999999       0.41300279379995081       0.97810266718391103        1.1739944124000985     
   19.219999999999999       0.41380367867316487       0.97800490882966529        1.1723926426536702     
   19.240000000000002       0.41297147881810903       0.97786513124541208        1.1740570423637819     
   19.260000000000002       0.41371602465137197       0.97779971292456491        1.1725679506972559     
   19.280000000000001       0.41290435667869163       0.97768843260136429        1.1741912866426167     
   19.300000000000001       0.41359013218074786       0.97765570323376372        1.1728197356385044     
   19.320000000000000       0.41280111676847775       0.97757326386349097        1.1743977664630445     
   19.340000000000000       0.41342596175250002       0.97757336809456707        1.1731480764950000     
   19.359999999999999       0.41266168238574763       0.97751992332825755        1.1746766352285047     
   19.379999999999999       0.41322371459539148       0.97755280154162760        1.1735525708092172     
   19.400000000000002       0.41248620949379033       0.97752831558642073        1.1750275810124193     
   19.420000000000002       0.41298383018097251       0.97759370518224364        1.1740323396380550     
   19.440000000000001       0.41227508400660628       0.97759795460925736        1.1754498319867874     
   19.460000000000001       0.41270698224834668       0.97769539253305671        1.1745860355033066     
   19.480000000000000       0.41202891763379751       0.97772796927660455        1.1759421647324051     
   19.500000000000000       0.41239407338153128       0.97785679577565687        1.1752118532369376     
   19.520000000000000       0.41174854232057340       0.97791711129684145        1.1765029153588533     
   19.539999999999999       0.41204622818136166       0.97807647487374672        1.1759075436372766     
   19.559999999999999       0.41143500332745520       0.97816376545426542        1.1771299933450896     
   19.580000000000002       0.41166478508246551       0.97835262898013176        1.1766704298350690     
   19.600000000000001       0.41108955100258099       0.97846596210522996        1.1778208979948381     
   19.620000000000001       0.41125128687404372       0.97868311004791597        1.1774974262519127     
   19.640000000000001       0.41071363130744665       0.97882139183078343        1.1785727373851067     
   19.660000000000000       0.41080746999099010       0.97906543854706696        1.1783850600180199     
   19.680000000000000       0.41030887516441772       0.97922742214069192        1.1793822496711646     
   19.699999999999999       0.41033525264921483       0.97949682117491110        1.1793294947015704     
   19.719999999999999       0.40987708670136674       0.97968111611150521        1.1802458265972664     
   19.740000000000002       0.40983672190586201       0.97997417043736779        1.1803265561882759     
   19.760000000000002       0.40942023047528986       0.98017925282995988        1.1811595390494203     
   19.780000000000001       0.40931411973139231       0.98049412596675911        1.1813717605372154     
   19.800000000000001       0.40894041776269546       0.98071834950248604        1.1821191644746092     
   19.820000000000000       0.40876982818619667       0.98105307743192582        1.1824603436276067     
   19.840000000000000       0.40843989200990455       0.98129468508197981        1.1831202159801908     
   19.859999999999999       0.40820635379948894       0.98164718888735836        1.1835872924010222     
   19.879999999999999       0.40792101354112414       0.98190432525441584        1.1841579729177516     
   19.900000000000002       0.40762631125266169       0.98227242439983220        1.1847473774946766     
   19.920000000000002       0.40738624362622811       0.98254314862022574        1.1852275127475438     
   19.940000000000001       0.40703240647305816       0.98292457478405615        1.1859351870538837     
   19.960000000000001       0.40683812801358099       0.98320687389890471        1.1863237439728380     
   19.980000000000000       0.40642741924719600       0.98359928527282536        1.1871451615056081     
   20.000000000000000       0.40627928003595415       0.98389108797982916        1.1874414399280917     
