   2.0000000000000000E-002  0.50000000000000000        0.0000000000000000     
   4.0000000000000001E-002  0.50000000000000000        0.0000000000000000     
   5.9999999999999998E-002  0.50000000012800005        1.2800005499968847E-010
   8.0000000000000002E-002  0.50000000127959043        1.2795904336115882E-009
  0.10000000000000001       0.49999968306503900       -3.1693496099771679E-007
  0.12000000000000000       0.49999968636276315       -3.1363723684840750E-007
  0.14000000000000001       0.49999873283075541       -1.2671692445898053E-006
  0.16000000000000000       0.49999873920468596       -1.2607953140397754E-006
  0.17999999999999999       0.49999683585028026       -3.1641497197365531E-006
  0.20000000000000001       0.49999684612259582       -3.1538774041828255E-006
  0.22000000000000000       0.49999368186741561       -6.3181325843930658E-006
  0.23999999999999999       0.49999369670123733       -6.3032987626665538E-006
  0.26000000000000001       0.49998896483040861       -1.1035169591389060E-005
  0.28000000000000003       0.49998898467138159       -1.1015328618413367E-005
  0.29999999999999999       0.49998238374913112       -1.7616250868879302E-005
  0.32000000000000001       0.49998240876043643       -1.7591239563574668E-005
  0.34000000000000002       0.49997364352292883       -2.6356477071165507E-005
  0.35999999999999999       0.49997367351458710       -2.6326485412897505E-005
  0.38000000000000000       0.49996245573880493       -3.7544261195066042E-005
  0.40000000000000002       0.49996249009227295       -3.7509907727051317E-005
  0.41999999999999998       0.49994853943993839       -5.1460560061611371E-005
  0.44000000000000000       0.49994857702910628       -5.1422970893721942E-005
  0.46000000000000002       0.49993162186480394       -6.8378135196056622E-005
  0.47999999999999998       0.49993166097456898       -6.8339025431018996E-005
  0.50000000000000000       0.49991143915735103       -8.8560842648965910E-005
  0.52000000000000002       0.49991147740097253       -8.8522599027474058E-005
  0.54000000000000004       0.49988773704881351       -1.1226295118649254E-004
  0.56000000000000005       0.49988777128524259       -1.1222871475741192E-004
  0.57999999999999996       0.49986027151175594       -1.3972848824406192E-004
  0.59999999999999998       0.49986029776408403       -1.3970223591597275E-004
  0.62000000000000000       0.49982880938692098       -1.7119061307901973E-004
  0.64000000000000001       0.49982882276300361       -1.7117723699638931E-004
  0.66000000000000003       0.49979312898332717       -2.0687101667282715E-004
  0.68000000000000005       0.49979312359951661       -2.0687640048339118E-004
  0.70000000000000007       0.49975302065188065       -2.4697934811934719E-004
  0.71999999999999997       0.49975298956064818       -2.4701043935182465E-004
  0.73999999999999999       0.49970828733252121       -2.9171266747879399E-004
  0.76000000000000001       0.49970822245456770       -2.9177754543230350E-004
  0.78000000000000003       0.49965874507462327       -3.4125492537673274E-004
  0.80000000000000004       0.49965863713587416       -3.4136286412583816E-004
  0.82000000000000006       0.49960422353003303       -3.9577646996696858E-004
  0.83999999999999997       0.49960406200369412       -3.9593799630588400E-004
  0.85999999999999999       0.49954456641775186       -4.5543358224814368E-004
  0.88000000000000000       0.49954433947137178       -4.5566052862822115E-004
  0.90000000000000002       0.49947963195888595       -5.2036804111404988E-004
  0.92000000000000004       0.49947932640613724       -5.2067359386276379E-004
  0.94000000000000006       0.49940929328008676       -5.9070671991323653E-004
  0.95999999999999996       0.49940889453674553       -5.9110546325447100E-004
  0.97999999999999998       0.49933343878331948       -6.6656121668051682E-004
   1.0000000000000000       0.49933293082670144       -6.6706917329856230E-004
   1.0200000000000000       0.49925197247942915       -7.4802752057084865E-004
   1.0400000000000000       0.49925133781033287       -7.4866218966712639E-004
   1.0600000000000001       0.49916481428264231       -8.3518571735768932E-004
   1.0800000000000001       0.49916403388866559       -8.3596611133440746E-004
   1.1000000000000001       0.49907190026285442       -9.2809973714558236E-004
   1.1200000000000001       0.49907095358179226       -9.2904641820773515E-004
   1.1400000000000001       0.49897318285232484       -1.0268171476751631E-003
   1.1599999999999999       0.49897204773423359       -1.0279522657664075E-003
   1.1799999999999999       0.49886863100324041       -1.1313689967595852E-003
   1.2000000000000000       0.49886728366966493       -1.1327163303350707E-003
   1.2200000000000000       0.49875823029252425       -1.2417697074757483E-003
   1.2400000000000000       0.49875664529133884       -1.2433547086611596E-003
   1.2600000000000000       0.49864198297026535       -1.3580170297346483E-003
   1.2800000000000000       0.49864013312457706       -1.3598668754229437E-003
   1.3000000000000000       0.49851990794823364       -1.4800920517663574E-003
   1.3200000000000001       0.49851776429783912       -1.4822357021608834E-003
   1.3400000000000001       0.49839204072512500       -1.6079592748750038E-003
   1.3600000000000001       0.49838957245910126       -1.6104275408987401E-003
   1.3800000000000001       0.49825843324545410       -1.7415667545458979E-003
   1.4000000000000001       0.49825560762459825       -1.7443923754017487E-003
   1.4199999999999999       0.49811915368937859       -1.8808463106214091E-003
   1.4399999999999999       0.49811593595739101       -1.8840640426089905E-003
   1.4600000000000000       0.49797428619119155       -2.0257138088084492E-003
   1.4800000000000000       0.49797063947371767       -2.0293605262823311E-003
   1.5000000000000000       0.49782393048475748       -2.1760695152425180E-003
   1.5200000000000000       0.49781981567566302       -2.1801843243369756E-003
   1.5400000000000000       0.49766820147477908       -2.3317985252209183E-003
   1.5600000000000001       0.49766357710932635       -2.3364228906736506E-003
   1.5800000000000001       0.49750722873346270       -2.4927712665372970E-003
   1.6000000000000001       0.49750205084837790       -2.4979491516221031E-003
   1.6200000000000001       0.49734115592288564       -2.6588440771143640E-003
   1.6400000000000001       0.49733537790365095       -2.6646220963490452E-003
   1.6600000000000001       0.49717014014414673       -2.8298598558532673E-003
   1.6799999999999999       0.49716371256021202       -2.8362874397879767E-003
   1.7000000000000000       0.49699435121519142       -3.0056487848085789E-003
   1.7200000000000000       0.49698722164416892       -3.0127783558310806E-003
   1.7400000000000000       0.49681397088002494       -3.1860291199750645E-003
   1.7600000000000000       0.49680608372230101       -3.1939162776989938E-003
   1.7800000000000000       0.49662919195285282       -3.3708080471471780E-003
   1.8000000000000000       0.49662048823841520       -3.3795117615847969E-003
   1.8200000000000001       0.49644021740149585       -3.5597825985041465E-003
   1.8400000000000001       0.49643063459112491       -3.5693654088750915E-003
   1.8600000000000001       0.49624725937520636       -3.7527406247936379E-003
   1.8800000000000001       0.49623673115850836       -3.7632688414916404E-003
   1.9000000000000001       0.49605053818274591       -3.9494618172540852E-003
   1.9199999999999999       0.49603899427580694       -3.9610057241930563E-003
   1.9399999999999999       0.49585028122726005       -4.1497187727399520E-003
   1.9600000000000000       0.49583764717296397       -4.1623528270360310E-003
   1.9800000000000000       0.49564672190508657       -4.3532780949134264E-003
   2.0000000000000000       0.49563291887936622       -4.3670811206337756E-003
   2.0200000000000000       0.49544009847615361       -4.5599015238463880E-003
   2.0400000000000000       0.49542504310362151       -4.5749568963784903E-003
   2.0600000000000001       0.49523065291404661       -4.7693470859533904E-003
   2.0800000000000001       0.49521425709657890       -4.7857429034210974E-003
   2.1000000000000001       0.49501862974414462       -4.9813702558553774E-003
   2.1200000000000001       0.49500080050606499       -4.9991994939350137E-003
   2.1400000000000001       0.49480427487843753       -5.1957251215624667E-003
   2.1600000000000001       0.49478491423196425       -5.2150857680357543E-003
   2.1800000000000002       0.49458783445573390       -5.4121655442661010E-003
   2.2000000000000002       0.49456683929031053       -5.4331607096894663E-003
   2.2200000000000002       0.49436955369594948       -5.6304463040505182E-003
   2.2400000000000002       0.49434681569498007       -5.6531843050199315E-003
   2.2600000000000002       0.49414967577703134       -5.8503242229686614E-003
   2.2800000000000002       0.49412508136538258       -5.8749186346174209E-003
   2.3000000000000003       0.49392844074282322       -6.0715592571767840E-003
   2.3199999999999998       0.49390187106824229       -6.0981289317577070E-003
   2.3399999999999999       0.49370608444981606       -6.2939155501839372E-003
   2.3599999999999999       0.49367741540114707       -6.3225845988529317E-003
   2.3799999999999999       0.49348283756026445       -6.5171624397355465E-003
   2.3999999999999999       0.49345193982503088       -6.5480601749691170E-003
   2.4199999999999999       0.49325892458858883       -6.7410754114111682E-003
   2.4399999999999999       0.49322566375215010       -6.7743362478498992E-003
   2.4600000000000000       0.49303456300733550       -6.9654369926644977E-003
   2.4800000000000000       0.49299879969542953       -7.0012003045704652E-003
   2.5000000000000000       0.49280996241824615       -7.1900375817538498E-003
   2.5200000000000000       0.49277155248429938       -7.2284475157006201E-003
   2.5400000000000000       0.49258532379320302       -7.4146762067969774E-003
   2.5600000000000001       0.49254411855133590       -7.4558814486641034E-003
   2.5800000000000001       0.49236083878898340       -7.6391612110165985E-003
   2.6000000000000001       0.49231668529316708       -7.6833147068329222E-003
   2.6200000000000001       0.49213668913888903       -7.8633108611109725E-003
   2.6400000000000001       0.49208943050822729       -7.9105694917727121E-003
   2.6600000000000001       0.49191304612342979       -8.0869538765702131E-003
   2.6800000000000002       0.49186252191305446       -8.1374780869455376E-003
   2.7000000000000002       0.49169007012134708       -8.3099298786529219E-003
   2.7200000000000002       0.49163611673793728       -8.3638832620627213E-003
   2.7400000000000002       0.49146791024138153       -8.5320897586184663E-003
   2.7600000000000002       0.49141036140184885       -8.5896385981511503E-003
   2.7800000000000002       0.49124670403433063       -8.7532959656693721E-003
   2.8000000000000003       0.49118539126576627       -8.8146087342337309E-003
   2.8199999999999998       0.49102657728412130       -8.9734227158786983E-003
   2.8399999999999999       0.49096133046268009       -9.0386695373199100E-003
   2.8599999999999999       0.49080764387585252       -9.1923561241474827E-003
   2.8799999999999999       0.49073829180186107       -9.2617081981389293E-003
   2.8999999999999999       0.49059000573805356       -9.4099942619464416E-003
   2.9199999999999999       0.49051637674427967       -9.4836232557203304E-003
   2.9399999999999999       0.49037375285576662       -9.6262471442333797E-003
   2.9600000000000000       0.49029567544547992       -9.7043245545200829E-003
   2.9800000000000000       0.49015896335050485       -9.8410366494951496E-003
   3.0000000000000000       0.49007626686169742       -9.9237331383025817E-003
   3.0200000000000000       0.48994570362266510       -1.0054296377334904E-002
   3.0400000000000000       0.48985821891458953       -1.0141781085410473E-002
   3.0600000000000001       0.48973402855159487       -1.0265971448405131E-002
   3.0800000000000001       0.48964158870961622       -1.0358411290383784E-002
   3.1000000000000001       0.48952398174822687       -1.0476018251773134E-002
   3.1200000000000001       0.48942642280287624       -1.0573577197123762E-002
   3.1400000000000001       0.48931559585500167       -1.0684404144998327E-002
   3.1600000000000001       0.48921275751106297       -1.0787242488937032E-002
   3.1800000000000002       0.48910889288770343       -1.0891107112296572E-002
   3.2000000000000002       0.48900061925915778       -1.0999380740842224E-002
   3.2200000000000002       0.48890388461382506       -1.1096115386174943E-002
   3.2400000000000002       0.48879002496052110       -1.1209975039478903E-002
   3.2600000000000002       0.48870057296215996       -1.1299427037840037E-002
   3.2800000000000002       0.48858098242416648       -1.1419017575833523E-002
   3.3000000000000003       0.48849895045847774       -1.1501049541522257E-002
   3.3200000000000003       0.48837349078420622       -1.1626509215793779E-002
   3.3399999999999999       0.48829900068237359       -1.1700999317626415E-002
   3.3599999999999999       0.48816754094672749       -1.1832459053272515E-002
   3.3799999999999999       0.48810069874067846       -1.1899301259321537E-002
   3.3999999999999999       0.48796311604968828       -1.2036883950311716E-002
   3.4199999999999999       0.48790401175316744       -1.2095988246832556E-002
   3.4399999999999999       0.48776019193180059       -1.2239808068199409E-002
   3.4600000000000000       0.48770889934669842       -1.2291100653301579E-002
   3.4800000000000000       0.48755873760678492       -1.2441262393215080E-002
   3.5000000000000000       0.48751531415433869       -1.2484685845661314E-002
   3.5200000000000000       0.48735871573982248       -1.2641284260177521E-002
   3.5400000000000000       0.48732320231648485       -1.2676797683515151E-002
   3.5600000000000001       0.48716008312348846       -1.2839916876511537E-002
   3.5800000000000001       0.48713250398143715       -1.2867496018562852E-002
   3.6000000000000001       0.48696279115091068       -1.3037208849089321E-002
   3.6200000000000001       0.48694315380334280       -1.3056846196657201E-002
   3.6400000000000001       0.48676678628434922       -1.3233213715650782E-002
   3.6600000000000001       0.48675508143586460       -1.3244918564135399E-002
   3.6800000000000002       0.48657201051782834       -1.3427989482171665E-002
   3.7000000000000002       0.48656821202034822       -1.3431787979651777E-002
   3.7200000000000002       0.48637840183285586       -1.3621598167144144E-002
   3.7400000000000002       0.48638246666764701       -1.3617533332352993E-002
   3.7600000000000002       0.48618589464663609       -1.3814105353363915E-002
   3.7800000000000002       0.48619776293310879       -1.3802237066891210E-002
   3.8000000000000003       0.48599442025250611       -1.4005579747493890E-002
   3.8200000000000003       0.48601401528452615       -1.3985984715473854E-002
   3.8399999999999999       0.48580390725259975       -1.4196092747400246E-002
   3.8599999999999999       0.48583113556309748       -1.4168864436902517E-002
   3.8799999999999999       0.48561428198296319       -1.4385718017036808E-002
   3.8999999999999999       0.48564903343763444       -1.4350966562365564E-002
   3.9199999999999999       0.48542546893150729       -1.4574531068492713E-002
   3.9399999999999999       0.48546761685238071       -1.4532383147619288E-002
   3.9600000000000000       0.48523739114928216       -1.4762608850717840E-002
   3.9800000000000000       0.48528679246887785       -1.4713207531122152E-002
   4.0000000000000000       0.48504997065560151       -1.4950029344398486E-002
   4.0200000000000005       0.48510646610232327       -1.4893533897676725E-002
   4.0400000000000000       0.48486312883752758       -1.5136871162472421E-002
   4.0600000000000005       0.48492654315282097       -1.5073456847179034E-002
   4.0800000000000001       0.48467678684415383       -1.5323213155846171E-002
   4.0999999999999996       0.48474692903182598       -1.5253070968174021E-002
   4.1200000000000001       0.48449086597600077       -1.5509134023999227E-002
   4.1399999999999997       0.48456752958393629       -1.5432470416063715E-002
   4.1600000000000001       0.48430528806967110       -1.5694711930328897E-002
   4.1799999999999997       0.48438825150399756       -1.5611748496002442E-002
   4.2000000000000002       0.48411997587770284       -1.5880024122297165E-002
   4.2199999999999998       0.48420900274926226       -1.5790997250737737E-002
   4.2400000000000002       0.48393485344332143       -1.6065146556678567E-002
   4.2599999999999998       0.48402969294609477       -1.5970307053905231E-002
   4.2800000000000002       0.48374984646953129       -1.6250153530468714E-002
   4.2999999999999998       0.48385023379044539       -1.6149766209554606E-002
   4.3200000000000003       0.48356488268171161       -1.6435117318288395E-002
   4.3399999999999999       0.48367053944103938       -1.6329460558960618E-002
   4.3600000000000003       0.48337989218260335       -1.6620107817396645E-002
   4.3799999999999999       0.48349052690394950       -1.6509473096050498E-002
   4.4000000000000004       0.48319480779829865       -1.6805192201701347E-002
   4.4199999999999999       0.48331011640695271       -1.6689883593047294E-002
   4.4400000000000004       0.48300956541358281       -1.6990434586417191E-002
   4.4600000000000000       0.48312923176182193       -1.6870768238178069E-002
   4.4800000000000004       0.48282410429474021       -1.7175895705259792E-002
   4.5000000000000000       0.48294780071248000       -1.7052199287519998E-002
   4.5200000000000005       0.48263836739772598       -1.7361632602274024E-002
   4.5400000000000000       0.48276575526675297       -1.7234244733247028E-002
   4.5600000000000005       0.48245230165943381       -1.7547698340566187E-002
   4.5800000000000001       0.48258303200931235       -1.7416967990687648E-002
   4.6000000000000005       0.48226585826966212       -1.7734141730337882E-002
   4.6200000000000001       0.48239957239329240       -1.7600427606707603E-002
   4.6399999999999997       0.48207899292130180       -1.7921007078698203E-002
   4.6600000000000001       0.48221532300801850       -1.7784676991981496E-002
   4.6799999999999997       0.48189166603624245       -1.8108333963757550E-002
   4.7000000000000002       0.48203023582028648       -1.7969764179713521E-002
   4.7199999999999998       0.48170384296452251       -1.8296157035477489E-002
   4.7400000000000002       0.48184426838669153       -1.8155731613308468E-002
   4.7599999999999998       0.48151549415433609       -1.8484505845663912E-002
   4.7800000000000002       0.48165738403462460       -1.8342615965375397E-002
   4.7999999999999998       0.48132659529065114       -1.8673404709348862E-002
   4.8200000000000003       0.48146955200972663       -1.8530447990273369E-002
   4.8399999999999999       0.48113712740039255       -1.8862872599607450E-002
   4.8600000000000003       0.48128074758781997       -1.8719252412180032E-002
   4.8799999999999999       0.48094707692239469       -1.9052923077605310E-002
   4.9000000000000004       0.48109095214961517       -1.8909047850384830E-002
   4.9199999999999999       0.48075643574062821       -1.9243564259371793E-002
   4.9400000000000004       0.48090015321681789       -1.9099846783182106E-002
   4.9600000000000000       0.48056520117954893       -1.9434798820451071E-002
   4.9800000000000004       0.48070834444862581       -1.9291655551374187E-002
   5.0000000000000000       0.48037337596079777       -1.9626624039202234E-002
   5.0200000000000005       0.48051552559800748       -1.9484474401992524E-002
   5.0400000000000000       0.48018096812089217       -1.9819031879107829E-002
   5.0600000000000005       0.48032170242758071       -1.9678297572419290E-002
   5.0800000000000001       0.47998799088998306       -2.0012009110016937E-002
   5.1000000000000005       0.48012688658535535       -1.9873113414644650E-002
   5.1200000000000001       0.47979446253219959       -2.0205537467800405E-002
   5.1399999999999997       0.47993109544105894       -2.0068904558941059E-002
   5.1600000000000001       0.47960040614855792       -2.0399593851442077E-002
   5.1799999999999997       0.47973435188422275       -2.0265648115777246E-002
   5.2000000000000002       0.47940584944386044       -2.0594150556139557E-002
   5.2199999999999998       0.47953668408565298       -2.0463315914347024E-002
   5.2400000000000002       0.47921082445945079       -2.0789175540549210E-002
   5.2599999999999998       0.47933812522434610       -2.0661874775653899E-002
   5.2800000000000002       0.47901536727410854       -2.0984632725891461E-002
   5.2999999999999998       0.47913871318231488       -2.0861286817685121E-002
   5.3200000000000003       0.47881951767575615       -2.1180482324243854E-002
   5.3399999999999999       0.47893849021016788       -2.1061509789832122E-002
   5.3600000000000003       0.47862331880700615       -2.1376681192993852E-002
   5.3799999999999999       0.47873750256662145       -2.1262497433378547E-002
   5.4000000000000004       0.47842681678788629       -2.1573183212113711E-002
   5.4199999999999999       0.47853580013541414       -2.1464199864585864E-002
   5.4400000000000004       0.47823006031934456       -2.1769939680655437E-002
   5.4600000000000000       0.47833343602333317       -2.1666563976666831E-002
   5.4800000000000004       0.47803310027134571       -2.1966899728654288E-002
   5.5000000000000000       0.47813046614324706       -2.1869533856752943E-002
   5.5200000000000005       0.47783598925952342       -2.2164010740476581E-002
   5.5400000000000000       0.47792694878616532       -2.2073051213834682E-002
   5.5600000000000005       0.47763878121444842       -2.2361218785551584E-002
   5.5800000000000001       0.47772294418641281       -2.2277055813587188E-002
   5.6000000000000005       0.47744153094760561       -2.2558469052394392E-002
   5.6200000000000001       0.47751851408401236       -2.2481485915987642E-002
   5.6399999999999997       0.47724429371814830       -2.2755706281851695E-002
   5.6600000000000001       0.47731372128831584       -2.2686278711684160E-002
   5.6799999999999997       0.47704712480441286       -2.2952875195587141E-002
   5.7000000000000002       0.47710862924681274       -2.2891370753187257E-002
   5.7199999999999998       0.47685007908403643       -2.3149920915963573E-002
   5.7400000000000002       0.47690330162287875       -2.3096698377121250E-002
   5.7599999999999998       0.47665321062632632       -2.3346789373673682E-002
   5.7800000000000002       0.47669780188601052       -2.3302198113989481E-002
   5.7999999999999998       0.47645657230028832       -2.3543427699711683E-002
   5.8200000000000003       0.47649219291782918       -2.3507807082170817E-002
   5.8399999999999999       0.47626021540143615       -2.3739784598563851E-002
   5.8600000000000003       0.47628653663683412       -2.3713463363165876E-002
   5.8799999999999999       0.47606418930018307       -2.3935810699816928E-002
   5.9000000000000004       0.47608089364455125       -2.3919106355448749E-002
   5.9199999999999999       0.47586854111426563       -2.4131458885734369E-002
   5.9400000000000004       0.47587532289535878       -2.4124677104641223E-002
   5.9600000000000000       0.47567331540727575       -2.4326684592724246E-002
   5.9800000000000004       0.47566988139189237       -2.4330118608107631E-002
   6.0000000000000000       0.47547855391498861       -2.4521446085011389E-002
   6.0200000000000005       0.47546462390753852       -2.4535376092461481E-002
   6.0400000000000000       0.47528429530077670       -2.4715704699223295E-002
   6.0600000000000005       0.47525960273712992       -2.4740397262870084E-002
   6.0800000000000001       0.47509057494100532       -2.4909425058994683E-002
   6.1000000000000005       0.47505486747656311       -2.4945132523436886E-002
   6.1200000000000001       0.47489742474091379       -2.5102575259086213E-002
   6.1400000000000006       0.47485046483167742       -2.5149535168322579E-002
   6.1600000000000001       0.47470487298111302       -2.5295127018886976E-002
   6.1799999999999997       0.47464643845637039       -2.5353561543629610E-002
   6.2000000000000002       0.47451294419447460       -2.5487055805525405E-002
   6.2199999999999998       0.47444282881958344       -2.5557171180416560E-002
   6.2400000000000002       0.47432165907285861       -2.5678340927141385E-002
   6.2599999999999998       0.47423967310048065       -2.5760326899519348E-002
   6.2800000000000002       0.47413103440282967       -2.5868965597170335E-002
   6.2999999999999998       0.47403700511086383       -2.5962994889136171E-002
   6.3200000000000003       0.47394108302924914       -2.6058916970750856E-002
   6.3399999999999999       0.47383485524362701       -2.6165144756372993E-002
   6.3600000000000003       0.47375181384540721       -2.6248186154592790E-002
   6.3799999999999999       0.47363325044585031       -2.6366749554149693E-002
   6.4000000000000004       0.47356323180817578       -2.6436768191824223E-002
   6.4199999999999999       0.47343221421497372       -2.6567785785026277E-002
   6.4400000000000004       0.47337533797652098       -2.6624662023479018E-002
   6.4600000000000000       0.47323176661637212       -2.6768233383627882E-002
   6.4800000000000004       0.47318812957161555       -2.6811870428384454E-002
   6.5000000000000000       0.47303192432057584       -2.6968075679424164E-002
   6.5200000000000005       0.47300160005673147       -2.6998399943268525E-002
   6.5400000000000000       0.47283270065834582       -2.7167299341654183E-002
   6.5600000000000005       0.47281573923507525       -2.7184260764924750E-002
   6.5800000000000001       0.47263410569181202       -2.7365894308187977E-002
   6.6000000000000005       0.47263053336374516       -2.7369466636254836E-002
   6.6200000000000001       0.47243614629992359       -2.7563853700076413E-002
   6.6400000000000006       0.47244596528204152       -2.7554034717958475E-002
   6.6600000000000001       0.47223882627652503       -2.7761173723474974E-002
   6.6799999999999997       0.47226201455244143       -2.7737985447558566E-002
   6.7000000000000002       0.47204214643947112       -2.7957853560528878E-002
   6.7199999999999998       0.47207865761265549       -2.7921342387344505E-002
   6.7400000000000002       0.47184610474931016       -2.8153895250689842E-002
   6.7599999999999998       0.47189586793730920       -2.8104132062690801E-002
   6.7800000000000002       0.47165069643620183       -2.8349303563798167E-002
   6.7999999999999998       0.47171361620793317       -2.8286383792066827E-002
   6.8200000000000003       0.47145591413388399       -2.8544085866116009E-002
   6.8399999999999999       0.47153187049009559       -2.8468129509904405E-002
   6.8600000000000003       0.47126174801965715       -2.8738251980342855E-002
   6.8799999999999999       0.47135059641666494       -2.8649403583335065E-002
   6.9000000000000004       0.47106818595951178       -2.8931814040488224E-002
   6.9199999999999999       0.47116975737634315       -2.8830242623656854E-002
   6.9400000000000004       0.47087521365767565       -2.9124786342324349E-002
   6.9600000000000000       0.47098931470675726       -2.9010685293242744E-002
   6.9800000000000004       0.47068281481000235       -2.9317185189997652E-002
   7.0000000000000000       0.47080922789153201       -2.9190772108467988E-002
   7.0200000000000005       0.47049097126075246       -2.9509028739247545E-002
   7.0400000000000000       0.47062945476088835       -2.9370545239111645E-002
   7.0600000000000005       0.47029966316243343       -2.9700336837566566E-002
   7.0800000000000001       0.47044995169541381       -2.9550048304586185E-002
   7.1000000000000005       0.47010886913845717       -2.9891130861542825E-002
   7.1200000000000001       0.47027067383273330       -2.9729326167266701E-002
   7.1400000000000006       0.46991856644844660       -3.0081433551553405E-002
   7.1600000000000001       0.47009157527686563       -2.9908424723134375E-002
   7.1799999999999997       0.46972873115606850       -3.0271268843931498E-002
   7.2000000000000002       0.46991260931008505       -3.0087390689914950E-002
   7.2199999999999998       0.46953933829929351       -3.0460661700706493E-002
   7.2400000000000002       0.46973372860711343       -3.0266271392886568E-002
   7.2599999999999998       0.46935036206297825       -3.0649637937021745E-002
   7.2800000000000002       0.46955488545145319       -3.0445114548546814E-002
   7.2999999999999998       0.46916177595363862       -3.0838224046361384E-002
   7.3200000000000003       0.46937603195362693       -3.0623968046373073E-002
   7.3399999999999999       0.46897355297622934       -3.1026447023770665E-002
   7.3600000000000003       0.46919712027102856       -3.0802879728971444E-002
   7.3799999999999999       0.46878566581267361       -3.1214334187326387E-002
   7.4000000000000004       0.46901810282900364       -3.0981897170996364E-002
   7.4199999999999999       0.46859808700179301       -3.1401912998206993E-002
   7.4400000000000004       0.46883893254267844       -3.1161067457321556E-002
   7.4600000000000000       0.46841078912018203       -3.1589210879817975E-002
   7.4800000000000004       0.46865956303894057       -3.1340436961059426E-002
   7.5000000000000000       0.46822374496345198       -3.1776255036548018E-002
   7.5200000000000005       0.46847994887785077       -3.1520051122149229E-002
   7.5400000000000000       0.46803692772714228       -3.1963072272857718E-002
   7.5600000000000005       0.46830004577263640       -3.1699954227363603E-002
   7.5800000000000001       0.46785031118646803       -3.2149688813531974E-002
   7.6000000000000005       0.46811981080728615       -3.1880189192713848E-002
   7.6200000000000001       0.46766386987394393       -3.2336130126056073E-002
   7.6400000000000006       0.46793920265063987       -3.2060797349360126E-002
   7.6600000000000001       0.46747757925380157       -3.2522420746198433E-002
   7.6799999999999997       0.46775818176574813       -3.2241818234251873E-002
   7.7000000000000002       0.46729141589200524       -3.2708584107994765E-002
   7.7199999999999998       0.46757671061317080       -3.2423289386829202E-002
   7.7400000000000002       0.46710535762057226       -3.2894642379427741E-002
   7.7599999999999998       0.46739475384679441       -3.2605246153205591E-002
   7.7800000000000002       0.46691938369482416       -3.3080616305175836E-002
   7.7999999999999998       0.46721227850067876       -3.2787721499321243E-002
   7.8200000000000003       0.46673347494213624       -3.3266525057863761E-002
   7.8399999999999999       0.46702925416539698       -3.2970745834603021E-002
   7.8600000000000003       0.46654761390071858       -3.3452386099281417E-002
   7.8799999999999999       0.46684565315231374       -3.3154346847686256E-002
   7.9000000000000004       0.46636178494695452       -3.3638215053045484E-002
   7.9199999999999999       0.46666145064425402       -3.3338549355745983E-002
   7.9400000000000004       0.46617597440984287       -3.3824025590157125E-002
   7.9600000000000000       0.46647662483105190       -3.3523375168948100E-002
   7.9800000000000004       0.46599017067114074       -3.4009829328859265E-002
   8.0000000000000000       0.46629115702853591       -3.3708842971464092E-002
   8.0199999999999996       0.46580436424988358       -3.4195635750116415E-002
   8.0400000000000009       0.46610503177960466       -3.3894968220395338E-002
   8.0600000000000005       0.46561854787006784       -3.4381452129932155E-002
   8.0800000000000001       0.46591823693617129       -3.4081763063828707E-002
   8.0999999999999996       0.46543271651041784       -3.4567283489582157E-002
   8.1200000000000010       0.46573076372090944       -3.4269236279090565E-002
   8.1400000000000006       0.46524686743532229       -3.4753132564677713E-002
   8.1600000000000001       0.46554260676791009       -3.4457393232089906E-002
   8.1799999999999997       0.46506100020621055       -3.4938999793789449E-002
   8.1999999999999993       0.46535376414156066       -3.4646235858439345E-002
   8.2200000000000006       0.46487511667284681       -3.5124883327153189E-002
   8.2400000000000002       0.46516423733317552       -3.4835762666824477E-002
   8.2599999999999998       0.46468922094424203       -3.5310779055757968E-002
   8.2799999999999994       0.46497403123514208       -3.5025968764857918E-002
   8.3000000000000007       0.46450331933912065       -3.5496680660879354E-002
   8.3200000000000003       0.46478315409259174       -3.5216845907408256E-002
   8.3399999999999999       0.46431742031612244       -3.5682579683877558E-002
   8.3599999999999994       0.46459161743285576       -3.5408382567144236E-002
   8.3800000000000008       0.46413153438416838       -3.5868465615831624E-002
   8.4000000000000004       0.46439943597321959       -3.5600564026780412E-002
   8.4199999999999999       0.46394567399366587       -3.6054326006334125E-002
   8.4399999999999995       0.46420662750773828       -3.5793372492261721E-002
   8.4600000000000009       0.46375985340947040       -3.6240146590529598E-002
   8.4800000000000004       0.46401321277411778       -3.5986787225882222E-002
   8.5000000000000000       0.46357408856675153       -3.6425911433248470E-002
   8.5199999999999996       0.46381921530189629       -3.6180784698103707E-002
   8.5400000000000009       0.46338839691112699       -3.6611603088873013E-002
   8.5600000000000005       0.46362466124337248       -3.6375338756627518E-002
   8.5800000000000001       0.46320279722462676       -3.6797202775373239E-002
   8.5999999999999996       0.46342957918891908       -3.6570420811080917E-002
   8.6200000000000010       0.46301730943922387       -3.6982690560776132E-002
   8.6400000000000006       0.46323399996848874       -3.6766000031511259E-002
   8.6600000000000001       0.46283195443981739       -3.7168045560182605E-002
   8.6799999999999997       0.46303795644125961       -3.6962043558740387E-002
   8.7000000000000011       0.46264675385867510       -3.7353246141324903E-002
   8.7200000000000006       0.46284148327547930       -3.7158516724520696E-002
   8.7400000000000002       0.46246172986343231       -3.7538270136567686E-002
   8.7599999999999998       0.46264461672064622       -3.7355383279353782E-002
   8.7799999999999994       0.46227690494080409       -3.7723095059195910E-002
   8.8000000000000007       0.46244739437421434       -3.7552605625785662E-002
   8.8200000000000003       0.46209230167819232       -3.7907698321807681E-002
   8.8399999999999999       0.46224985494502341       -3.7750145054976592E-002
   8.8599999999999994       0.46190794254536344       -3.8092057454636563E-002
   8.8800000000000008       0.46205203801563821       -3.7947961984361789E-002
   8.9000000000000004       0.46172384967833457       -3.8276150321665425E-002
   8.9199999999999999       0.46185398380573173       -3.8146016194268273E-002
   8.9399999999999995       0.46154004466753545       -3.8459955332464546E-002
   8.9600000000000009       0.46165573293856788       -3.8344267061432125E-002
   8.9800000000000004       0.46135654835221651       -3.8643451647783489E-002
   9.0000000000000000       0.46145732621253244       -3.8542673787467563E-002
   9.0199999999999996       0.46117338062294799       -3.8826619377052007E-002
   9.0400000000000009       0.46125880437952882       -3.8741195620471180E-002
   9.0600000000000005       0.46099056023390761       -3.9009439766092391E-002
   9.0800000000000001       0.46106020793190117       -3.8939792068098833E-002
   9.0999999999999996       0.46080810462648497       -3.9191895373515029E-002
   9.1200000000000010       0.46086157689937429       -3.9138423100625708E-002
   9.1400000000000006       0.46062602976554756       -3.9373970234452438E-002
   9.1600000000000001       0.46066295065731300       -3.9337049342687003E-002
   9.1799999999999997       0.46044434998951456       -3.9555650010485444E-002
   9.2000000000000011       0.46046436774740535       -3.9535632252594655E-002
   9.2200000000000006       0.46026307787517934       -3.9736922124820662E-002
   9.2400000000000002       0.46026586571166944       -3.9734134288330558E-002
   9.2599999999999998       0.46008222411801208       -3.9917775881987916E-002
   9.2799999999999994       0.46006748094047717       -3.9932519059522831E-002
   9.3000000000000007       0.45990179742846232       -4.0098202571537678E-002
   9.3200000000000003       0.45986924853508249       -4.0130751464917513E-002
   9.3399999999999999       0.45972180444457639       -4.0278195555423613E-002
   9.3599999999999994       0.45967120218494273       -4.0328797815057271E-002
   9.3800000000000008       0.45954224966104418       -4.0457750338955822E-002
   9.4000000000000004       0.45947337405993033       -4.0526625940069672E-002
   9.4199999999999999       0.45936313537460316       -4.0636864625396840E-002
   9.4399999999999995       0.45927579471735502       -4.0724205282644976E-002
   9.4600000000000009       0.45918446164555304       -4.0815538354446956E-002
   9.4800000000000004       0.45907849302355314       -4.0921506976446864E-002
   9.5000000000000000       0.45900622627497722       -4.0993773725022775E-002
   9.5199999999999996       0.45888149608965628       -4.1118503910343718E-002
   9.5400000000000009       0.45882842479713037       -4.1171575202869626E-002
   9.5600000000000005       0.45868482922102588       -4.1315170778974120E-002
   9.5800000000000001       0.45865105048633226       -4.1348949513667743E-002
   9.5999999999999996       0.45848851587973605       -4.1511484120263953E-002
   9.6200000000000010       0.45847409437761388       -4.1525905622386117E-002
   9.6400000000000006       0.45829257765940407       -4.1707422340595934E-002
   9.6600000000000001       0.45829754530028660       -4.1702454699713398E-002
   9.6799999999999997       0.45809703427160781       -4.1902965728392194E-002
   9.7000000000000011       0.45812138992355550       -4.1878610076444500E-002
   9.7200000000000006       0.45790190354309052       -4.2098096456909484E-002
   9.7400000000000002       0.45794561281326679       -4.2054387186733211E-002
   9.7599999999999998       0.45770720142293497       -4.2292798577065027E-002
   9.7799999999999994       0.45777019649887041       -4.2229803501129592E-002
   9.8000000000000007       0.45751294199889131       -4.2487058001108691E-002
   9.8200000000000003       0.45759512154968968       -4.2404878450310324E-002
   9.8399999999999999       0.45731913752206149       -4.2680862477938508E-002
   9.8599999999999994       0.45742036665961466       -4.2579633340385337E-002
   9.8800000000000008       0.45712579843917950       -4.2874201560820502E-002
   9.9000000000000004       0.45724590873937998       -4.2754091260620020E-002
   9.9199999999999999       0.45693293343177388       -4.3067066568226120E-002
   9.9399999999999995       0.45707172301563914       -4.2928276984360858E-002
   9.9600000000000009       0.45674054946155823       -4.3259450538441768E-002
   9.9800000000000004       0.45689778313611235       -4.3102216863887655E-002
   10.000000000000000       0.45654865182146220       -4.3451348178537796E-002
   10.020000000000000       0.45672406128015341       -4.3275938719846585E-002
   10.040000000000001       0.45635724419178575       -4.3642755808214251E-002
   10.060000000000000       0.45655052827415382       -4.3449471725846178E-002
   10.080000000000000       0.45616632870103324       -4.3833671298966759E-002
   10.100000000000000       0.45637715371127652       -4.3622846288723482E-002
   10.120000000000001       0.45597590599105459       -4.4024094008945414E-002
   10.140000000000001       0.45620390607508160       -4.3796093924918400E-002
   10.160000000000000       0.45578597528618903       -4.4214024713810973E-002
   10.180000000000000       0.45603075286667294       -4.3969247133327061E-002
   10.200000000000001       0.45559653446616777       -4.4403465533832231E-002
   10.220000000000001       0.45585766073505263       -4.4142339264947372E-002
   10.240000000000000       0.45540758014258426       -4.4592419857415744E-002
   10.260000000000000       0.45568459561041907       -4.4315404389580926E-002
   10.279999999999999       0.45521910773878310       -4.4780892261216898E-002
   10.300000000000001       0.45551152284018226       -4.4488477159817741E-002
   10.320000000000000       0.45503111157304738       -4.4968888426952625E-002
   10.340000000000000       0.45533840732749442       -4.4661592672505579E-002
   10.359999999999999       0.45484358494498167       -4.5156415055018329E-002
   10.380000000000001       0.45516521367210638       -4.4834786327893617E-002
   10.400000000000000       0.45465652022499015       -4.5343479775009854E-002
   10.420000000000000       0.45499190631335623       -4.5008093686643769E-002
   10.440000000000000       0.45446990894673744       -4.5530091053262556E-002
   10.460000000000001       0.45481844967508211       -4.5181550324917885E-002
   10.480000000000000       0.45428374190245568       -4.5716258097544316E-002
   10.500000000000000       0.45464480831222015       -4.5355191687779850E-002
   10.520000000000000       0.45409800924092225       -4.5901990759077749E-002
   10.540000000000001       0.45447094705880636       -4.5529052941193637E-002
   10.560000000000000       0.45391270056788308       -4.6087299432116924E-002
   10.580000000000000       0.45429683117704905       -4.5703168822950946E-002
   10.600000000000000       0.45372780504863613       -4.6272194951363865E-002
   10.620000000000001       0.45412242650707435       -4.5877573492925650E-002
   10.640000000000001       0.45354331151242033       -4.6456688487579667E-002
   10.660000000000000       0.45394769961687770       -4.6052300383122302E-002
   10.680000000000000       0.45335920855818107       -4.6640791441818930E-002
   10.700000000000001       0.45377261795193974       -4.6227382048060262E-002
   10.720000000000001       0.45317548466120383       -4.6824515338796169E-002
   10.740000000000000       0.45359714998388589       -4.6402850016114106E-002
   10.760000000000000       0.45299212828002722       -4.7007871719972782E-002
   10.779999999999999       0.45342126535749200       -4.6578734642508002E-002
   10.800000000000001       0.45280912796296835       -4.7190872037031650E-002
   10.820000000000000       0.45324493503526325       -4.6755064964736748E-002
   10.840000000000000       0.45262647245351806       -4.7373527546481942E-002
   10.859999999999999       0.45306813143874336       -4.6931868561256640E-002
   10.880000000000001       0.45244415079379574       -4.7555849206204259E-002
   10.900000000000000       0.45289082858564950       -4.7109171414350504E-002
   10.920000000000000       0.45226215242519408       -4.7737847574805925E-002
   10.940000000000000       0.45271300222187721       -4.7286997778122786E-002
   10.960000000000001       0.45208046728529666       -4.7919532714703339E-002
   10.980000000000000       0.45253462994738020       -4.7465370052619804E-002
   11.000000000000000       0.45189908590011757       -4.8100914099882430E-002
   11.020000000000000       0.45235569133490616       -4.7644308665093837E-002
   11.040000000000001       0.45171799947069280       -4.8282000529307201E-002
   11.060000000000000       0.45217616804056088       -4.7823831959439123E-002
   11.080000000000000       0.45153719995305208       -4.8462800046947918E-002
   11.100000000000000       0.45199604390518278       -4.8003956094817224E-002
   11.120000000000001       0.45135668013061453       -4.8643319869385471E-002
   11.140000000000001       0.45181530504553657       -4.8184694954463425E-002
   11.160000000000000       0.45117643367808641       -4.8823566321913592E-002
   11.180000000000000       0.45163393993438145       -4.8366060065618555E-002
   11.200000000000001       0.45099645521599130       -4.9003544784008701E-002
   11.220000000000001       0.45145193946853218       -4.8548060531467818E-002
   11.240000000000000       0.45081674035503388       -4.9183259644966115E-002
   11.260000000000000       0.45126929702411539       -4.8730702975884610E-002
   11.279999999999999       0.45063728572958639       -4.9362714270413610E-002
   11.300000000000001       0.45108600849832114       -4.8913991501678855E-002
   11.320000000000000       0.45045808901969148       -4.9541910980308523E-002
   11.340000000000000       0.45090207233706581       -4.9097927662934193E-002
   11.359999999999999       0.45027914896109439       -4.9720851038905611E-002
   11.380000000000001       0.45071748954811081       -4.9282510451889194E-002
   11.400000000000000       0.45010046534294923       -4.9899534657050770E-002
   11.420000000000000       0.45053226369932231       -4.9467736300677689E-002
   11.440000000000000       0.44992203899298611       -5.0077961007013894E-002
   11.460000000000001       0.45034640090190697       -4.9653599098093026E-002
   11.480000000000000       0.44974387175007779       -5.0256128249922205E-002
   11.500000000000000       0.45015990977861636       -4.9840090221383637E-002
   11.520000000000000       0.44956596642429858       -5.0434033575701420E-002
   11.540000000000001       0.44997280141707258       -5.0027198582927423E-002
   11.560000000000000       0.44938832674472773       -5.0611673255272271E-002
   11.580000000000000       0.44978508930853034       -5.0214910691469661E-002
   11.600000000000000       0.44921095729540733       -5.0789042704592668E-002
   11.620000000000001       0.44959678927255009       -5.0403210727449910E-002
   11.640000000000001       0.44903386344001811       -5.0966136559981889E-002
   11.660000000000000       0.44940791936821212       -5.0592080631787884E-002
   11.680000000000000       0.44885705123598529       -5.1142948764014706E-002
   11.700000000000001       0.44921849979264911       -5.0781500207350894E-002
   11.720000000000001       0.44868052733886526       -5.1319472661134735E-002
   11.740000000000000       0.44902855276781084       -5.0971447232189160E-002
   11.760000000000000       0.44850429889799059       -5.1495701102009406E-002
   11.779999999999999       0.44883810241649974       -5.1161897583500260E-002
   11.800000000000001       0.44832837344446386       -5.1671626555536143E-002
   11.820000000000000       0.44864717462882348       -5.1352825371176525E-002
   11.840000000000000       0.44815275877268762       -5.1847241227312379E-002
   11.859999999999999       0.44845579692030418       -5.1544203079695816E-002
   11.880000000000001       0.44797746281669704       -5.2022537183302964E-002
   11.900000000000000       0.44826399828295549       -5.1736001717044511E-002
   11.920000000000000       0.44780249352262042       -5.2197506477379585E-002
   11.940000000000000       0.44807180903069332       -5.1928190969306676E-002
   11.960000000000001       0.44762785871863364       -5.2372141281366358E-002
   11.980000000000000       0.44787926064047912       -5.2120739359520885E-002
   12.000000000000000       0.44745356598379232       -5.2546434016207677E-002
   12.020000000000000       0.44768638559060642       -5.2313614409393583E-002
   12.040000000000001       0.44727962251712505       -5.2720377482874947E-002
   12.060000000000000       0.44749321719753421       -5.2506782802465790E-002
   12.080000000000000       0.44710603500834722       -5.2893964991652775E-002
   12.100000000000000       0.44729978945264187       -5.2700210547358128E-002
   12.120000000000001       0.44693280951151543       -5.3067190488484572E-002
   12.140000000000001       0.44710613686023359       -5.2893863139766406E-002
   12.160000000000000       0.44675995132288032       -5.3240048677119678E-002
   12.180000000000000       0.44691229427805573       -5.3087705721944267E-002
   12.200000000000001       0.44658746486412015       -5.3412535135879846E-002
   12.220000000000001       0.44671829676150965       -5.3281703238490352E-002
   12.240000000000000       0.44641535357204482       -5.3584646427955185E-002
   12.260000000000000       0.44652417941264766       -5.3475820587352341E-002
   12.280000000000001       0.44624361979575494       -5.3756380204245058E-002
   12.300000000000001       0.44632997723493351       -5.3670022765066494E-002
   12.320000000000000       0.44607226470212546       -5.3927735297874535E-002
   12.340000000000000       0.44613572499463289       -5.3864275005367113E-002
   12.359999999999999       0.44590128819035857       -5.4098711809641431E-002
   12.380000000000001       0.44594145708957678       -5.4058542910423224E-002
   12.400000000000000       0.44573068881622246       -5.4269311183777535E-002
   12.420000000000000       0.44574720742591306       -5.4252792574086939E-002
   12.440000000000000       0.44556046372645930       -5.4439536273540701E-002
   12.460000000000001       0.44555300930333414       -5.4446990696665865E-002
   12.480000000000000       0.44539060860371360       -5.4609391396286400E-002
   12.500000000000000       0.44535889530913991       -5.4641104690860087E-002
   12.520000000000000       0.44522111762220157       -5.4778882377798432E-002
   12.540000000000001       0.44516489722137148       -5.4835102778628519E-002
   12.560000000000000       0.44505198341421609       -5.4948016585783910E-002
   12.580000000000000       0.44497104592113290       -5.5028954078867098E-002
   12.600000000000000       0.44488319704744311       -5.5116802952556887E-002
   12.620000000000001       0.44477737131410666       -5.5222628685893338E-002
   12.640000000000001       0.44471474801295469       -5.5285251987045314E-002
   12.660000000000000       0.44458390226116823       -5.5416097738831771E-002
   12.680000000000000       0.44454662422364388       -5.5453375776356117E-002
   12.700000000000001       0.44439066651791415       -5.5609333482085854E-002
   12.720000000000001       0.44437881202277874       -5.5621187977221265E-002
   12.740000000000000       0.44419769068284060       -5.5802309317159404E-002
   12.760000000000000       0.44421129620227695       -5.5788703797723049E-002
   12.780000000000001       0.44400500015384425       -5.5994999846155746E-002
   12.800000000000001       0.44404406003024105       -5.5955939969758950E-002
   12.820000000000000       0.44381261909266639       -5.6187380907333606E-002
   12.840000000000000       0.44387708528724579       -5.6122914712754213E-002
   12.859999999999999       0.44362057039686259       -5.6379429603137410E-002
   12.880000000000001       0.44371035231083483       -5.6289647689165168E-002
   12.900000000000000       0.44342887567885708       -5.6571124321142918E-002
   12.920000000000000       0.44354384004766345       -5.6456159952336549E-002
   12.940000000000000       0.44323755525162895       -5.6762444748371055E-002
   12.960000000000001       0.44337752611271503       -5.6622473887284974E-002
   12.980000000000000       0.44304662812057788       -5.6953371879422121E-002
   13.000000000000000       0.44321138685502270       -5.6788613144977296E-002
   13.020000000000000       0.44285611198112890       -5.7143888018871103E-002
   13.040000000000001       0.44304539742934196       -5.6954602570658042E-002
   13.060000000000000       0.44266602322165616       -5.7333976778343843E-002
   13.080000000000000       0.44287953187324142       -5.7120468126758583E-002
   13.100000000000000       0.44247637693133424       -5.7523623068665763E-002
   13.120000000000001       0.44271376318911038       -5.7286236810889624E-002
   13.140000000000001       0.44228718691256075       -5.7712813087439252E-002
   13.160000000000000       0.44254806343061642       -5.7451936569383577E-002
   13.180000000000000       0.44209846569763245       -5.7901534302367552E-002
   13.200000000000001       0.44238240379318516       -5.7617596206814836E-002
   13.220000000000001       0.44191022456939849       -5.8089775430601509E-002
   13.240000000000000       0.44221675470811611       -5.7783245291883889E-002
   13.260000000000000       0.44172247358565614       -5.8277526414343861E-002
   13.280000000000001       0.44205108593998760       -5.7948914060012402E-002
   13.300000000000001       0.44153522160709491       -5.8464778392905092E-002
   13.320000000000000       0.44188536668704370       -5.8114633312956299E-002
   13.340000000000000       0.44134847632863144       -5.8651523671368555E-002
   13.359999999999999       0.44171956568429055       -5.8280434315709451E-002
   13.380000000000001       0.44116224431401097       -5.8837755685989035E-002
   13.400000000000000       0.44155365130905921       -5.8446348690940786E-002
   13.420000000000000       0.44097653103357681       -5.9023468966423187E-002
   13.440000000000000       0.44138759168881631       -5.8612408311183695E-002
   13.460000000000001       0.44079134090512950       -5.9208659094870497E-002
   13.480000000000000       0.44122135481101932       -5.8778645188980683E-002
   13.500000000000000       0.44060667733780695       -5.9393322662193049E-002
   13.520000000000000       0.44105490863482233       -5.8945091365177671E-002
   13.540000000000001       0.44042254277892118       -5.9577457221078822E-002
   13.560000000000000       0.44088822120443638       -5.9111778795563619E-002
   13.580000000000000       0.44023893876367942       -5.9761061236320578E-002
   13.600000000000000       0.44072126076394075       -5.9278739236059252E-002
   13.620000000000001       0.44005586596770241       -5.9944134032297591E-002
   13.640000000000001       0.44055399587332228       -5.9446004126677721E-002
   13.660000000000000       0.43987332426222847       -6.0126675737771529E-002
   13.680000000000000       0.44038639552549480       -5.9613604474505200E-002
   13.700000000000001       0.43969131277185958       -6.0308687228140423E-002
   13.720000000000001       0.44021842926401694       -5.9781570735983058E-002
   13.740000000000000       0.43950982993466664       -6.0490170065333360E-002
   13.760000000000000       0.44005006730118668       -5.9949932698813324E-002
   13.780000000000001       0.43932887356442446       -6.0671126435575540E-002
   13.800000000000001       0.43988128063614562       -6.0118719363854378E-002
   13.820000000000000       0.43914844091469801       -6.0851559085301987E-002
   13.840000000000000       0.43971204117257778       -6.0287958827422217E-002
   13.859999999999999       0.43896852874444664       -6.1031471255553360E-002
   13.880000000000001       0.43954232183553510       -6.0457678164464901E-002
   13.900000000000000       0.43878913338475795       -6.1210866615242054E-002
   13.920000000000000       0.43937209668687155       -6.0627903313128451E-002
   13.940000000000000       0.43861025080626825       -6.1389749193731746E-002
   13.960000000000001       0.43920134103871600       -6.0798658961284002E-002
   13.980000000000000       0.43843187668677264       -6.1568123313227363E-002
   14.000000000000000       0.43903003156436715       -6.0969968435632849E-002
   14.020000000000000       0.43825400647847851       -6.1745993521521492E-002
   14.040000000000001       0.43885814640595061       -6.1141853594049389E-002
   14.060000000000000       0.43807663547431158       -6.1923364525688418E-002
   14.080000000000000       0.43868566527814179       -6.1314334721858210E-002
   14.100000000000000       0.43789975887264693       -6.2100241127353073E-002
   14.120000000000001       0.43851256956723061       -6.1487430432769385E-002
   14.140000000000001       0.43772337183980881       -6.2276628160191194E-002
   14.160000000000000       0.43833884242478388       -6.1661157575216119E-002
   14.180000000000000       0.43754746956966351       -6.2452530430336495E-002
   14.200000000000001       0.43816446885515437       -6.1835531144845635E-002
   14.220000000000001       0.43737204733962320       -6.2627952660376796E-002
   14.240000000000000       0.43798943579608790       -6.2010564203912100E-002
   14.260000000000000       0.43719710056238098       -6.2802899437619020E-002
   14.280000000000001       0.43781373219169561       -6.2186267808304385E-002
   14.300000000000001       0.43702262483271531       -6.2977375167284688E-002
   14.320000000000000       0.43763734905708701       -6.2362650942912989E-002
   14.340000000000000       0.43684861596872987       -6.3151384031270130E-002
   14.359999999999999       0.43746027953400091       -6.2539720465999094E-002
   14.380000000000001       0.43667507004693751       -6.3324929953062492E-002
   14.400000000000000       0.43728251893682440       -6.2717481063175595E-002
   14.420000000000000       0.43650198343065016       -6.3498016569349836E-002
   14.440000000000000       0.43710406478845687       -6.2895935211543130E-002
   14.460000000000001       0.43632935279120305       -6.3670647208796949E-002
   14.480000000000000       0.43692491684555290       -6.3075083154447098E-002
   14.500000000000000       0.43615717512161728       -6.3842824878382720E-002
   14.520000000000000       0.43674507711276583       -6.3254922887234166E-002
   14.540000000000001       0.43598544774239195       -6.4014552257608048E-002
   14.560000000000000       0.43656454984571053       -6.3435450154289474E-002
   14.580000000000000       0.43581416829921049       -6.4185831700789509E-002
   14.600000000000000       0.43638334154246805       -6.3616658457531949E-002
   14.620000000000001       0.43564333475244710       -6.4356665247552902E-002
   14.640000000000001       0.43620146092356482       -6.3798539076435179E-002
   14.660000000000000       0.43547294535846542       -6.4527054641534576E-002
   14.680000000000000       0.43601891890047301       -6.3981081099526993E-002
   14.700000000000001       0.43530299864280980       -6.4697001357190198E-002
   14.720000000000001       0.43583572853279423       -6.4164271467205769E-002
   14.740000000000000       0.43513349336549861       -6.4866506634501386E-002
   14.760000000000000       0.43565190497440381       -6.4348095025596186E-002
   14.780000000000001       0.43496442847873912       -6.5035571521260882E-002
   14.800000000000001       0.43546746540894765       -6.4532534591052348E-002
   14.820000000000000       0.43479580307748650       -6.5204196922513502E-002
   14.840000000000000       0.43528242897519054       -6.4717571024809462E-002
   14.859999999999999       0.43462761634337183       -6.5372383656628175E-002
   14.880000000000001       0.43509681668281946       -6.4903183317180535E-002
   14.900000000000000       0.43445986748261500       -6.5540132517384997E-002
   14.920000000000000       0.43491065131939932       -6.5089348680600678E-002
   14.940000000000000       0.43429255565862485       -6.5707444341375154E-002
   14.960000000000001       0.43472395734926350       -6.5276042650736499E-002
   14.980000000000000       0.43412567992006079       -6.5874320079939208E-002
   15.000000000000000       0.43453676080519571       -6.5463239194804290E-002
   15.020000000000000       0.43395923912519430       -6.6040760874805704E-002
   15.040000000000001       0.43434908917382137       -6.5650910826178632E-002
   15.060000000000000       0.43379323186345714       -6.6206768136542860E-002
   15.080000000000000       0.43416097127567416       -6.5839028724325843E-002
   15.100000000000000       0.43362765637510031       -6.6372343624899688E-002
   15.120000000000001       0.43397243714093842       -6.6027562859061584E-002
   15.140000000000001       0.43346251046990836       -6.6537489530091642E-002
   15.160000000000000       0.43378351788188668       -6.6216482118113318E-002
   15.180000000000000       0.43329779144592312       -6.6702208554076881E-002
   15.200000000000001       0.43359424556303766       -6.6405754436962339E-002
   15.220000000000001       0.43313349600912310       -6.6866503990876902E-002
   15.240000000000000       0.43340465307005038       -6.6595346929949617E-002
   15.260000000000000       0.43296962019498475       -6.7030379805015250E-002
   15.280000000000001       0.43321477397834735       -6.6785226021652655E-002
   15.300000000000001       0.43280615929281796       -6.7193840707182040E-002
   15.320000000000000       0.43302464242242328       -6.6975357577576722E-002
   15.340000000000000       0.43264310777372256       -6.7356892226277443E-002
   15.359999999999999       0.43283429296674819       -6.7165707033251809E-002
   15.380000000000001       0.43248045922295425       -6.7519540777045750E-002
   15.400000000000000       0.43264376047911485       -6.7356239520885153E-002
   15.420000000000000       0.43231820627742229       -6.7681793722577710E-002
   15.440000000000000       0.43245308000721178       -6.7546919992788224E-002
   15.460000000000001       0.43215634056896401       -6.7843659431035985E-002
   15.480000000000000       0.43226228665912797       -6.7737713340872030E-002
   15.500000000000000       0.43199485267396087       -6.8005147326039128E-002
   15.520000000000000       0.43207141548841282       -6.7928584511587176E-002
   15.540000000000001       0.43183373206977099       -6.8166267930229008E-002
   15.560000000000000       0.43188050138422857       -6.8119498615771434E-002
   15.580000000000000       0.43167296709836489       -6.8327032901635110E-002
   15.600000000000000       0.43168957896704463       -6.8310421032955371E-002
   15.620000000000001       0.43151254493745700       -6.8487455062543001E-002
   15.640000000000001       0.43149868249023293       -6.8501317509767068E-002
   15.660000000000000       0.43135245157933577       -6.8647548420664228E-002
   15.680000000000000       0.43130784574783609       -6.8692154252163906E-002
   15.700000000000001       0.43119267181750420       -6.8807328182495797E-002
   15.720000000000001       0.43111710198869480       -6.8882898011305205E-002
   15.740000000000000       0.43103318924115863       -6.8966810758841368E-002
   15.760000000000000       0.43092648383703935       -6.9073516162960646E-002
   15.780000000000001       0.43087398623745127       -6.9126013762548733E-002
   15.800000000000001       0.43073602321957583       -6.9263976780424175E-002
   15.820000000000000       0.43071504400140975       -6.9284955998590247E-002
   15.840000000000000       0.43054575129902833       -6.9454248700971666E-002
   15.860000000000001       0.43055634255331898       -6.9443657446681017E-002
   15.880000000000001       0.43035569841403903       -6.9644301585960966E-002
   15.900000000000000       0.43039786076331377       -6.9602139236686233E-002
   15.920000000000000       0.43016589402527500       -6.9834105974725003E-002
   15.940000000000000       0.43023957638288068       -6.9760423617119316E-002
   15.960000000000001       0.42997636666754840       -7.0023633332451596E-002
   15.980000000000000       0.43008146608292852       -6.9918533917071479E-002
   16.000000000000000       0.42978714390772321       -7.0212856092276787E-002
   16.020000000000000       0.42992350549805636       -7.0076494501943642E-002
   16.039999999999999       0.42959825230815718       -7.0401747691842820E-002
   16.059999999999999       0.42976566927662735       -7.0234330723372651E-002
   16.080000000000002       0.42940971739541223       -7.0590282604587773E-002
   16.100000000000001       0.42960793113624479       -7.0392068863755208E-002
   16.120000000000001       0.42922156363396013       -7.0778436366039865E-002
   16.140000000000001       0.42945026392422325       -7.0549736075776748E-002
   16.160000000000000       0.42903381440461152       -7.0966185595388476E-002
   16.180000000000000       0.42929263968265197       -7.0707360317348034E-002
   16.199999999999999       0.42884649198740377       -7.1153508012596234E-002
   16.219999999999999       0.42913502971765860       -7.0864970282341400E-002
   16.240000000000002       0.42865961754869769       -7.1340382451302309E-002
   16.260000000000002       0.42897740467249790       -7.1022595327502103E-002
   16.280000000000001       0.42847321113225217       -7.1526788867747826E-002
   16.300000000000001       0.42881973460411033       -7.1180265395889675E-002
   16.320000000000000       0.42828729165406682       -7.1712708345933185E-002
   16.340000000000000       0.42866198906281994       -7.1338010937180063E-002
   16.359999999999999       0.42810187690080903       -7.1898123099190969E-002
   16.379999999999999       0.42850413717486635       -7.1495862825133649E-002
   16.399999999999999       0.42791698353166557       -7.2083016468334427E-002
   16.420000000000002       0.42834614772749147       -7.1653852272508534E-002
   16.440000000000001       0.42773262708348514       -7.2267372916514860E-002
   16.460000000000001       0.42818798925632756       -7.1812010743672439E-002
   16.480000000000000       0.42754882197910071       -7.2451178020899287E-002
   16.500000000000000       0.42802963013485551       -7.1970369865144490E-002
   16.520000000000000       0.42736558153874221       -7.2634418461257788E-002
   16.539999999999999       0.42787103866572340       -7.2128961334276598E-002
   16.559999999999999       0.42718291799446595       -7.2817082005534051E-002
   16.580000000000002       0.42771218317373100       -7.2287816826269002E-002
   16.600000000000001       0.42700084250754017       -7.2999157492459832E-002
   16.620000000000001       0.42755303210029666       -7.2446967899703341E-002
   16.640000000000001       0.42681936518873276       -7.3180634811267242E-002
   16.660000000000000       0.42739355409923024       -7.2606445900769756E-002
   16.680000000000000       0.42663849512144808       -7.3361504878551920E-002
   16.699999999999999       0.42723371813363387       -7.2766281866366134E-002
   16.719999999999999       0.42645824038765517       -7.3541759612344826E-002
   16.740000000000002       0.42707349357374774       -7.2926506426252258E-002
   16.760000000000002       0.42627860809653839       -7.3721391903461608E-002
   16.780000000000001       0.42691285029554515       -7.3087149704454846E-002
   16.800000000000001       0.42609960441578343       -7.3900395584216572E-002
   16.820000000000000       0.42675175877986332       -7.3248241220136678E-002
   16.840000000000000       0.42592123460538966       -7.4078765394610335E-002
   16.859999999999999       0.42659019021183309       -7.3409809788166913E-002
   16.879999999999999       0.42574350305387115       -7.4256496946128847E-002
   16.899999999999999       0.42642811658034280       -7.3571883419657202E-002
   16.920000000000002       0.42556641331667527       -7.4433586683324726E-002
   16.940000000000001       0.42626551077723929       -7.3734489222760713E-002
   16.960000000000001       0.42538996815661262       -7.4610031843387381E-002
   16.980000000000000       0.42610234669593461       -7.3897653304065392E-002
   17.000000000000000       0.42521416958605240       -7.4785830413947596E-002
   17.020000000000000       0.42593859932904971       -7.4061400670950295E-002
   17.039999999999999       0.42503901891059759       -7.4960981089402412E-002
   17.059999999999999       0.42577424486468923       -7.4225755135310767E-002
   17.080000000000002       0.42486451677391335       -7.5135483226086652E-002
   17.100000000000001       0.42560926078090461       -7.4390739219095392E-002
   17.120000000000001       0.42469066320334309       -7.5309336796656912E-002
   17.140000000000001       0.42544362593786794       -7.4556374062132058E-002
   17.160000000000000       0.42451745765590976       -7.5482542344090242E-002
   17.180000000000000       0.42527732066724694       -7.4722679332753061E-002
   17.199999999999999       0.42434489906426620       -7.5655100935733799E-002
   17.219999999999999       0.42511032685824401       -7.4889673141755986E-002
   17.240000000000002       0.42417298588213037       -7.5827014117869629E-002
   17.260000000000002       0.42494262803974081       -7.5057371960259189E-002
   17.280000000000001       0.42400171612871790       -7.5998283871282102E-002
   17.300000000000001       0.42477420945797462       -7.5225790542025384E-002
   17.320000000000000       0.42383108743166997       -7.6168912568330027E-002
   17.340000000000000       0.42460505814916444       -7.5394941850835562E-002
   17.359999999999999       0.42366109706796579       -7.6338902932034214E-002
   17.379999999999999       0.42443516300650691       -7.5564836993493090E-002
   17.400000000000002       0.42349174200230982       -7.6508257997690177E-002
   17.420000000000002       0.42426451484097027       -7.5735485159029725E-002
   17.440000000000001       0.42332301892249369       -7.6676981077506312E-002
   17.460000000000001       0.42409310643533465       -7.5906893564665345E-002
   17.480000000000000       0.42315492427125118       -7.6845075728748824E-002
   17.500000000000000       0.42392093259095548       -7.6079067409044521E-002
   17.520000000000000       0.42298745427415363       -7.7012545725846371E-002
   17.539999999999999       0.42374799016676362       -7.6252009833236378E-002
   17.559999999999999       0.42282060496312907       -7.7179395036870935E-002
   17.580000000000002       0.42357427811006476       -7.6425721889935239E-002
   17.600000000000001       0.42265437219523572       -7.7345627804764283E-002
   17.620000000000001       0.42339979747875456       -7.6600202521245442E-002
   17.640000000000001       0.42248875166637384       -7.7511248333626159E-002
   17.660000000000000       0.42322455145463100       -7.6775448545368996E-002
   17.680000000000000       0.42232373891968195       -7.7676261080318054E-002
   17.699999999999999       0.42304854534755609       -7.6951454652443907E-002
   17.719999999999999       0.42215932934843103       -7.7840670651568966E-002
   17.740000000000002       0.42287178659029523       -7.7128213409704771E-002
   17.760000000000002       0.42199551819330444       -7.8004481806695558E-002
   17.780000000000001       0.42269428472394532       -7.7305715276054676E-002
   17.800000000000001       0.42183230053402726       -7.8167699465972740E-002
   17.820000000000000       0.42251605137394732       -7.7483948626052679E-002
   17.840000000000000       0.42166967127539029       -7.8330328724609710E-002
   17.859999999999999       0.42233710021676574       -7.7662899783234263E-002
   17.879999999999999       0.42150762512779416       -7.8492374872205839E-002
   17.900000000000002       0.42215744693740603       -7.7842553062593967E-002
   17.920000000000002       0.42134615658251950       -7.8653843417480496E-002
   17.940000000000001       0.42197710917802755       -7.8022890821972446E-002
   17.960000000000001       0.42118525988200961       -7.8814740117990389E-002
   17.980000000000000       0.42179610647799332       -7.8203893522006684E-002
   18.000000000000000       0.42102492898552663       -7.8975071014473375E-002
   18.020000000000000       0.42161446020577881       -7.8385539794221193E-002
   18.039999999999999       0.42086515753061360       -7.9134842469386402E-002
   18.059999999999999       0.42143219348323663       -7.8567806516763372E-002
   18.080000000000002       0.42070593879086043       -7.9294061209139566E-002
   18.100000000000001       0.42124933110278256       -7.8750668897217435E-002
   18.120000000000001       0.42054726563052919       -7.9452734369470812E-002
   18.140000000000001       0.42106589943812855       -7.8934100561871445E-002
   18.160000000000000       0.42038913045664378       -7.9610869543356222E-002
   18.180000000000000       0.42088192634924038       -7.9118073650759624E-002
   18.199999999999999       0.42023152516919038       -7.9768474830809621E-002
   18.219999999999999       0.42069744108223983       -7.9302558917760169E-002
   18.240000000000002       0.42007444111010434       -7.9925558889895665E-002
   18.260000000000002       0.42051247416500337       -7.9487525834996631E-002
   18.280000000000001       0.41991786901174089       -8.0082130988259115E-002
   18.300000000000001       0.42032705729923026       -7.9672942700769744E-002
   18.320000000000000       0.41976179894553656       -8.0238201054463443E-002
   18.340000000000000       0.42014122324976511       -7.9858776750234894E-002
   18.359999999999999       0.41960622027156647       -8.0393779728433534E-002
   18.379999999999999       0.41995500573195821       -8.0044994268041791E-002
   18.400000000000002       0.41945112158969267       -8.0548878410307334E-002
   18.420000000000002       0.41976843929783830       -8.0231560702161697E-002
   18.440000000000001       0.41929649069297659       -8.0703509307023413E-002
   18.460000000000001       0.41958155922185120       -8.0418440778148803E-002
   18.480000000000000       0.41914231452399792       -8.0857685476002084E-002
   18.500000000000000       0.41939440138688849       -8.0605598613111507E-002
   18.520000000000000       0.41898857913468246       -8.1011420865317540E-002
   18.539999999999999       0.41920700217129270       -8.0792997828707303E-002
   18.559999999999999       0.41883526965019463       -8.1164730349805370E-002
   18.580000000000002       0.41901939833747937       -8.0980601662520635E-002
   18.600000000000001       0.41868237023739513       -8.1317629762604871E-002
   18.620000000000001       0.41883162692276577       -8.1168373077234235E-002
   18.640000000000001       0.41852986407830550       -8.1470135921694498E-002
   18.660000000000000       0.41864372513293779       -8.1356274867062206E-002
   18.680000000000000       0.41837773334895662       -8.1622266651043385E-002
   18.699999999999999       0.41845573023902721       -8.1544269760972787E-002
   18.719999999999999       0.41822595920393091       -8.1774040796069092E-002
   18.740000000000002       0.41826767947770743       -8.1732320522292567E-002
   18.760000000000002       0.41807452176684007       -8.1925478233159932E-002
   18.780000000000001       0.41807960995565208       -8.1920390044347924E-002
   18.800000000000001       0.41792340012691054       -8.2076599873089462E-002
   18.820000000000000       0.41789155855813626       -8.2108441441863744E-002
   18.840000000000000       0.41777257234178061       -8.2227427658219387E-002
   18.859999999999999       0.41770356186209784       -8.2296438137902161E-002
   18.879999999999999       0.41762201544654770       -8.2377984553452299E-002
   18.900000000000002       0.41751565605381546       -8.2484343946184535E-002
   18.920000000000002       0.41747170546904205       -8.2528294530957946E-002
   18.940000000000001       0.41732787685130401       -8.2672123148695986E-002
   18.960000000000001       0.41732161745124335       -8.2678382548756646E-002
   18.980000000000000       0.41714025943147531       -8.2859740568524687E-002
   19.000000000000000       0.41717172547670611       -8.2828274523293888E-002
   19.020000000000000       0.41695283836206609       -8.3047161637933908E-002
   19.039999999999999       0.41702200270380990       -8.2977997296190098E-002
   19.059999999999999       0.41676564753829276       -8.3234352461707239E-002
   19.080000000000002       0.41687242140461206       -8.3127578595387941E-002
   19.100000000000001       0.41657872012416008       -8.3421279875839915E-002
   19.120000000000001       0.41672295300904477       -8.3277046990955228E-002
   19.140000000000001       0.41639208849832049       -8.3607911501679510E-002
   19.160000000000000       0.41657356815417290       -8.3426431845827098E-002
   19.180000000000000       0.41620578420436122       -8.3794215795638782E-002
   19.199999999999999       0.41642423673820744       -8.3575763261792557E-002
   19.219999999999999       0.41601983790538022       -8.3980162094619781E-002
   19.240000000000002       0.41627492797895693       -8.3725072021043068E-002
   19.260000000000002       0.41583427934270389       -8.4165720657296106E-002
   19.280000000000001       0.41612561047639185       -8.3874389523608150E-002
   19.300000000000001       0.41564913729859598       -8.4350862701404017E-002
   19.320000000000000       0.41597625227899593       -8.4023747721004072E-002
   19.340000000000000       0.41546443956280987       -8.4535560437190127E-002
   19.359999999999999       0.41582682095358170       -8.4173179046418301E-002
   19.379999999999999       0.41528021290284212       -8.4719787097157884E-002
   19.400000000000002       0.41567728365825690       -8.4322716341743098E-002
   19.420000000000002       0.41509648303775626       -8.4903516962243741E-002
   19.440000000000001       0.41552760721823950       -8.4472392781760497E-002
   19.460000000000001       0.41491327461545824       -8.5086725384541761E-002
   19.480000000000000       0.41537775820423384       -8.4622241795766162E-002
   19.500000000000000       0.41473061119331922       -8.5269388806680779E-002
   19.520000000000000       0.41522770301309675       -8.4772296986903251E-002
   19.539999999999999       0.41454851522205771       -8.5451484777942288E-002
   19.559999999999999       0.41507740795053971       -8.4922592049460288E-002
   19.580000000000002       0.41436700803280818       -8.5632991967191818E-002
   19.600000000000001       0.41492683931562940       -8.5073160684370597E-002
   19.620000000000001       0.41418610982731685       -8.5813890172683149E-002
   19.640000000000001       0.41477596348686435       -8.5224036513135648E-002
   19.660000000000000       0.41400583967121934       -8.5994160328780656E-002
   19.680000000000000       0.41462474700962043       -8.5375252990379569E-002
   19.699999999999999       0.41382621549036264       -8.6173784509637363E-002
   19.719999999999999       0.41447315668476731       -8.5526843315232692E-002
   19.740000000000002       0.41364725407014258       -8.6352745929857422E-002
   19.760000000000002       0.41432115965826666       -8.5678840341733342E-002
   19.780000000000001       0.41346897105782837       -8.6531028942171628E-002
   19.800000000000001       0.41416872351156669       -8.5831276488433306E-002
   19.820000000000000       0.41329138096784596       -8.6708619032154044E-002
   19.840000000000000       0.41401581635260715       -8.5984183647392853E-002
   19.859999999999999       0.41311449718998455       -8.6885502810015447E-002
   19.879999999999999       0.41386240690724518       -8.6137593092754816E-002
   19.900000000000002       0.41293833200048063       -8.7061667999519365E-002
   19.920000000000002       0.41370846461090238       -8.6291535389097618E-002
   19.940000000000001       0.41276289657591825       -8.7237103424081752E-002
   19.960000000000001       0.41355395970022207       -8.6446040299777926E-002
   19.980000000000000       0.41258820100986471       -8.7411798990135292E-002
   20.000000000000000       0.41339886330450754       -8.6601136695492464E-002
