   10.000000000000000        0.0000000000000000        0.0000000000000000        2.0005120620331973     
   9.9800000000000004       0.46184739417206694       -7.1034307015367490E-002   2.0005120620331973     
   9.9600000000000009       0.46097194431303973       -3.7292212677340786E-002   2.0005120620331973     
   9.9399999999999995       0.46059342082090615       -3.7663524906441911E-002   2.0005120620331973     
   9.9199999999999999       0.46005626921317949       -3.8542139241115402E-002   2.0005120620331973     
   9.9000000000000004       0.45965790263440875       -3.8801724881265175E-002   2.0005120620331973     
   9.8800000000000008       0.45911286008768881       -3.9561909832763954E-002   2.0005120620331973     
   9.8599999999999994       0.45869669457920392       -3.9705963508097790E-002   2.0005120620331973     
   9.8399999999999999       0.45814605702485950       -4.0342465653333125E-002   2.0005120620331973     
   9.8200000000000003       0.45771426968562789       -4.0367863573562542E-002   2.0005120620331973     
   9.8000000000000007       0.45716042741635532       -4.0876147311053254E-002   2.0005120620331973     
   9.7799999999999994       0.45671531610415761       -4.0780477025491584E-002   2.0005120620331973     
   9.7599999999999998       0.45616074108595095       -4.1156757957841524E-002   2.0005120620331973     
   9.7400000000000002       0.45570471133361523       -4.0938344029891841E-002   2.0005120620331973     
   9.7200000000000006       0.45515194370326295       -4.1179618072510735E-002   2.0005120620331973     
   9.7000000000000011       0.45468749480302006       -4.0837543466284640E-002   2.0005120620331973     
   9.6799999999999997       0.45413912861989708       -4.0941611468024976E-002   2.0005120620331973     
   9.6600000000000001       0.45366883895029669       -4.0475734462810067E-002   2.0005120620331973     
   9.6400000000000006       0.45312750727793483       -4.0441222149383428E-002   2.0005120620331973     
   9.6200000000000010       0.45265401895312962       -3.9852188623061842E-002   2.0005120620331973     
   9.5999999999999996       0.45212237835244906       -3.9678561700651961E-002   2.0005120620331973     
   9.5800000000000001       0.45164838127860057       -3.8967812649771026E-002   2.0005120620331973     
   9.5600000000000005       0.45112909580064042       -3.8655386933964780E-002   2.0005120620331973     
   9.5400000000000009       0.45065731122868424       -3.7825161125821641E-002   2.0005120620331973     
   9.5199999999999996       0.45015303600017664       -3.7375107589721887E-002   2.0005120620331973     
   9.5000000000000000       0.44968619966821805       -3.6428439270375666E-002   2.0005120620331973     
   9.4800000000000004       0.44919956416825640       -3.5842783935373879E-002   2.0005120620331973     
   9.4600000000000009       0.44874040913039753       -3.4783495546798174E-002   2.0005120620331973     
   9.4399999999999995       0.44827400026080638       -3.4065114169753372E-002   2.0005120620331973     
   9.4199999999999999       0.44782523950224440       -3.2897804059222407E-002   2.0005120620331973     
   9.4000000000000004       0.44738158455787219       -3.2050411600616911E-002   2.0005120620331973     
   9.3800000000000008       0.44694589349863245       -3.0780436735708325E-002   2.0005120620331973     
   9.3599999999999994       0.44652744314675358       -2.9808571624482021E-002   2.0005120620331973     
   9.3399999999999999       0.44610744213841769       -2.8442025357603311E-002   2.0005120620331973     
   9.3200000000000003       0.44571655351856632       -2.7351028599690047E-002   2.0005120620331973     
   9.3000000000000007       0.44531479043980943       -2.5894713556634610E-002   2.0005120620331973     
   9.2799999999999994       0.44495371049675336       -2.4690702765512204E-002   2.0005120620331973     
   9.2599999999999998       0.44457264355442105       -2.3152098963036116E-002   2.0005120620331973     
   9.2400000000000002       0.44424349271751612       -2.1841937421713198E-002   2.0005120620331973     
   9.2200000000000006       0.44388547356030755       -2.0229165749322760E-002   2.0005120620331973     
   9.2000000000000011       0.44359022988218066       -1.8820426643921334E-002   2.0005120620331973     
   9.1799999999999997       0.44325748713378410       -1.7142207874804898E-002   2.0005120620331973     
   9.1600000000000001       0.44299797100014343       -1.5643133870091801E-002   2.0005120620331973     
   9.1400000000000006       0.44269259431785341       -1.3908743395230894E-002   2.0005120620331973     
   9.1200000000000010       0.44247045383824879       -1.2328201751928086E-002   2.0005120620331973     
   9.0999999999999996       0.44219437860168681       -1.0547420259704824E-002   2.0005120620331973     
   9.0800000000000001       0.44201107578821619       -8.8948537219907479E-003   2.0005120620331973     
   9.0600000000000005       0.44176606852076178       -7.0779140729168941E-003   2.0005120620331973     
   9.0400000000000009       0.44162286635811482       -5.3632877820565363E-003   2.0005120620331973     
   9.0199999999999996       0.44141051098101675       -3.5208183543837652E-003   2.0005120620331973     
   9.0000000000000000       0.44130846148684694       -1.7545630707172743E-003   2.0005120620331973     
   8.9800000000000004       0.44113014650274807        1.0247212250358469E-004   2.0005120620331973     
   8.9600000000000009       0.44107007987222618        1.9095201820745439E-003   2.0005120620331973     
   8.9399999999999995       0.44092698657093909        3.7698842806015037E-003   2.0005120620331973     
   8.9199999999999999       0.44090950149355412        5.6065466591355972E-003   2.0005120620331973     
   8.9000000000000004       0.44080259326843302        7.4587953022685911E-003   2.0005120620331973     
   8.8800000000000008       0.44082804849861140        9.3136172211697437E-003   2.0005120620331973     
   8.8599999999999994       0.44075806135673418        1.1146166088214574E-002   2.0005120620331973     
   8.8399999999999999       0.44082656861284503        1.3007484695526548E-002   2.0005120620331973     
   8.8200000000000003       0.44079400295647769        1.4808678856700726E-002   2.0005120620331973     
   8.8000000000000007       0.44090542121521070        1.6664693415542890E-002   2.0005120620331973     
   8.7799999999999994       0.44091053496569710        1.8422878094230360E-002   2.0005120620331973     
   8.7599999999999998       0.44106446621078538        2.0261721705908835E-002   2.0005120620331973     
   8.7400000000000002       0.44110726933905925        2.1965314039590220E-002   2.0005120620331973     
   8.7200000000000006       0.44130305581489399        2.3775126482466113E-002   2.0005120620331973     
   8.7000000000000011       0.44138330633537093        2.5412687858395008E-002   2.0005120620331973     
   8.6799999999999997       0.44162002934730010        2.7181689112490918E-002   2.0005120620331973     
   8.6600000000000001       0.44173723082387889        2.8741997645385188E-002   2.0005120620331973     
   8.6400000000000006       0.44201371111793303        3.0458561664057551E-002   2.0005120620331973     
   8.6200000000000010       0.44216711172238793        3.1930684376790502E-002   2.0005120620331973     
   8.5999999999999996       0.44248191146793847        3.3583412660696629E-002   2.0005120620331973     
   8.5800000000000001       0.44267050462205854        3.4956776925289139E-002   2.0005120620331973     
   8.5600000000000005       0.44302193101148141        3.6534571450366468E-002   2.0005120620331973     
   8.5400000000000009       0.44324445763503773        3.7799035245565583E-002   2.0005120620331973     
   8.5199999999999996       0.44363056810494828        3.9291170295921600E-002   2.0005120620331973     
   8.5000000000000000       0.44388552048194779        4.0437090839320726E-002   2.0005120620331973     
   8.4800000000000004       0.44430412955097587        4.1833283297797813E-002   2.0005120620331973     
   8.4600000000000009       0.44458975681680674        4.2851583614861632E-002   2.0005120620331973     
   8.4399999999999995       0.44503844452531399        4.4142061268652645E-002   2.0005120620331973     
   8.4199999999999999       0.44535275976731553        4.5024294268114724E-002   2.0005120620331973     
   8.4000000000000004       0.44582888169488133        4.6199861694141101E-002   2.0005120620331973     
   8.3800000000000008       0.44616967064870766        4.6938271329091778E-002   2.0005120620331973     
   8.3599999999999994       0.44667036947575345        4.7990372933916114E-002   2.0005120620331973     
   8.3399999999999999       0.44703520078968151        4.8577952040378722E-002   2.0005120620331973     
   8.3200000000000003       0.44755741936021931        4.9498731842166549E-002   2.0005120620331973     
   8.3000000000000007       0.44794365638935246        4.9929276262098671E-002   2.0005120620331973     
   8.2799999999999994       0.44848415222265270        5.0711634017524619E-002   2.0005120620331973     
   8.2599999999999998       0.44888896630490627        5.0979792630841882E-002   2.0005120620331973     
   8.2400000000000002       0.44944432749483382        5.1617435927780717E-002   2.0005120620331973     
   8.2200000000000006       0.44986471265067612        5.1718756238126572E-002   2.0005120620331973     
   8.1999999999999993       0.45043137508264580        5.2206248195377045E-002   2.0005120620331973     
   8.1799999999999997       0.45086416407092900        5.2137217136847207E-002   2.0005120620331973     
   8.1600000000000001       0.45143842987787519        5.2470019374939711E-002   2.0005120620331973     
   8.1400000000000006       0.45188031153075076        5.2228099031659488E-002   2.0005120620331973     
   8.1200000000000010       0.45245836870122963        5.2402609603812135E-002   2.0005120620331973     
   8.0999999999999996       0.45290590645221507        5.1986267561088192E-002   2.0005120620331973     
   8.0800000000000001       0.45348384949581227        5.1999853560519310E-002   2.0005120620331973     
   8.0600000000000005       0.45393350100656382        5.1408587635000197E-002   2.0005120620331973     
   8.0400000000000009       0.45450735257418218        5.1259612223896682E-002   2.0005120620331973     
   8.0199999999999996       0.45495549035754301        5.0493969350709378E-002   2.0005120620331973     
   8.0000000000000000       0.45552122370694326        5.0181812987029381E-002   2.0005120620331973     
   7.9800000000000004       0.45596415663637346        4.9243402073973742E-002   2.0005120620331973     
   7.9600000000000000       0.45651771882655501        4.8768477744742293E-002   2.0005120620331973     
   7.9400000000000004       0.45695171441520427        4.7659976337191247E-002   2.0005120620331973     
   7.9199999999999999       0.45748905010693719        4.7023738640866120E-002   2.0005120620331973     
   7.9000000000000004       0.45791035743337394        4.5748893275773687E-002   2.0005120620331973     
   7.8799999999999999       0.45842743316737011        4.4953841231401663E-002   2.0005120620331973     
   7.8600000000000003       0.45883230631942962        4.3517461394684466E-002   2.0005120620331973     
   7.8399999999999999       0.45932513513843420        4.2567134891720482E-002   2.0005120620331973     
   7.8200000000000003       0.45970985704174311        4.0975080529925670E-002   2.0005120620331973     
   7.7999999999999998       0.46017452331818737        3.9874050369587105E-002   2.0005120620331973     
   7.7800000000000002       0.46053542981176671        3.8133212944068517E-002   2.0005120620331973     
   7.7599999999999998       0.46096811413863881        3.6887064460686139E-002   2.0005120620331973     
   7.7400000000000002       0.46130161815651299        3.5005341570269924E-002   2.0005120620331973     
   7.7199999999999998       0.46169862215581697        3.3620651859080551E-002   2.0005120620331973     
   7.7000000000000002       0.46200123787087710        3.1606915495162667E-002   2.0005120620331973     
   7.6799999999999997       0.46235900877149616        3.0091224311156014E-002   2.0005120620331973     
   7.6600000000000001       0.46262737555587224        2.7955282847164680E-002   2.0005120620331973     
   7.6400000000000006       0.46294253039088701        2.6317057277736564E-002   2.0005120620331973     
   7.6200000000000001       0.46317343644591130        2.4069611332710048E-002   2.0005120620331973     
   7.6000000000000005       0.46344278571846997        2.2318204384748231E-002   2.0005120620331973     
   7.5800000000000001       0.46363319122686669        1.9970796738174569E-002   2.0005120620331973     
   7.5600000000000005       0.46385376189361488        1.8116400017624185E-002   2.0005120620331973     
   7.5400000000000000       0.46400082154690686        1.5681359789514702E-002   2.0005120620331973     
   7.5200000000000005       0.46416987916878549        1.3734950488215977E-002   2.0005120620331973     
   7.5000000000000000       0.46427096392402112        1.1225331834389727E-002   2.0005120620331973     
   7.4800000000000004       0.46438603383596971        9.1986142748366612E-003   2.0005120620331973     
   7.4600000000000000       0.46443875175778232        6.6281298823937162E-003   2.0005120620331973     
   7.4400000000000004       0.46449763911153313        4.5334719058488255E-003   2.0005120620331973     
   7.4199999999999999       0.46449985515825715        1.9164216076114453E-003   2.0005120620331973     
   7.4000000000000004       0.46450066369602944       -2.3321387551278067E-004   2.0005120620331973     
   7.3799999999999999       0.46445051831206796       -2.8820190164154580E-003   2.0005120620331973     
   7.3600000000000003       0.46439166773354373       -5.0731469629751056E-003   2.0005120620331973     
   7.3399999999999999       0.46428759411449122       -7.7384647164015210E-003   2.0005120620331973     
   7.3200000000000003       0.46416783590499494       -9.9571549924932189E-003   2.0005120620331973     
   7.2999999999999998       0.46400857580709881       -1.2623395761464000E-002   2.0005120620331973     
   7.2800000000000002       0.46382700740137900       -1.4855353880210658E-002   2.0005120620331973     
   7.2599999999999998       0.46361162537281575       -1.7506667799917181E-002   2.0005120620331973     
   7.2400000000000002       0.46336770253625642       -1.9737318918895932E-002   2.0005120620331973     
   7.2199999999999998       0.46309559845438542       -2.2357685791580512E-002   2.0005120620331973     
   7.2000000000000002       0.46278914577179014       -2.4572261509483367E-002   2.0005120620331973     
   7.1799999999999997       0.46246006557802649       -2.7145583089645067E-002   2.0005120620331973     
   7.1600000000000001       0.46209128494931173       -2.9329210559898261E-002   2.0005120620331973     
   7.1400000000000006       0.46170532948152115       -3.1839404684149010E-002   2.0005120620331973     
   7.1200000000000001       0.46127480653366426       -3.3977197543862289E-002   2.0005120620331973     
   7.1000000000000005       0.46083243836501869       -3.6408293582278241E-002   2.0005120620331973     
   7.0800000000000001       0.46034114670040921       -3.8485444178216671E-002   2.0005120620331973     
   7.0600000000000005       0.45984319490340414       -4.0821679269309540E-002   2.0005120620331973     
   7.0400000000000000       0.45929249811623929       -4.2823551648674123E-002   2.0005120620331973     
   7.0200000000000005       0.45874016088108394       -4.5049467168282016E-002   2.0005120620331973     
   7.0000000000000000       0.45813181228559507       -4.6961690291113925E-002   2.0005120620331973     
   6.9800000000000004       0.45752665733336190       -4.9062227996709167E-002   2.0005120620331973     
   6.9600000000000000       0.45686279736040158       -5.0870788618741156E-002   2.0005120620331973     
   6.9400000000000004       0.45620676010313577       -5.2831385904954772E-002   2.0005120620331973     
   6.9199999999999999       0.45548991133486177       -5.4522720574869454E-002   2.0005120620331973     
   6.9000000000000004       0.45478529074729346       -5.6329404273525889E-002   2.0005120620331973     
   6.8799999999999999       0.45401835057333656       -5.7890489886869602E-002   2.0005120620331973     
   6.8600000000000003       0.45326780275375461       -5.9529968045588869E-002   2.0005120620331973     
   6.8399999999999999       0.45245403364623060       -6.0948410399106895E-002   2.0005120620331973     
   6.8200000000000003       0.45166056305752356       -6.2408161476570828E-002   2.0005120620331973     
   6.7999999999999998       0.45080358047645980       -6.3672281271507786E-002   2.0005120620331973     
   6.7800000000000002       0.44997052887212535       -6.4940640194877608E-002   2.0005120620331973     
   6.7599999999999998       0.44907428682725148       -6.6039555945827513E-002   2.0005120620331973     
   6.7400000000000002       0.44820531988129975       -6.7105796486492869E-002   2.0005120620331973     
   6.7199999999999998       0.44727409419057862       -6.8029503803698710E-002   2.0005120620331973     
   6.7000000000000002       0.44637318586460639       -6.8883916741541262E-002   2.0005120620331973     
   6.6799999999999997       0.44541155516430081       -6.9623363469094021E-002   2.0005120620331973     
   6.6600000000000001       0.44448296985947050       -7.0257330032714685E-002   2.0005120620331973     
   6.6400000000000006       0.44349579443482606       -7.0804486742846867E-002   2.0005120620331973     
   6.6200000000000001       0.44254406699101062       -7.1210546833661889E-002   2.0005120620331973     
   6.6000000000000005       0.44153646551072107       -7.1558472198181913E-002   2.0005120620331973     
   6.5800000000000001       0.44056637912948193       -7.1730386929856796E-002   2.0005120620331973     
   6.5600000000000005       0.43954370338091225       -7.1873287513682244E-002   2.0005120620331973     
   6.5400000000000000       0.43856026556325156       -7.1806095624928762E-002   2.0005120620331973     
   6.5200000000000005       0.43752807329879462       -7.1739379673480916E-002   2.0005120620331973     
   6.5000000000000000       0.43653648990259031       -7.1429447401675727E-002   2.0005120620331973     
   6.4800000000000004       0.43550051592050865       -7.1149772223507754E-002   2.0005120620331973     
   6.4600000000000000       0.43450616345612175       -7.0594836258729657E-002   2.0005120620331973     
   6.4400000000000004       0.43347228905163832       -7.0100148837015000E-002   2.0005120620331973     
   6.4199999999999999       0.43248068534730272       -6.9299352010795678E-002   2.0005120620331973     
   6.4000000000000004       0.43145490628152322       -6.8588922512018868E-002   2.0005120620331973     
   6.3799999999999999       0.43047167966262118       -6.7542841912159646E-002   2.0005120620331973     
   6.3600000000000003       0.42946007280798043       -6.6617289797376661E-002   2.0005120620331973     
   6.3399999999999999       0.42849092994615412       -6.5327957039411161E-002   2.0005120620331973     
   6.3200000000000003       0.42749961877746756       -6.4189269522553286E-002   2.0005120620331973     
   6.2999999999999998       0.42655031137656957       -6.2660182949614548E-002   2.0005120620331973     
   6.2800000000000002       0.42558543048630254       -6.1311725588307969E-002   2.0005120620331973     
   6.2599999999999998       0.42466172098240351       -5.9547854214063035E-002   2.0005120620331973     
   6.2400000000000002       0.42372937980745584       -5.7994373461087309E-002   2.0005120620331973     
   6.2199999999999998       0.42283700626939497       -5.6002152514814059E-002   2.0005120620331973     
   6.2000000000000002       0.42194325222442836       -5.4249770102414836E-002   2.0005120620331973     
   6.1799999999999997       0.42108789264967911       -5.2037088080941957E-002   2.0005120620331973     
   6.1600000000000001       0.42023867386876390       -5.0093287155475161E-002   2.0005120620331973     
   6.1400000000000006       0.41942591007658803       -4.7669464333376280E-002   2.0005120620331973     
   6.1200000000000001       0.41862703797066148       -4.5543067303978883E-002   2.0005120620331973     
   6.1000000000000005       0.41786231930064255       -4.2918825700823636E-002   2.0005120620331973     
   6.0800000000000001       0.41711943114289540       -4.0619963812694324E-002   2.0005120620331973     
   6.0600000000000005       0.41640803817187388       -3.7807388664066729E-002   2.0005120620331973     
   6.0400000000000000       0.41572655992670854       -3.5347463354274203E-002   2.0005120620331973     
   6.0200000000000005       0.41507356842088661       -3.2359956181419479E-002   2.0005120620331973     
   6.0000000000000000       0.41445867803444653       -2.9751592322638631E-002   2.0005120620331973     
   5.9800000000000004       0.41386892335595143       -2.6603815743729168E-002   2.0005120620331973     
   5.9600000000000000       0.41332551472741014       -2.3860806928718056E-002   2.0005120620331973     
   5.9400000000000004       0.41280355691586607       -2.0568621402571943E-002   2.0005120620331973     
   5.9199999999999999       0.41233620476865229       -1.7705867469248716E-002   2.0005120620331973     
   5.9000000000000004       0.41188629451831560       -1.4286260209649532E-002   2.0005120620331973     
   5.8799999999999999       0.41149922038921088       -1.1319697253069836E-002   2.0005120620331973     
   5.8600000000000003       0.41112526614093986       -7.7907035983600876E-003   2.0005120620331973     
   5.8399999999999999       0.41082230570252509       -4.7372267614629116E-003   2.0005120620331973     
   5.8200000000000003       0.41052784206730841       -1.1178443295491464E-003   2.0005120620331973     
   5.7999999999999998       0.41031241399553264        2.0047762910026983E-003   2.0005120620331973     
   5.7800000000000002       0.41010057172246017        5.6946802879005096E-003   2.0005120620331973     
   5.7599999999999998       0.40997564831618283        8.8678902413989527E-003   2.0005120620331973     
   5.7400000000000002       0.40984912601262963        1.2607678105287434E-002   2.0005120620331973     
   5.7199999999999998       0.40981720576582620        1.5812235271315117E-002   2.0005120620331973     
   5.7000000000000002       0.40977824357127529        1.9580603892418471E-002   2.0005120620331973     
   5.6799999999999997       0.40984132589123851        2.2796680789403806E-002   2.0005120620331973     
   5.6600000000000001       0.40989168129854431        2.6571772188911193E-002   2.0005120620331973     
   5.6399999999999997       0.41005124355486389        2.9779063408940817E-002   2.0005120620331973     
   5.6200000000000001       0.41019216956395022        3.3538580217204905E-002   2.0005120620331973     
   5.6000000000000005       0.41044914664335219        3.6716414453950491E-002   2.0005120620331973     
   5.5800000000000001       0.41068137242232328        4.0437739756676791E-002   2.0005120620331973     
   5.5600000000000005       0.41103613895363234        4.3565195860633933E-002   2.0005120620331973     
   5.5400000000000000       0.41135985317110829        4.7225516814114313E-002   2.0005120620331973     
   5.5200000000000005       0.41181220857269740        5.0281543279436437E-002   2.0005120620331973     
   5.5000000000000000       0.41222704555291056        5.3857977867272179E-002   2.0005120620331973     
   5.4800000000000004       0.41277620204207655        5.6821515127500180E-002   2.0005120620331973     
   5.4600000000000000       0.41328123088090696        6.0291241405713035E-002   2.0005120620331973     
   5.4400000000000004       0.41392580457074402        6.3141346291831574E-002   2.0005120620331973     
   5.4199999999999999       0.41451952133650855        6.6481733446973959E-002   2.0005120620331973     
   5.4000000000000004       0.41525752653103165        6.9197705140657623E-002   2.0005120620331973     
   5.3799999999999999       0.41593784965850822        7.2386445666614785E-002   2.0005120620331973     
   5.3600000000000003       0.41676669644118736        7.4947952464384487E-002   2.0005120620331973     
   5.3399999999999999       0.41753096541112933        7.7963194748256220E-002   2.0005120620331973     
   5.3200000000000003       0.41844746060559179        8.0350400938712582E-002   2.0005120620331973     
   5.2999999999999998       0.41929243798495464        8.3170881534498434E-002   2.0005120620331973     
   5.2800000000000002       0.42029278954955368        8.5364573680941844E-002   2.0005120620331973     
   5.2599999999999998       0.42121466644984934        8.7969748541928558E-002   2.0005120620331973     
   5.2400000000000002       0.42229449135015951        8.9951460456611163E-002   2.0005120620331973     
   5.2199999999999998       0.42328889634292938        9.2321634393423044E-002   2.0005120620331973     
   5.2000000000000002       0.42444323192803751        9.4073770087501035E-002   2.0005120620331973     
   5.1799999999999997       0.42550524343742768        9.6190223718800177E-002   2.0005120620331973     
   5.1600000000000001       0.42672856232733780        9.7696177613823154E-002   2.0005120620331973     
   5.1399999999999997       0.42785272450028905        9.9541291080723460E-002   2.0005120620331973     
   5.1200000000000001       0.42913895297284277       0.10078556477321089        2.0005120620331973     
   5.1000000000000005       0.43031929500761806       0.10234293749656713        2.0005120620331973     
   5.0800000000000001       0.43166183485420917       0.10331125237695922        2.0005120620331973     
   5.0600000000000005       0.43289189374789744       0.10456581814886344        2.0005120620331973     
   5.0400000000000000       0.43428364754800913       0.10524522318982352        2.0005120620331973     
   5.0200000000000005       0.43555649420350401       0.10618335990683857        2.0005120620331973     
   5.0000000000000000       0.43698989394880583       0.10656233395352586        2.0005120620331973     
   4.9800000000000004       0.43829816256156107       0.10717196731936440        2.0005120620331973     
   4.9600000000000000       0.43976520154108845       0.10724051523581066        2.0005120620331973     
   4.9400000000000004       0.44110112216591768       0.10751121578526497        2.0005120620331973     
   4.9199999999999999       0.44259339000480624       0.10726095783631875        2.0005120620331973     
   4.9000000000000004       0.44394882418319515       0.10718403066014781        2.0005120620331973     
   4.8799999999999999       0.44545754490865314       0.10660828453745473        2.0005120620331973     
   4.8600000000000003       0.44682402421763356       0.10617685111954014        2.0005120620331973     
   4.8399999999999999       0.44834009720741652       0.10527070605260753        2.0005120620331973     
   4.8200000000000003       0.44970886457213693       0.10447977766583247        2.0005120620331973     
   4.7999999999999998       0.45122290822282790       0.10324016009521370        2.0005120620331973     
   4.7800000000000002       0.45258496181667385       0.10208670224104609        2.0005120620331973     
   4.7599999999999998       0.45408735975165493       0.10051243256990258        2.0005120620331973     
   4.7400000000000002       0.45543349929021015        9.8995419988383543E-002   2.0005120620331973     
   4.7199999999999998       0.45691444891046612        9.7087259970954368E-002   2.0005120620331973     
   4.7000000000000002       0.45823532412895235        9.5207721792486918E-002   2.0005120620331973     
   4.6799999999999997       0.45968488729381374        9.2968412163107347E-002   2.0005120620331973     
   4.6600000000000001       0.46097104838191022        9.0729466820899968E-002   2.0005120620331973     
   4.6399999999999997       0.46237920399167348        8.8163754814919698E-002   2.0005120620331973     
   4.6200000000000001       0.46362115374499213        8.5570634386911801E-002   2.0005120620331973     
   4.6000000000000005       0.46497785198307695        8.2685290854951909E-002   2.0005120620331973     
   4.5800000000000001       0.46616609941709020        7.9745354556279416E-002   2.0005120620331973     
   4.5600000000000005       0.46746131739613572        7.6549180425455332E-002   2.0005120620331973     
   4.5400000000000000       0.46858643255614707        7.3271917026734773E-002   2.0005120620331973     
   4.5200000000000005       0.46981023110028808        6.9775738916517491E-002   2.0005120620331973     
   4.5000000000000000       0.47086290079012350        6.6172757919165326E-002   2.0005120620331973     
   4.4800000000000004       0.47200548207467846        6.2389412775153669E-002   2.0005120620331973     
   4.4600000000000000       0.47297656621732465        5.8474424232319772E-002   2.0005120620331973     
   4.4400000000000004       0.47402833197737615        5.4418732898083431E-002   2.0005120620331973     
   4.4199999999999999       0.47490892031273446        5.0207515828262383E-002   2.0005120620331973     
   4.4000000000000004       0.47586053032365644        4.5896245533302106E-002   2.0005120620331973     
   4.3799999999999999       0.47664199914207989        4.1406604933022548E-002   2.0005120620331973     
   4.3600000000000003       0.47748442966802362        3.6858420733450532E-002   2.0005120620331973     
   4.3399999999999999       0.47815849827333801        3.2110133255281045E-002   2.0005120620331973     
   4.3200000000000003       0.47888310017410102        2.7345538522800188E-002   2.0005120620331973     
   4.2999999999999998       0.47944188676642846        2.2360286944996824E-002   2.0005120620331973     
   4.2800000000000002       0.48004044294906789        1.7401553058792200E-002   2.0005120620331973     
   4.2599999999999998       0.48047651961599902        1.2202849732894270E-002   2.0005120620331973     
   4.2400000000000002       0.48094130151504655        7.0739351878886421E-003   2.0005120620331973     
   4.2199999999999998       0.48124774801957432        1.6870347101737952E-003   2.0005120620331973     
   4.2000000000000002       0.48157157078882268       -3.5865060866026154E-003   2.0005120620331973     
   4.1799999999999997       0.48174202684392448       -9.1347046750078088E-003   2.0005120620331973     
   4.1600000000000001       0.48191830294354226       -1.4525822590707241E-002   2.0005120620331973     
   4.1399999999999997       0.48194701866644035       -2.0206883712355905E-002   2.0005120620331973     
   4.1200000000000001       0.48196980953161805       -2.5687145671700273E-002   2.0005120620331973     
   4.0999999999999996       0.48185169377549986       -3.1471214810716693E-002   2.0005120620331973     
   4.0800000000000001       0.48171575925701215       -3.7010923736014001E-002   2.0005120620331973     
   4.0600000000000005       0.48144642552438283       -4.2866854251074969E-002   2.0005120620331973     
   4.0400000000000000       0.48114727079735264       -4.8435177665218057E-002   2.0005120620331973     
   4.0200000000000005       0.48072308044716827       -5.4330666290281215E-002   2.0005120620331973     
   4.0000000000000000       0.48025700009194816       -5.9895773037937472E-002   2.0005120620331973     
   3.9800000000000000       0.47967510256226309       -6.5797503492464007E-002   2.0005120620331973     
   3.9600000000000000       0.47903922153070089       -7.1326707985812324E-002   2.0005120620331973     
   3.9399999999999999       0.47829759130966998       -7.7200502067806515E-002   2.0005120620331973     
   3.9199999999999999       0.47748990250109985       -8.2660415416918917E-002   2.0005120620331973     
   3.8999999999999999       0.47658737259182482       -8.8471390906409444E-002   2.0005120620331973     
   3.8799999999999999       0.47560677077585767       -9.3828078250957458E-002   2.0005120620331973     
   3.8599999999999999       0.47454306241468192       -9.9540812908859092E-002   2.0005120620331973     
   3.8399999999999999       0.47338937425226252      -0.10475995622752371        2.0005120620331973     
   3.8200000000000003       0.47216512265566773      -0.11033865713537912        2.0005120620331973     
   3.8000000000000003       0.47083913258583132      -0.11538572277239038        2.0005120620331973     
   3.7800000000000002       0.46945590851800451      -0.12079440022254211        2.0005120620331973     
   3.7600000000000002       0.46795938029528067      -0.12563481033739859        2.0005120620331973     
   3.7400000000000002       0.46641970726666360      -0.13083745545092551        2.0005120620331973     
   3.7200000000000002       0.46475540095302209      -0.13543676256777915        2.0005120620331973     
   3.7000000000000002       0.46306276787963879      -0.14039752778922468        2.0005120620331973     
   3.6800000000000002       0.46123445211520686      -0.14472159159682507        2.0005120620331973     
   3.6600000000000001       0.45939332128920968      -0.14940497319056723        2.0005120620331973     
   3.6400000000000001       0.45740578068759880      -0.15342013872227261        2.0005120620331973     
   3.6200000000000001       0.45542159093122708      -0.15779116037550051        2.0005120620331973     
   3.6000000000000001       0.45328062846808342      -0.16146443668176966        2.0005120620331973     
   3.5800000000000001       0.45115979336595369      -0.16548883330358646        2.0005120620331973     
   3.5600000000000001       0.44887222765320001      -0.16878807171677190        2.0005120620331973     
   3.5400000000000000       0.44662212878148516      -0.17243247251205648        2.0005120620331973     
   3.5200000000000000       0.44419578614449473      -0.17532654359529581        2.0005120620331973     
   3.5000000000000000       0.44182476123996667      -0.17855865348577568        2.0005120620331973     
   3.4800000000000000       0.43926846254052554      -0.18101762175439995        2.0005120620331973     
   3.4600000000000000       0.43678578857752803      -0.18380640021792066        2.0005120620331973     
   3.4399999999999999       0.43410933075171820      -0.18580169572318123        2.0005120620331973     
   3.4199999999999999       0.43152520192077698      -0.18811753212553170        2.0005120620331973     
   3.3999999999999999       0.42873933422773847      -0.18962211799656636        2.0005120620331973     
   3.3799999999999999       0.42606483483558072      -0.19143700249838969        2.0005120620331973     
   3.3599999999999999       0.42318122984035567      -0.19242553754924638        2.0005120620331973     
   3.3399999999999999       0.42042830217745281      -0.19371322668359248        2.0005120620331973     
   3.3200000000000003       0.41745952151858579      -0.19416222220776358        2.0005120620331973     
   3.3000000000000003       0.41464092876681846      -0.19489839824164504        2.0005120620331973     
   3.2800000000000002       0.41160038378700381      -0.19478636813690681        2.0005120620331973     
   3.2600000000000002       0.40872966806654421      -0.19494879135274704        2.0005120620331973     
   3.2400000000000002       0.40563157541216865      -0.19425639474406467        2.0005120620331973     
   3.2200000000000002       0.40272301109299496      -0.19382504780411816        2.0005120620331973     
   3.2000000000000002       0.39958234341580007      -0.19253522336183373        2.0005120620331973     
   3.1800000000000002       0.39665088584531061      -0.19149244695037687        2.0005120620331973     
   3.1600000000000001       0.39348331776646345      -0.18959053813477850        2.0005120620331973     
   3.1400000000000001       0.39054454759022073      -0.18792115710894772        2.0005120620331973     
   3.1200000000000001       0.38736639711363774      -0.18539502761040141        2.0005120620331973     
   3.1000000000000001       0.38443646039127533      -0.18308646693088454        2.0005120620331973     
   3.0800000000000001       0.38126462597901556      -0.17992660561685728        2.0005120620331973     
   3.0600000000000001       0.37836017032156338      -0.17696899537398236        2.0005120620331973     
   3.0400000000000000       0.37521206386928452      -0.17316861010029053        2.0005120620331973     
   3.0200000000000000       0.37235017084752103      -0.16955487899919441        2.0005120620331973     
   3.0000000000000000       0.36924364682230437      -0.16510997869243119        2.0005120620331973     
   2.9800000000000000       0.36644176091805686      -0.16083593541273641        2.0005120620331973     
   2.9600000000000000       0.36339504194416572      -0.15574539988385144        2.0005120620331973     
   2.9399999999999999       0.36067089633763610      -0.15080980178431283        2.0005120620331973     
   2.9199999999999999       0.35770249553787614      -0.14507543878946172        2.0005120620331973     
   2.8999999999999999       0.35507403504394425      -0.13948004748615425        2.0005120620331973     
   2.8799999999999999       0.35220267546512091      -0.13310663660993241        2.0005120620331973     
   2.8599999999999999       0.34968797695003956      -0.12685626001741540        2.0005120620331973     
   2.8399999999999999       0.34693250842042367      -0.11985158301515375        2.0005120620331973     
   2.8199999999999998       0.34454969904727806      -0.11295410350337730        2.0005120620331973     
   2.8000000000000003       0.34192901283189014      -0.10532896080301248        2.0005120620331973     
   2.7800000000000002       0.33969618649854727       -9.7795349188225050E-002   2.0005120620331973     
   2.7600000000000002       0.33722912813433309       -8.9563562318028284E-002   2.0005120620331973     
   2.7400000000000002       0.33516426048125442       -8.1407877473264695E-002   2.0005120620331973     
   2.7200000000000002       0.33286954118878054       -7.2586277249138464E-002   2.0005120620331973     
   2.7000000000000002       0.33099040356594850       -6.3825651188695709E-002   2.0005120620331973     
   2.6800000000000002       0.32888651064694835       -5.4434051563463148E-002   2.0005120620331973     
   2.6600000000000001       0.32721058343919684       -4.5088659925785604E-002   2.0005120620331973     
   2.6400000000000001       0.32531569008009953       -3.5149817472586435E-002   2.0005120620331973     
   2.6200000000000001       0.32386007579825887       -2.5242835396798686E-002   2.0005120620331973     
   2.6000000000000001       0.32219195070865725       -1.4782394469037421E-002   2.0005120620331973     
   2.5800000000000001       0.32097328726012420       -4.3399379317010066E-003   2.0005120620331973     
   2.5600000000000001       0.31954920458184538        6.6136383874091723E-003   2.0005120620331973     
   2.5400000000000000       0.31858357913837809        1.7562585637278690E-002   2.0005120620331973     
   2.5200000000000000       0.31742022906545725        2.8978098611964025E-002   2.0005120620331973     
   2.5000000000000000       0.31672309294817436        4.0401772310336537E-002   2.0005120620331973     
   2.4800000000000000       0.31583649350044263        5.2245384402546724E-002   2.0005120620331973     
   2.4600000000000000       0.31542257850216981        6.4109340940272638E-002   2.0005120620331973     
   2.4399999999999999       0.31482798889535807        7.6344686109835330E-002   2.0005120620331973     
   2.4199999999999999       0.31471122545856084        8.8611917265217333E-002   2.0005120620331973     
   2.3999999999999999       0.31442306151176730       0.10120022432839494        2.0005120620331973     
   2.3799999999999999       0.31461649917637802       0.11383128514409202        2.0005120620331973     
   2.3599999999999999       0.31464825119339423       0.12673151373220393        2.0005120620331973     
   2.3399999999999999       0.31516398172285442       0.13968466305117894        2.0005120620331973     
   2.3199999999999998       0.31552813527720891       0.15285365164586218        2.0005120620331973     
   2.3000000000000003       0.31637721886306758       0.16608500475606189        2.0005120620331973     
   2.2800000000000002       0.31708517890773646       0.17947763021477242        2.0005120620331973     
   2.2600000000000002       0.31827757384312194       0.19294132298946048        2.0005120620331973     
   2.2400000000000002       0.31933959255465411       0.20651067091428860        2.0005120620331973     
   2.2200000000000002       0.32088408875498653       0.22015903477480026        2.0005120620331973     
   2.2000000000000002       0.32230919750838194       0.23385658001990797        2.0005120620331973     
   2.1800000000000002       0.32421335424377834       0.24764032699032171        2.0005120620331973     
   2.1600000000000001       0.32600930009884516       0.26141612354863475        2.0005120620331973     
   2.1400000000000001       0.32827938828688913       0.27528454061782376        2.0005120620331973     
   2.1200000000000001       0.33045257534906147       0.28908742007628790        2.0005120620331973     
   2.1000000000000001       0.33309352473898152       0.30298857203228480        2.0005120620331973     
   2.0800000000000001       0.33564896073778161       0.31676634973736495        2.0005120620331973     
   2.0600000000000001       0.33866431229770938       0.33064728959222761        2.0005120620331973     
   2.0400000000000000       0.34160556070427101       0.34434697762361388        2.0005120620331973     
   2.0200000000000000       0.34499742450214788       0.35815396370431057        2.0005120620331973     
   2.0000000000000000       0.34832656248357546       0.37172198971527787        2.0005120620331973     
   1.9800000000000000       0.35209558132958579       0.38540070845772711        2.0005120620331973     
   1.9600000000000000       0.35581316381252215       0.39878313940549176        2.0005120620331973     
   1.9399999999999999       0.35995848290668292       0.41227893285505857        2.0005120620331973     
   1.9199999999999999       0.36406351299542777       0.42542170261402545        2.0005120620331973     
   1.9000000000000001       0.36858275579830840       0.43867979960666426        2.0005120620331973     
   1.8800000000000001       0.37307266176428555       0.45152893943180983        2.0005120620331973     
   1.8600000000000001       0.37796191228181569       0.46449468940586419        2.0005120620331973     
   1.8400000000000001       0.38283253131129619       0.47699656019286030        2.0005120620331973     
   1.8200000000000001       0.38808632295642531       0.48961566856241912        2.0005120620331973     
   1.8000000000000000       0.39333189181230882       0.50171719383558289        2.0005120620331973     
   1.7800000000000000       0.39894320297696428       0.51393595784237966        2.0005120620331973     
   1.7600000000000000       0.40455635569827370       0.52558485639124441        2.0005120620331973     
   1.7400000000000000       0.41051661213879725       0.53735040034349169        2.0005120620331973     
   1.7200000000000000       0.41648838486851808       0.54849541742383146        2.0005120620331973     
   1.7000000000000000       0.42278746897668912       0.55975592622714443        2.0005120620331973     
   1.6799999999999999       0.42910731197483393       0.57034706224268072        2.0005120620331973     
   1.6600000000000001       0.43573357897480530       0.58105201213043145        2.0005120620331973     
   1.6400000000000001       0.44238937583932292       0.59104074771723758        2.0005120620331973     
   1.6200000000000001       0.44932967691852732       0.60114113309528860        2.0005120620331973     
   1.6000000000000001       0.45630777100202363       0.61048064954206582        2.0005120620331973     
   1.5800000000000001       0.46354748335144896       0.61992920487583947        2.0005120620331973     
   1.5600000000000001       0.47083271132687848       0.62857459882973610        2.0005120620331973     
   1.5400000000000000       0.47835577503325649       0.63732601451993620        2.0005120620331973     
   1.5200000000000000       0.48593150752690295       0.64523450594933274        2.0005120620331973     
   1.5000000000000000       0.49372046922647367       0.65324563716625517        2.0005120620331973     
   1.4800000000000000       0.50156865840188647       0.66037676957887170        2.0005120620331973     
   1.4600000000000000       0.50960472157263270       0.66760683705403179        2.0005120620331973     
   1.4399999999999999       0.51770595551486698       0.67392266900064035        2.0005120620331973     
   1.4199999999999999       0.52596903725165833       0.68033345080822116        2.0005120620331973     
   1.4000000000000001       0.53430260096735938       0.68579873773910160        2.0005120620331973     
   1.3800000000000001       0.54277139505245553       0.69135475113838418        2.0005120620331973     
   1.3600000000000001       0.55131533786821563       0.69593711672115988        2.0005120620331973     
   1.3400000000000001       0.55996738391822398       0.70060578917438465        2.0005120620331973     
   1.3200000000000001       0.56869859302735448       0.70427588522788942        2.0005120620331973     
   1.3000000000000000       0.57751035146717711       0.70802771375572338        2.0005120620331973     
   1.2800000000000000       0.58640463134379206       0.71075936800482020        2.0005120620331973     
   1.2600000000000000       0.59535156392850119       0.71356806609354362        2.0005120620331973     
   1.2400000000000000       0.60438372129768458       0.71533841700408440        2.0005120620331973     
   1.2200000000000000       0.61344037687478936       0.71718104833447105        2.0005120620331973     
   1.2000000000000000       0.62258431089884270       0.71797066634560580        2.0005120620331973     
   1.1799999999999999       0.63172441607617547       0.71882776467300513        2.0005120620331973     
   1.1599999999999999       0.64095321338960720       0.71862075920551793        2.0005120620331973     
   1.1400000000000001       0.65014976774824818       0.71847643378354076        2.0005120620331973     
   1.1200000000000001       0.65943580194843876       0.71726054546752238        2.0005120620331973     
   1.1000000000000001       0.66866117741581022       0.71610257147368783        2.0005120620331973     
   1.0800000000000001       0.67797621259227980       0.71386924910632288        2.0005120620331973     
   1.0600000000000001       0.68720225656791833       0.71168914259673011        2.0005120620331973     
   1.0400000000000000       0.69651755443099461       0.70843360441096070        2.0005120620331973     
   1.0200000000000000       0.70571569623666641       0.70522668140213640        2.0005120620331973     
   1.0000000000000000       0.71500212638618688       0.70094796029914941        2.0005120620331973     
  0.97999999999999998       0.72414348659304495       0.69671337964840052        2.0005120620331973     
  0.95999999999999996       0.73337163944966988       0.69141435212087687        2.0005120620331973     
  0.94000000000000006       0.74242714161816892       0.68615514195136107        2.0005120620331973     
  0.92000000000000004       0.75156744352401494       0.67984254049993242        2.0005120620331973     
  0.90000000000000002       0.76050792787738863       0.67356560799290088        2.0005120620331973     
  0.88000000000000000       0.76953075785913483       0.66625001691488128        2.0005120620331973     
  0.85999999999999999       0.77832709639846265       0.65896614136878728        2.0005120620331973     
  0.83999999999999997       0.78720290407490601       0.65066197587564023        2.0005120620331973     
  0.82000000000000006       0.79582611663324698       0.64238578500969334        2.0005120620331973     
  0.80000000000000004       0.80452554074056848       0.63311125370748400        2.0005120620331973     
  0.78000000000000003       0.81294691146535181       0.62386118326535722        2.0005120620331973     
  0.76000000000000001       0.82144089846718304       0.61363823411026364        2.0005120620331973     
  0.73999999999999999       0.82963209221408707       0.60343647089770469        2.0005120620331973     
  0.71999999999999997       0.83789201445986727       0.59229072081614864        2.0005120620331973     
  0.70000000000000007       0.84582519257781941       0.58116312938380066        2.0005120620331973     
  0.68000000000000005       0.85382296547198866       0.56912377782352608        2.0005120620331973     
  0.66000000000000003       0.86147090045771668       0.55709981108297479        2.0005120620331973     
  0.64000000000000001       0.86917909810397309       0.54419953783710995        2.0005120620331973     
  0.62000000000000000       0.87651528660574807       0.53131213197366545        2.0005120620331973     
  0.59999999999999998       0.88390725539498494       0.51758697969404066        2.0005120620331973     
  0.57999999999999996       0.89090602904885186       0.50387243381368507        2.0005120620331973     
  0.56000000000000005       0.89795599866643128       0.48936167570212513        2.0005120620331973     
  0.54000000000000004       0.90459263225429054       0.47485951672202198        2.0005120620331973     
  0.52000000000000002       0.91127582359200687       0.45960550995860500        2.0005120620331973     
  0.50000000000000000       0.91752664001943329       0.44435834332024793        2.0005120620331973     
  0.47999999999999998       0.92381936948985688       0.42840636885527522        2.0005120620331973     
  0.46000000000000002       0.92966184109245920       0.41245971570638640        2.0005120620331973     
  0.44000000000000000       0.93554162085823367       0.39585780510770735        2.0005120620331973     
  0.41999999999999998       0.94095446655868853       0.37925992666305469        2.0005120620331973     
  0.40000000000000002       0.94640010020676357       0.36205867677209713        2.0005120620331973     
  0.38000000000000000       0.95136337806032512       0.34486038662414970        2.0005120620331973     
  0.35999999999999999       0.95635505127092757       0.32711276283220769        2.0005120620331973     
  0.34000000000000002       0.96085024595521240       0.30936722803968902        2.0005120620331973     
  0.32000000000000001       0.96536961173749691       0.29112835705041834        2.0005120620331973     
  0.29999999999999999       0.96937971656259292       0.27289088888604585        2.0005120620331973     
  0.28000000000000003       0.97340997465326295       0.25421784188041247        2.0005120620331973     
  0.26000000000000001       0.97691956769064814       0.23554567716815375        2.0005120620331973     
  0.23999999999999999       0.98044553773826237       0.21649724433403433        2.0005120620331973     
  0.22000000000000000       0.98344085169157525       0.19744931835080853        2.0005120620331973     
  0.20000000000000001       0.98644903987759813       0.17808577578077897        2.0005120620331973     
  0.17999999999999999       0.98891802534487894       0.15872248773745223        2.0005120620331973     
  0.16000000000000000       0.99139668412266801       0.13910535773482752        2.0005120620331973     
  0.14000000000000001       0.99332906592817682       0.11948832988638000        2.0005120620331973     
  0.12000000000000000       0.99526824659282087        9.9680135751076343E-002   2.0005120620331973     
  0.10000000000000001       0.99665557289684747        7.9871967215772680E-002   2.0005120620331973     
   8.0000000000000002E-002  0.99804717073193738        5.9935983607886337E-002   2.0005120620331973     
   5.9999999999999998E-002  0.99888285465897952        4.0000000000000001E-002   2.0005120620331973     
   4.0000000000000001E-002  0.99972064644079395        2.0000000000000000E-002   2.0005120620331973     
   2.0000000000000000E-002   1.0000000000000000        0.0000000000000000        2.0005120620331973     
   0.0000000000000000        1.0000000000000000        0.0000000000000000        2.0005120620331973     
