   10.000000000000000        0.0000000000000000        0.0000000000000000        2.0495982094552709     
   9.9800000000000004       -1.0284452993461386E-002  -8.8534665528350862E-002   2.0495982094552709     
   9.9600000000000009       -1.2481354143163986E-002  -4.6456706296736816E-002   2.0495982094552709     
   9.9399999999999995       -1.3614114958572137E-002  -4.7040923027990414E-002   2.0495982094552709     
   9.9199999999999999       -1.4761422095427764E-002  -4.8144553544307710E-002   2.0495982094552709     
   9.9000000000000004       -1.5953563485602729E-002  -4.8620189391684138E-002   2.0495982094552709     
   9.8800000000000008       -1.7129779427226249E-002  -4.9613451645405100E-002   2.0495982094552709     
   9.8599999999999994       -1.8376177911668932E-002  -4.9975586698718710E-002   2.0495982094552709     
   9.8399999999999999       -1.9576084752055616E-002  -5.0852000179434781E-002   2.0495982094552709     
   9.8200000000000003       -2.0871245511430103E-002  -5.1096371494661542E-002   2.0495982094552709     
   9.8000000000000007       -2.2089355019129769E-002  -5.1850135600577919E-002   2.0495982094552709     
   9.7799999999999994       -2.3427441447473680E-002  -5.1973174127984557E-002   2.0495982094552709     
   9.7599999999999998       -2.4658025050232069E-002  -5.2599209404770218E-002   2.0495982094552709     
   9.7400000000000002       -2.6032890719464380E-002  -5.2598072981452998E-002   2.0495982094552709     
   9.7200000000000006       -2.7270011659025640E-002  -5.3092058250426510E-002   2.0495982094552709     
   9.7000000000000011       -2.8675234528572211E-002  -5.2964660404207095E-002   2.0495982094552709     
   9.6799999999999997       -2.9912782023717280E-002  -5.3323065515698993E-002   2.0495982094552709     
   9.6600000000000001       -3.1341700713775081E-002  -5.3068099851087701E-002   2.0495982094552709     
   9.6400000000000006       -3.2573425952260947E-002  -5.3288213824162441E-002   2.0495982094552709     
   9.6200000000000010       -3.4019177885929987E-002  -5.2905173786425834E-002   2.0495982094552709     
   9.5999999999999996       -3.5238731649326997E-002  -5.2985128123085999E-002   2.0495982094552709     
   9.5800000000000001       -3.6694292856606817E-002  -5.2474321963165517E-002   2.0495982094552709     
   9.5600000000000005       -3.7895264566283102E-002  -5.2413108953535466E-002   2.0495982094552709     
   9.5400000000000009       -3.9353490931755053E-002  -5.1775669744501339E-002   2.0495982094552709     
   9.5199999999999996       -4.0529448889655713E-002  -5.1573155609097532E-002   2.0495982094552709     
   9.5000000000000000       -4.1983118615583924E-002  -5.0811046193818439E-002   2.0495982094552709     
   9.4800000000000004       -4.3127651200118258E-002  -5.0467978939619858E-002   2.0495982094552709     
   9.4600000000000009       -4.4569508247700403E-002  -4.9583991719216298E-002   2.0495982094552709     
   9.4399999999999995       -4.5676265813253257E-002  -4.9102003617743778E-002   2.0495982094552709     
   9.4199999999999999       -4.7099064076830753E-002  -4.8099755120983627E-002   2.0495982094552709     
   9.4000000000000004       -4.8161801295198765E-002  -4.7481359748660718E-002   2.0495982094552709     
   9.3800000000000008       -4.9558349257436525E-002  -4.6365279953625438E-002   2.0495982094552709     
   9.3599999999999994       -5.0570967631101221E-002  -4.5613863767254736E-002   2.0495982094552709     
   9.3399999999999999       -5.1934173241438099E-002  -4.4389180178142099E-002   2.0495982094552709     
   9.3200000000000003       -5.2890763512085229E-002  -4.3508988631111439E-002   2.0495982094552709     
   9.3000000000000007       -5.4213679026180801E-002  -4.2181705144804599E-002   2.0495982094552709     
   9.2799999999999994       -5.5108563197362265E-002  -4.1177823382520053E-002   2.0495982094552709     
   9.2599999999999998       -5.6384429711859016E-002  -3.9754694011389750E-002   2.0495982094552709     
   9.2400000000000002       -5.7212202402294347E-002  -3.8633022217189311E-002   2.0495982094552709     
   9.2200000000000006       -5.8434493816959386E-002  -3.7121519766336528E-002   2.0495982094552709     
   9.2000000000000011       -5.9190062660639337E-002  -3.5888743261652804E-002   2.0495982094552709     
   9.1799999999999997       -6.0352528798951643E-002  -3.4297023090275804E-002   2.0495982094552709     
   9.1600000000000001       -6.1031153610076244E-002  -3.2960577324890591E-002   2.0495982094552709     
   9.1400000000000006       -6.2127862229605264E-002  -3.1297436352537927E-002   2.0495982094552709     
   9.1200000000000010       -6.2725192654329590E-002  -2.9865466952258911E-002   2.0495982094552709     
   9.0999999999999996       -6.3750570079841126E-002  -2.8140298101242141E-002   2.0495982094552709     
   9.0800000000000001       -6.4262681462915749E-002  -2.6621616171097155E-002   2.0495982094552709     
   9.0600000000000005       -6.5211551578164953E-002  -2.4844358466102660E-002   2.0495982094552709     
   9.0400000000000009       -6.5634978780655676E-002  -2.3248391377016085E-002   2.0495982094552709     
   9.0199999999999996       -6.6502600119296706E-002  -2.1429475951857728E-002   2.0495982094552709     
   9.0000000000000000       -6.6834369033693580E-002  -1.9766213867619672E-002   2.0495982094552709     
   8.9800000000000004       -6.7616469715754274E-002  -1.7916506156907496E-002   2.0495982094552709     
   8.9600000000000009       -6.7854126236747386E-002  -1.6196444585908822E-002   2.0495982094552709     
   8.9399999999999995       -6.8546936504725875E-002  -1.4327183006035438E-002   2.0495982094552709     
   8.9199999999999999       -6.8688572727673383E-002  -1.2561261688604535E-002   2.0495982094552709     
   8.9000000000000004       -6.9288854845595840E-002  -1.0683993137684552E-002   2.0495982094552709     
   8.8800000000000008       -6.9333132280091553E-002  -8.8835316047287619E-003   2.0495982094552709     
   8.8599999999999994       -6.9838207569830030E-002  -7.0100441348264139E-003   2.0495982094552709     
   8.8399999999999999       -6.9784377172665765E-002  -5.1866742967691705E-003   2.0495982094552709     
   8.8200000000000003       -7.0192149974552615E-002  -3.3289273337005153E-003   2.0495982094552709     
   8.8000000000000007       -7.0040068824597998E-002  -1.4945234802118813E-003   2.0495982094552709     
   8.7799999999999994       -7.0349047183816571E-002   3.3542401369920797E-004   2.0495982094552709     
   8.7599999999999998       -7.0099191640800890E-002   2.1688174030605823E-003   2.0495982094552709     
   8.7400000000000002       -7.0308504537253846E-002   3.9588804098865020E-003   2.0495982094552709     
   8.7200000000000006       -6.9961979746928124E-002   5.7791226264411778E-003   2.0495982094552709     
   8.7000000000000011       -7.0071390704197378E-002   7.5172647680113950E-003   2.0495982094552709     
   8.6799999999999997       -6.9629936333762715E-002   9.3121941730742470E-003   2.0495982094552709     
   8.6600000000000001       -6.9639853262361676E-002   1.0986503178159008E-002   2.0495982094552709     
   8.6400000000000006       -6.9105845372212427E-002   1.2744013394403845E-002   2.0495982094552709     
   8.6200000000000010       -6.9017326523456116E-002   1.4342776884163657E-002   2.0495982094552709     
   8.5999999999999996       -6.8393775504070720E-002   1.6050893422535968E-002   2.0495982094552709     
   8.5800000000000001       -6.8208531433510786E-002   1.7562674552401600E-002   2.0495982094552709     
   8.5600000000000005       -6.7499075959559715E-002   1.9209631409886713E-002   2.0495982094552709     
   8.5400000000000009       -6.7219467422841267E-002   2.0623343900515269E-002   2.0495982094552709     
   8.5199999999999996       -6.6428364400183210E-002   2.2197659658743298E-002   2.0495982094552709     
   8.5000000000000000       -6.6057396129243370E-002   2.3502641746041827E-002   2.0495982094552709     
   8.4800000000000004       -6.5189506634290240E-002   2.4993194698197364E-002   2.0495982094552709     
   8.4600000000000009       -6.4730816967865631E-002   2.6179281532674008E-002   2.0495982094552709     
   8.4399999999999995       -6.3791588202695787E-002   2.7575383366518026E-002   2.0495982094552709     
   8.4199999999999999       -6.3249434571881272E-002   2.8632977395501375E-002   2.0495982094552709     
   8.4000000000000004       -6.2244877882388201E-002   2.9924444963590743E-002   2.0495982094552709     
   8.3800000000000008       -6.1624118179303210E-002   3.0844583836135146E-002   2.0495982094552709     
   8.3599999999999994       -6.0560783207430087E-002   3.2021808550573246E-002   2.0495982094552709     
   8.3399999999999999       -5.9866853092650066E-002   3.2796230094191012E-002   2.0495982094552709     
   8.3200000000000003       -5.8751798157331642E-002   3.3850244492468852E-002   2.0495982094552709     
   8.3000000000000007       -5.7990684389384609E-002   3.4471448323146761E-002   2.0495982094552709     
   8.2799999999999994       -5.6831443214044049E-002   3.5393989363844941E-002   2.0495982094552709     
   8.2599999999999998       -5.6009653111708718E-002   3.5855294706084541E-002   2.0495982094552709     
   8.2400000000000002       -5.4814198038999992E-002   3.6638863368351787E-002   2.0495982094552709     
   8.2200000000000006       -5.3938725214116183E-002   3.6934462680110275E-002   2.0495982094552709     
   8.1999999999999993       -5.2715427070918891E-002   3.7572379458867530E-002   2.0495982094552709     
   8.1799999999999997       -5.1793713595726432E-002   3.7697387477239531E-002   2.0495982094552709     
   8.1600000000000001       -5.0551298393134811E-002   3.8183843386874680E-002   2.0495982094552709     
   8.1400000000000006       -4.9591193591504573E-002   3.8134341233917166E-002   2.0495982094552709     
   8.1200000000000010       -4.8338696265587747E-002   3.8464443956749791E-002   2.0495982094552709     
   8.0999999999999996       -4.7348412341770181E-002   3.8237517970965737E-002   2.0495982094552709     
   8.0800000000000001       -4.6095127761129631E-002   3.8407332812812806E-002   2.0495982094552709     
   8.0600000000000005       -4.5083192502538054E-002   3.8001107800239804E-002   2.0495982094552709     
   8.0400000000000009       -4.3838623988062077E-002   3.8007693143848775E-002   2.0495982094552709     
   8.0199999999999996       -4.2813830800036340E-002   3.7421359773297511E-002   2.0495982094552709     
   8.0000000000000000       -4.1587636420617712E-002   3.7262796751078450E-002   2.0495982094552709     
   7.9800000000000004       -4.0558991970887276E-002   3.6496632850602492E-002   2.0495982094552709     
   7.9600000000000000       -3.9360928896162689E-002   3.6172048990751812E-002   2.0495982094552709     
   7.9400000000000004       -3.8337598664735767E-002   3.5227434536745914E-002   2.0495982094552709     
   7.9199999999999999       -3.7177465871987114E-002   3.4737021171340005E-002   2.0495982094552709     
   7.9000000000000004       -3.6168717918332705E-002   3.3616446797462292E-002   2.0495982094552709     
   7.8799999999999999       -3.5056297565463586E-002   3.2961470057155835E-002   2.0495982094552709     
   7.8600000000000003       -3.4071444839067787E-002   3.1668538947415649E-002   2.0495982094552709     
   7.8399999999999999       -3.3016442628912630E-002   3.0851344204802011E-002   2.0495982094552709     
   7.8200000000000003       -3.2064784161497793E-002   2.9390767273346056E-002   2.0495982094552709     
   7.7999999999999998       -3.1076769034536270E-002   2.8414776935561360E-002   2.0495982094552709     
   7.7800000000000002       -3.0167530362428627E-002   2.6792361234734979E-002   2.0495982094552709     
   7.7599999999999998       -2.9255873865135670E-002   2.5662065825309575E-002   2.0495982094552709     
   7.7400000000000002       -2.8398147038415516E-002   2.3884696163244061E-002   2.0495982094552709     
   7.7199999999999998       -2.7571962722880282E-002   2.2605638673244534E-002   2.0495982094552709     
   7.7000000000000002       -2.6774646264068197E-002   2.0681252462268616E-002   2.0495982094552709     
   7.6799999999999997       -2.6042729481056383E-002   1.9260005991218569E-002   2.0495982094552709     
   7.6600000000000001       -2.5314468660170480E-002   1.7197561388642882E-002   2.0495982094552709     
   7.6400000000000006       -2.4685237112369335E-002   1.5641700136302790E-002   2.0495982094552709     
   7.6200000000000001       -2.4034364907264377E-002   1.3451137579310626E-002   2.0495982094552709     
   7.6000000000000005       -2.3515800331993030E-002   1.1769201289927086E-002   2.0495982094552709     
   7.5800000000000001       -2.2950279442973336E-002   9.4613985662459557E-003   2.0495982094552709     
   7.5600000000000005       -2.2549870794005968E-002   7.6628505670954901E-003   2.0495982094552709     
   7.5400000000000000       -2.2077237079824914E-002   5.2495716026207933E-003   2.0495982094552709     
   7.5200000000000005       -2.1801925576183184E-002   3.3447506183594327E-003   2.0495982094552709     
   7.5000000000000000       -2.1429233274718615E-002   8.3858820171859357E-004   2.0495982094552709     
   7.4800000000000004       -2.1285359680212612E-002  -1.1613458349948140E-003   2.0495982094552709     
   7.4600000000000000       -2.1019128771356664E-002  -3.7470331329664767E-003   2.0495982094552709     
   7.4400000000000004       -2.1012383262299959E-002  -5.8301590161223106E-003   2.0495982094552709     
   7.4199999999999999       -2.0858549322952325E-002  -8.4813154330983295E-003   2.0495982094552709     
   7.4000000000000004       -2.0993924292805860E-002  -1.0635016067968864E-002   2.0495982094552709     
   7.3799999999999999       -2.0957791184318137E-002  -1.3336962420456570E-002   2.0495982094552709     
   7.3600000000000003       -2.1239537323023038E-002  -1.5547995327437196E-002   2.0495982094552709     
   7.3399999999999999       -2.1325733040007955E-002  -1.8285507595856502E-002   2.0495982094552709     
   7.3200000000000003       -2.1757319012486061E-002  -2.0540080168823451E-002   2.0495982094552709     
   7.2999999999999998       -2.1969755008612011E-002  -2.3297472499843232E-002   2.0495982094552709     
   7.2800000000000002       -2.2553831041343980E-002  -2.5581321622128474E-002   2.0495982094552709     
   7.2599999999999998       -2.2895665332559510E-002  -2.8342533319902753E-002   2.0495982094552709     
   7.2400000000000002       -2.3634030999395095E-002  -3.0641008910734003E-002   2.0495982094552709     
   7.2199999999999998       -2.4107635328003488E-002  -3.3389694959824724E-002   2.0495982094552709     
   7.2000000000000002       -2.5001211806432971E-002  -3.5687846995893648E-002   2.0495982094552709     
   7.1799999999999997       -2.5608143130555289E-002  -3.8407471631955070E-002   2.0495982094552709     
   7.1600000000000001       -2.6656950177733306E-002  -4.0690140162895856E-002   2.0495982094552709     
   7.1400000000000006       -2.7397926730000646E-002  -4.3364072982846773E-002   2.0495982094552709     
   7.1200000000000001       -2.8601064603902399E-002  -4.5615980635945762E-002   2.0495982094552709     
   7.1000000000000005       -2.9475946740722000E-002  -4.8227594717530679E-002   2.0495982094552709     
   7.0800000000000001       -3.0831583266117877E-002  -5.0433441166136524E-002   2.0495982094552709     
   7.0600000000000005       -3.1839359304607268E-002  -5.2966212647642293E-002   2.0495982094552709     
   7.0400000000000000       -3.3344722256165561E-002  -5.5110770499654002E-002   2.0495982094552709     
   7.0200000000000005       -3.4483499469922692E-002  -5.7548379054284581E-002   2.0495982094552709     
   7.0000000000000000       -3.6134874415861606E-002  -5.9616590601919851E-002   2.0495982094552709     
   6.9800000000000004       -3.7401875333198886E-002  -6.1943020228068593E-002   2.0495982094552709     
   6.9600000000000000       -3.9194609052672552E-002  -6.3920094487942156E-002   2.0495982094552709     
   6.9400000000000004       -4.0586173171902371E-002  -6.6119734026531735E-002   2.0495982094552709     
   6.9199999999999999       -4.2514682727918550E-002  -6.7991243490107017E-002   2.0495982094552709     
   6.9000000000000004       -4.4026273733869505E-002  -7.0048986273347102E-002   2.0495982094552709     
   6.8799999999999999       -4.6084061251148195E-002  -7.1800962782094344E-002   2.0495982094552709     
   6.8600000000000003       -4.7710279785440311E-002  -7.3702304814622602E-002   2.0495982094552709     
   6.8399999999999999       -4.9889952949470615E-002  -7.5321333971868534E-002   2.0495982094552709     
   6.8200000000000003       -5.1624554954391763E-002  -7.7052470045332208E-002   2.0495982094552709     
   6.7999999999999998       -5.3917853214196509E-002  -7.8525783577858180E-002   2.0495982094552709     
   6.7800000000000002       -5.5753773836462496E-002  -8.0073700723658825E-002   2.0495982094552709     
   6.7599999999999998       -5.8151600259460007E-002  -8.1389266210682612E-002   2.0495982094552709     
   6.7400000000000002       -6.0080983265942384E-002  -8.2741833902874248E-002   2.0495982094552709     
   6.7199999999999998       -6.2573441958998360E-002  -8.3888441298130639E-002   2.0495982094552709     
   6.7000000000000002       -6.4587674581898347E-002  -8.5034497829356140E-002   2.0495982094552709     
   6.6799999999999997       -6.7164113558384905E-002  -8.6001842213612123E-002   2.0495982094552709     
   6.6600000000000001       -6.9253866652555091E-002  -8.6931276681486494E-002   2.0495982094552709     
   6.6400000000000006       -7.1902925991220515E-002  -8.7710036697946026E-002   2.0495982094552709     
   6.6200000000000001       -7.4058199351657791E-002  -8.8413866057382093E-002   2.0495982094552709     
   6.6000000000000005       -7.6767864459495835E-002  -8.8995777501023776E-002   2.0495982094552709     
   6.5800000000000001       -7.8978037112713950E-002  -8.9466218159616182E-002   2.0495982094552709     
   6.5600000000000005       -8.1735696871085048E-002  -8.9844142213491268E-002   2.0495982094552709     
   6.5400000000000000       -8.3989582120376771E-002  -9.0074675672083632E-002   2.0495982094552709     
   6.5200000000000005       -8.6782091661491839E-002  -9.0242661308887626E-002   2.0495982094552709     
   6.5000000000000000       -8.9067996633294635E-002  -9.0228093377790544E-002   2.0495982094552709     
   6.4800000000000004       -9.1881744463073345E-002  -9.0181433473468256E-002   2.0495982094552709     
   6.4600000000000000       -9.4187533869995302E-002  -8.9917946626237172E-002   2.0495982094552709     
   6.4400000000000004       -9.7008513023404588E-002  -8.9653227363893001E-002   2.0495982094552709     
   6.4199999999999999       -9.9321676829203065E-002  -8.9138425825022072E-002   2.0495982094552709     
   6.4000000000000004      -0.10213555971566093       -8.8653569001745813E-002   2.0495982094552709     
   6.3799999999999999      -0.10444328435883322       -8.7886516201817602E-002   2.0495982094552709     
   6.3600000000000003      -0.10723550092828339       -8.7180814088078346E-002   2.0495982094552709     
   6.3399999999999999      -0.10952474373412591       -8.6162062159678990E-002   2.0495982094552709     
   6.3200000000000003      -0.11228056256912701       -8.5236204600427232E-002   2.0495982094552709     
   6.2999999999999998      -0.11453812895534757       -8.3967815630184989E-002   2.0495982094552709     
   6.2800000000000002      -0.11724274087113104       -8.2823909118543579E-002   2.0495982094552709     
   6.2599999999999998      -0.11945536392951850       -8.1309467914798900E-002   2.0495982094552709     
   6.2400000000000002      -0.12209396764257892       -7.9951046412951726E-002   2.0495982094552709     
   6.2199999999999998      -0.12424838965900173       -7.8195664594503139E-002   2.0495982094552709     
   6.2000000000000002      -0.12680627906556272       -7.6627691921872368E-002   2.0495982094552709     
   6.1799999999999997      -0.12888933452279569       -7.4638003180722848E-002   2.0495982094552709     
   6.1600000000000001      -0.13135198711154472       -7.2866866836496264E-002   2.0495982094552709     
   6.1400000000000006      -0.13335068670420061       -7.0651013276268160E-002   2.0495982094552709     
   6.1200000000000001      -0.13570385261315043       -6.8684509611515190E-002   2.0495982094552709     
   6.1000000000000005      -0.13760546779141850       -6.6252119112940808E-002   2.0495982094552709     
   6.0800000000000001      -0.13983525900672175       -6.4099429816686301E-002   2.0495982094552709     
   6.0600000000000005      -0.14162740655571440       -6.1461584432017963E-002   2.0495982094552709     
   6.0400000000000000      -0.14372038574086671       -5.9133244345443134E-002   2.0495982094552709     
   6.0200000000000005      -0.14539111189519927       -5.6302439774500113E-002   2.0495982094552709     
   6.0000000000000000      -0.14733438033235749       -5.3810296097622091E-002   2.0495982094552709     
   5.9800000000000004      -0.14887224392114998       -5.0800392349235050E-002   2.0495982094552709     
   5.9600000000000000      -0.15065352804239951       -4.8157555354724581E-002   2.0495982094552709     
   5.9400000000000004      -0.15204768215820189       -4.4983718748245929E-002   2.0495982094552709     
   5.9199999999999999      -0.15365541814355974       -4.2204504167190099E-002   2.0495982094552709     
   5.9000000000000004      -0.15489568982974006       -3.8883140879300303E-002   2.0495982094552709     
   5.8799999999999999      -0.15631910575054433       -3.5983004173423934E-002   2.0495982094552709     
   5.8600000000000003      -0.15739607320545912       -3.2531685585353277E-002   2.0495982094552709     
   5.8399999999999999      -0.15862526819663306       -2.9527148369236776E-002   2.0495982094552709     
   5.8200000000000003      -0.15953033499936645       -2.5964528518539483E-002   2.0495982094552709     
   5.7999999999999998      -0.16055635495183837       -2.2873097443420594E-002   2.0495982094552709     
   5.7800000000000002      -0.16128182082346210       -1.9218822932292545E-002   2.0495982094552709     
   5.7599999999999998      -0.16209673009883693       -1.6058901389864724E-002   2.0495982094552709     
   5.7400000000000002      -0.16263585772493658       -1.2333514148459266E-002   2.0495982094552709     
   5.7199999999999998      -0.16323280640829999       -9.1243071984311828E-003   2.0495982094552709     
   5.7000000000000002      -0.16357988386296016       -5.3491405464503637E-003   2.0495982094552709     
   5.6799999999999997      -0.16395317008645030       -2.1105535152526611E-003   2.0495982094552709     
   5.6600000000000001      -0.16410356841490006        1.6923779919773459E-003   2.0495982094552709     
   5.6399999999999997      -0.16424869530437392        4.9398467523177770E-003   2.0495982094552709     
   5.6200000000000001      -0.16419892084107857        8.7479631662437732E-003   2.0495982094552709     
   5.6000000000000005      -0.16411264766074721        1.1983334830601652E-002   2.0495982094552709     
   5.5800000000000001      -0.16386038868182817        1.5773611774807992E-002   2.0495982094552709     
   5.5600000000000005      -0.16354077577707848        1.8975544343413545E-002   2.0495982094552709     
   5.5400000000000000      -0.16308494311051247        2.2724638500545426E-002   2.0495982094552709     
   5.5200000000000005      -0.16253139027717248        2.5871548243652683E-002   2.0495982094552709     
   5.5000000000000000      -0.16187215152121900        2.9555926729395797E-002   2.0495982094552709     
   5.4800000000000004      -0.16108542946014329        3.2626113147056796E-002   2.0495982094552709     
   5.4600000000000000      -0.16022423648979983        3.6222186106589900E-002   2.0495982094552709     
   5.4400000000000004      -0.15920651103871342        3.9193959744092011E-002   2.0495982094552709     
   5.4199999999999999      -0.15814612051164562        4.2678215479565282E-002   2.0495982094552709     
   5.4000000000000004      -0.15690096938154680        4.5530027914139973E-002   2.0495982094552709     
   5.3799999999999999      -0.15564545598878338        4.8879169828311024E-002   2.0495982094552709     
   5.3600000000000003      -0.15417787776968703        5.1589745121194970E-002   2.0495982094552709     
   5.3399999999999999      -0.15273264001229778        5.4780829742503881E-002   2.0495982094552709     
   5.3200000000000003      -0.15104905525253104        5.7329296632627369E-002   2.0495982094552709     
   5.2999999999999998      -0.14942081356340964        6.0339871970974873E-002   2.0495982094552709     
   5.2800000000000002      -0.14752905776783057        6.2705896072532283E-002   2.0495982094552709     
   5.2599999999999998      -0.14572584483742176        6.5514139542898572E-002   2.0495982094552709     
   5.2400000000000002      -0.14363515327261983        6.7678054799013371E-002   2.0495982094552709     
   5.2199999999999998      -0.14166629647878834        7.0262909942043220E-002   2.0495982094552709     
   5.2000000000000002      -0.13938728071731432        7.2205848580766119E-002   2.0495982094552709     
   5.1799999999999997      -0.13726337660237334        7.4547159805591207E-002   2.0495982094552709     
   5.1600000000000001      -0.13480799278308084        7.6251180042679903E-002   2.0495982094552709     
   5.1399999999999997      -0.13254087356504488        7.8329824617718799E-002   2.0495982094552709     
   5.1200000000000001      -0.12992238239249015        7.9778035353079590E-002   2.0495982094552709     
   5.1000000000000005      -0.12752507454267101        8.1576051875332706E-002   2.0495982094552709     
   5.0800000000000001      -0.12475799309492150        8.2752733636745845E-002   2.0495982094552709     
   5.0600000000000005      -0.12224466805976150        8.4253446219304418E-002   2.0495982094552709     
   5.0400000000000000      -0.11934471352067222        8.5144167618071739E-002   2.0495982094552709     
   5.0200000000000005      -0.11673063071195711        8.6332305049130087E-002   2.0495982094552709     
   5.0000000000000000      -0.11371465619072464        8.6924034027624345E-002   2.0495982094552709     
   4.9800000000000004      -0.11101609841472776        8.7785843172245207E-002   2.0495982094552709     
   4.9600000000000000      -0.10790202106202901        8.8067052342899091E-002   2.0495982094552709     
   4.9400000000000004      -0.10513622260440383        8.8590405081050802E-002   2.0495982094552709     
   4.9199999999999999      -0.10194294428046088        8.8551170480081376E-002   2.0495982094552709     
   4.9000000000000004       -9.9128011909519531E-002   8.8725663500977450E-002   2.0495982094552709     
   4.8799999999999999       -9.5875332704660643E-002   8.8357756107978608E-002   2.0495982094552709     
   4.8600000000000003       -9.3030159900733780E-002   8.8174802911362760E-002   2.0495982094552709     
   4.8399999999999999       -8.9738684853291020E-002   8.7471772317687185E-002   2.0495982094552709     
   4.8200000000000003       -8.6882859615832156E-002   8.6924686807326235E-002   2.0495982094552709     
   4.7999999999999998       -8.3573899015139660E-002   8.5881936451763521E-002   2.0495982094552709     
   4.7800000000000002       -8.0727605641825587E-002   8.4966007544778857E-002   2.0495982094552709     
   4.7599999999999998       -7.7423069345548365E-002   8.3580860974261595E-002   2.0495982094552709     
   4.7400000000000002       -7.4606984618533226E-002   8.2293417691943316E-002   2.0495982094552709     
   4.7199999999999998       -7.1329270853202800E-002   8.0565175347633314E-002   2.0495982094552709     
   4.7000000000000002       -6.8564455106604305E-002   7.8905641898742246E-002   2.0495982094552709     
   4.6799999999999997       -6.5336334257912215E-002   7.6835627973686205E-002   2.0495982094552709     
   4.6600000000000001       -6.2644117837309374E-002   7.4805568389748459E-002   2.0495982094552709     
   4.6399999999999997       -5.9488611772142319E-002   7.2397167353071806E-002   2.0495982094552709     
   4.6200000000000001       -5.6890477431074581E-002   7.0000319286529722E-002   2.0495982094552709     
   4.6000000000000005       -5.3830734926264612E-002   6.7259001720613248E-002   2.0495982094552709     
   4.5800000000000001       -5.1348196736213783E-002   6.4501299070650484E-002   2.0495982094552709     
   4.5600000000000005       -4.8407365619322032E-002   6.1434636521625119E-002   2.0495982094552709     
   4.5400000000000000       -4.6061844998261527E-002   5.8324220608726537E-002   2.0495982094552709     
   4.5200000000000005       -4.3262941633215521E-002   5.4941889206656561E-002   2.0495982094552709     
   4.5000000000000000       -4.1075641123300928E-002   5.1489108275197093E-002   2.0495982094552709     
   4.4800000000000004       -3.8441417898172528E-002   4.7802880938182753E-002   2.0495982094552709     
   4.4600000000000000       -3.6433193345438382E-002   4.4020277826254603E-002   2.0495982094552709     
   4.4400000000000004       -3.3986004840938874E-002   4.0044004922086908E-002   2.0495982094552709     
   4.4199999999999999       -3.2177236648739664E-002   3.5946292799063452E-002   2.0495982094552709     
   4.4000000000000004       -2.9938905183944372E-002   3.1695871198699169E-002   2.0495982094552709     
   4.3799999999999999       -2.8349369327348016E-002   2.7299897333360482E-002   2.0495982094552709     
   4.3600000000000003       -2.6341050593600260E-002   2.2793227852018684E-002   2.0495982094552709     
   4.3399999999999999       -2.4989790093795223E-002   1.8117925437127286E-002   2.0495982094552709     
   4.3200000000000003       -2.3231839598590744E-002   1.3374858720962130E-002   2.0495982094552709     
   4.2999999999999998       -2.2137037164665526E-002   8.4411868436464407E-003   2.0495982094552709     
   4.2800000000000002       -2.0648878214416536E-002   3.4834578223749205E-003   2.0495982094552709     
   4.2599999999999998       -1.9827730764472164E-002  -1.6856702667620502E-003   2.0495982094552709     
   4.2400000000000002       -1.8627724718375149E-002  -6.8345191785079747E-003   2.0495982094552709     
   4.2199999999999998       -1.8096320492864460E-002  -1.2214319281307199E-002   2.0495982094552709     
   4.2000000000000002       -1.7201640019502196E-002  -1.7529025989079038E-002   2.0495982094552709     
   4.1799999999999997       -1.6974838996911462E-002  -2.3092937381733271E-002   2.0495982094552709     
   4.1600000000000001       -1.6401345060722116E-002  -2.8546618616621697E-002   2.0495982094552709     
   4.1399999999999997       -1.6492663379241188E-002  -3.4266409336603722E-002   2.0495982094552709     
   4.1200000000000001       -1.6254786675499310E-002  -3.9830669494244346E-002   2.0495982094552709     
   4.0999999999999996       -1.6676285754138334E-002  -4.5676552090520545E-002   2.0495982094552709     
   4.0800000000000001       -1.6786913298649946E-002  -5.1321601978040740E-002   2.0495982094552709     
   4.0600000000000005       -1.7549094337403343E-002  -5.7262359263540716E-002   2.0495982094552709     
   4.0400000000000000       -1.8019461900681617E-002  -6.2957144271227880E-002   2.0495982094552709     
   4.0200000000000005       -1.9131166421829930E-002  -6.8960264559032619E-002   2.0495982094552709     
   4.0000000000000000       -1.9970757477182053E-002  -7.4672601717902520E-002   2.0495982094552709     
   3.9800000000000000       -2.1439074548667846E-002  -8.0704422967176379E-002   2.0495982094552709     
   3.9600000000000000       -2.2655526379392915E-002  -8.6401146300236070E-002   2.0495982094552709     
   3.9399999999999999       -2.4485707136497746E-002  -9.2427008544873734E-002   2.0495982094552709     
   3.9199999999999999       -2.6084724719382758E-002  -9.8074122069001166E-002   2.0495982094552709     
   3.8999999999999999       -2.8280104772686662E-002 -0.10405852745158309        2.0495982094552709     
   3.8799999999999999       -3.0265383023289925E-002 -0.10962136513887000        2.0495982094552709     
   3.8599999999999999       -3.2827313309179020E-002 -0.11552814482508142        2.0495982094552709     
   3.8399999999999999       -3.5200468239145903E-002 -0.12097153678751474        2.0495982094552709     
   3.8200000000000003       -3.8128254834068877E-002 -0.12676402399201195        2.0495982094552709     
   3.8000000000000003       -4.0888764132060232E-002 -0.13205246811175700        2.0495982094552709     
   3.7800000000000002       -4.4179617513357312E-002 -0.13769367642576955        2.0495982094552709     
   3.7600000000000002       -4.7324771019302381E-002 -0.14279151461533757        2.0495982094552709     
   3.7400000000000002       -5.0973765213905245E-002 -0.14824432078941188        2.0495982094552709     
   3.7200000000000002       -5.4498625711383440E-002 -0.15311591903190572        2.0495982094552709     
   3.7000000000000002       -5.8498667729118874E-002 -0.15834324933428201        2.0495982094552709     
   3.6800000000000002       -6.2396042432952006E-002 -0.16295318062395345        2.0495982094552709     
   3.6600000000000001       -6.6737852333754163E-002 -0.16791819986645040        2.0495982094552709     
   3.6400000000000001       -7.0998275399605265E-002 -0.17223142914415615        2.0495982094552709     
   3.6200000000000001       -7.5670377293801522E-002 -0.17689773144326398        2.0495982094552709     
   3.6000000000000001       -8.0282103623956241E-002 -0.18087980160033651        2.0495982094552709     
   3.5800000000000001       -8.5270827852198985E-002 -0.18521160192168543        2.0495982094552709     
   3.5600000000000001       -9.0219838417030643E-002 -0.18882881992935413        2.0495982094552709     
   3.5400000000000000       -9.5509335101573029E-002 -0.19279114544905396        2.0495982094552709     
   3.5200000000000000      -0.10077935393975285      -0.19601076765901967        2.0495982094552709     
   3.5000000000000000      -0.10635161804193116      -0.19956964796564625        2.0495982094552709     
   3.4800000000000000      -0.11192414104449606      -0.20236006362089776        2.0495982094552709     
   3.4600000000000000      -0.11775904900472950      -0.20548271877724486        2.0495982094552709     
   3.4399999999999999      -0.12361338452900072      -0.20781363077072507        2.0495982094552709     
   3.4199999999999999      -0.12968874250568108      -0.21046865625498465        2.0495982094552709     
   3.3999999999999999      -0.13580206380500978      -0.21231125817738256        2.0495982094552709     
   3.3799999999999999      -0.14209366746765459      -0.21446880572915281        2.0495982094552709     
   3.3599999999999999      -0.14844107686238250      -0.21579595425591788        2.0495982094552709     
   3.3399999999999999      -0.15492278263271853      -0.21742790766341646        2.0495982094552709     
   3.3200000000000003      -0.16147738728686378      -0.21821428934505427        2.0495982094552709     
   3.3000000000000003      -0.16812119485947463      -0.21929443422610181        2.0495982094552709     
   3.2800000000000002      -0.17485419396683399      -0.21951672576489017        2.0495982094552709     
   3.2600000000000002      -0.18163033987899005      -0.22002091241558402        2.0495982094552709     
   3.2400000000000002      -0.18851112300186179      -0.21965793353594573        2.0495982094552709     
   3.2200000000000002      -0.19538818496058363      -0.21956423194738281        2.0495982094552709     
   3.2000000000000002      -0.20238444120446325      -0.21859708999619054        2.0495982094552709     
   3.1800000000000002      -0.20932945281810492      -0.21788593617097018        2.0495982094552709     
   3.1600000000000001      -0.21640729046682722      -0.21629816161787654        2.0495982094552709     
   3.1400000000000001      -0.22338586596891166      -0.21495249435432176        2.0495982094552709     
   3.1200000000000001      -0.23050994214703732      -0.21273016640064268        2.0495982094552709     
   3.1000000000000001      -0.23748641064209985      -0.21073555375346825        2.0495982094552709     
   3.0800000000000001      -0.24462007051522791      -0.20786741530102146        2.0495982094552709     
   3.0600000000000001      -0.25155761922039238      -0.20521216997243133        2.0495982094552709     
   3.0400000000000000      -0.25866304418975028      -0.20168973125078485        2.0495982094552709     
   3.0200000000000000      -0.26552387009204326      -0.19836501421534253        2.0495982094552709     
   3.0000000000000000      -0.27256223438746957      -0.19418264441698083        2.0495982094552709     
   2.9800000000000000      -0.27930770368577840      -0.19018255613694812        2.0495982094552709     
   2.9600000000000000      -0.28623933871132540      -0.18533756246456171        2.0495982094552709     
   2.9399999999999999      -0.29283015336374357      -0.18065922110931909        2.0495982094552709     
   2.9199999999999999      -0.29961471910286247      -0.17515191469759608        2.0495982094552709     
   2.8999999999999999      -0.30601108975524871      -0.16979552084108274        2.0495982094552709     
   2.8799999999999999      -0.31260775249809913      -0.16362926907661959        2.0495982094552709     
   2.8599999999999999      -0.31876957702819253      -0.15759815641003080        2.0495982094552709     
   2.8399999999999999      -0.32513719264234126      -0.15077942123707236        2.0495982094552709     
   2.8199999999999998      -0.33102423951604898      -0.14408009290010673        2.0495982094552709     
   2.8000000000000003      -0.33712154144387652      -0.13661845476638529        2.0495982094552709     
   2.7800000000000002      -0.34269363704646216      -0.12926060496872940        2.0495982094552709     
   2.7600000000000002      -0.34847942817824518      -0.12116877213440840        2.0495982094552709     
   2.7400000000000002      -0.35369664725338595      -0.11316529280961943        2.0495982094552709     
   2.7200000000000002      -0.35912999479446467      -0.10445909581290713        2.0495982094552709     
   2.7000000000000002      -0.36395285309855102       -9.5826068118986460E-002   2.0495982094552709     
   2.6800000000000002      -0.36899328552244814       -8.6524439264043795E-002   2.0495982094552709     
   2.6600000000000001      -0.37338293378025855       -7.7281109818504848E-002   2.0495982094552709     
   2.6400000000000001      -0.37799063893729096       -6.7406047624470403E-002   2.0495982094552709     
   2.6200000000000001      -0.38190905716833851       -5.7574789436187726E-002   2.0495982094552709     
   2.6000000000000001      -0.38604508060131437       -4.7151308060146321E-002   2.0495982094552709     
   2.5800000000000001      -0.38945527187381740       -3.6757566195422239E-002   2.0495982094552709     
   2.5600000000000001      -0.39308171437902312       -2.5813629916594708E-002   2.0495982094552709     
   2.5400000000000000      -0.39594789704065292       -1.4885852012303278E-002   2.0495982094552709     
   2.5200000000000000      -0.39902811050367176       -3.4522949392845614E-003   2.0495982094552709     
   2.5000000000000000      -0.40131590793499972        7.9781532486760537E-003   2.0495982094552709     
   2.4800000000000000      -0.40381468846704488        1.9867722011512622E-002   2.0495982094552709     
   2.4600000000000000      -0.40549131540496491        3.1766655761286039E-002   2.0495982094552709     
   2.4399999999999999      -0.40737509280652079        4.4075961178410006E-002   2.0495982094552709     
   2.4199999999999999      -0.40840953729089802        5.6406490319422936E-002   2.0495982094552709     
   2.3999999999999999      -0.40964655987556609        6.9096714337281540E-002   2.0495982094552709     
   2.3799999999999999      -0.41000975988289784        8.1819370721281329E-002   2.0495982094552709     
   2.3599999999999999      -0.41057027370553673        9.4849288576044161E-002   2.0495982094552709     
   2.3399999999999999      -0.41023528754854549       0.10792216701999820        2.0495982094552709     
   2.3199999999999998      -0.41009170909806764       0.12124829641630223        2.0495982094552709     
   2.3000000000000003      -0.40903387868981206       0.13462720856553584        2.0495982094552709     
   2.2800000000000002      -0.40816096012835246       0.14820397113496250        2.0495982094552709     
   2.2600000000000002      -0.40635806623361370       0.16184261162738886        2.0495982094552709     
   2.2400000000000002      -0.40473305229017648       0.17562250601012833        2.0495982094552709     
   2.2200000000000002      -0.40216546091550859       0.18947263025747588        2.0495982094552709     
   2.2000000000000002      -0.39976823657354121       0.20340641608811533        2.0495982094552709     
   2.1800000000000002      -0.39641903568038783       0.21741802892799422        2.0495982094552709     
   2.1600000000000001      -0.39323226383491716       0.23145492094691789        2.0495982094552709     
   2.1400000000000001      -0.38908738959753331       0.24557647536073487        2.0495982094552709     
   2.1200000000000001      -0.38509663789836751       0.25966434681663142        2.0495982094552709     
   2.1000000000000001      -0.38014498976980882       0.27384295185310081        2.0495982094552709     
   2.0800000000000001      -0.37533884591269234       0.28792854630979253        2.0495982094552709     
   2.0600000000000001      -0.36957238980778734       0.30211018330242023        2.0495982094552709     
   2.0400000000000000      -0.36394256458505236       0.31613933391505078        2.0495982094552709     
   2.0200000000000000      -0.35735642353886726       0.33026908003478461        2.0495982094552709     
   2.0000000000000000      -0.35089784101482230       0.34418693531655969        2.0495982094552709     
   1.9800000000000000      -0.34349037272851796       0.35820919345810642        2.0495982094552709     
   1.9600000000000000      -0.33620124696226028       0.37196044851959659        2.0495982094552709     
   1.9399999999999999      -0.32797410770525331       0.38581918248196806        2.0495982094552709     
   1.9199999999999999      -0.31985600550449228       0.39934831469067461        2.0495982094552709     
   1.9000000000000001      -0.31081419990223869       0.41298728857958938        2.0495982094552709     
   1.8800000000000001      -0.30187208915570862       0.42623879655830993        2.0495982094552709     
   1.8600000000000001      -0.29202400545597479       0.43960181731037312        2.0495982094552709     
   1.8400000000000001      -0.28226628865880932       0.45252046216904457        2.0495982094552709     
   1.8200000000000001      -0.27162371913573125       0.46555162407533524        2.0495982094552709     
   1.8000000000000000      -0.26106225179131121       0.47808267175268992        2.0495982094552709     
   1.7800000000000000      -0.24964039801555366       0.49072660184268591        2.0495982094552709     
   1.7600000000000000      -0.23829049166855715       0.50281606542133084        2.0495982094552709     
   1.7400000000000000      -0.22610795444312085       0.51501816855709170        2.0495982094552709     
   1.7200000000000000      -0.21398836417129238       0.52661304940864029        2.0495982094552709     
   1.7000000000000000      -0.20106711800566693       0.53831975193399451        2.0495982094552709     
   1.6799999999999999      -0.18820001427190414       0.54936827854970716        2.0495982094552709     
   1.6600000000000001      -0.17456536634187383       0.56052726933983477        2.0495982094552709     
   1.6400000000000001      -0.16097629118312604       0.57097913270686274        2.0495982094552709     
   1.6200000000000001      -0.14665682479927944       0.58153960047022069        2.0495982094552709     
   1.6000000000000001      -0.13237463240413491       0.59134618486404711        2.0495982094552709     
   1.5800000000000001      -0.11740213508850517       0.60125905056097251        2.0495982094552709     
   1.5600000000000001      -0.10245891689079001       0.61037365864087201        2.0495982094552709     
   1.5400000000000000       -8.6868293237688271E-002  0.61959180190141105        2.0495982094552709     
   1.5200000000000000       -7.1299287728564531E-002  0.62796987301772556        2.0495982094552709     
   1.5000000000000000       -5.5128457302070319E-002  0.63644835146513157        2.0495982094552709     
   1.4800000000000000       -3.8971944837633450E-002  0.64404767211467151        2.0495982094552709     
   1.4600000000000000       -2.2261725433952634E-002  0.65174393253051388        2.0495982094552709     
   1.4399999999999999       -5.5589083888064814E-003  0.65852483792937477        2.0495982094552709     
   1.4199999999999999        1.1647114933665118E-002  0.66539891823109276        2.0495982094552709     
   1.4000000000000001        2.8852246244203988E-002  0.67132448401237377        2.0495982094552709     
   1.3800000000000001        4.6507865891212495E-002  0.67733920505425083        2.0495982094552709     
   1.3600000000000001        6.4168681027173297E-002  0.68237542814143626        2.0495982094552709     
   1.3400000000000001        8.2225224804347130E-002  0.68749657439509704        2.0495982094552709     
   1.3200000000000001       0.10029261419382521       0.69161254214990486        2.0495982094552709     
   1.3000000000000000       0.11869911583618251       0.69580903037033215        2.0495982094552709     
   1.2800000000000000       0.13712166431692674       0.69897707716645729        2.0495982094552709     
   1.2600000000000000       0.15582504593063706       0.70222111220391314        2.0495982094552709     
   1.2400000000000000       0.17454921814911126       0.70441696263498088        2.0495982094552709     
   1.2200000000000000       0.19349448382131351       0.70668417961178354        2.0495982094552709     
   1.2000000000000000       0.21246482073708212       0.70788707760268144        2.0495982094552709     
   1.1799999999999999       0.23159526051040735       0.70915666973628666        2.0495982094552709     
   1.1599999999999999       0.25075458619611130       0.70934949289157090        2.0495982094552709     
   1.1400000000000001       0.27001198954922262       0.70960432431144771        2.0495982094552709     
   1.1200000000000001       0.28930162742219750       0.70877368290240461        2.0495982094552709     
   1.1000000000000001       0.30862650534648423       0.70800038587748915        2.0495982094552709     
   1.0800000000000001       0.32798650291754894       0.70613670594029254        2.0495982094552709     
   1.0600000000000001       0.34731831763328408       0.70432576200601482        2.0495982094552709     
   1.0400000000000000       0.36668767881158570       0.70142335209699425        2.0495982094552709     
   1.0200000000000000       0.38596508012465874       0.69856915664560815        2.0495982094552709     
   1.0000000000000000       0.40528200407501008       0.69462625787549792        2.0495982094552709     
  0.97999999999999998       0.42444307133793535       0.69072716785040145        2.0495982094552709     
  0.95999999999999996       0.44364519684896997       0.68574598689727839        2.0495982094552709     
  0.94000000000000006       0.46262768545742539       0.68080435131079042        2.0495982094552709     
  0.92000000000000004       0.48165233974545268       0.67479107619084977        2.0495982094552709     
  0.90000000000000002       0.50039393107423968       0.66881324926516306        2.0495982094552709     
  0.88000000000000000       0.51917838191903487       0.66177804772115256        2.0495982094552709     
  0.85999999999999999       0.53761693557920331       0.65477438453353332        2.0495982094552709     
  0.83999999999999997       0.55609864566437517       0.64673138498221461        2.0495982094552709     
  0.82000000000000006       0.57417245294637098       0.63871621957760261        2.0495982094552709     
  0.80000000000000004       0.59228933525857919       0.62968347463964724        2.0495982094552709     
  0.78000000000000003       0.60993737261473890       0.62067508065624277        2.0495982094552709     
  0.76000000000000001       0.62762804574307174       0.61067451337413448        2.0495982094552709     
  0.73999999999999999       0.64479022715662271       0.60069504730996504        2.0495982094552709     
  0.71999999999999997       0.66199426932602345       0.58975238024136978        2.0495982094552709     
  0.70000000000000007       0.67861169641297936       0.57882780757183805        2.0495982094552709     
  0.68000000000000005       0.69526989708387532       0.56697247502717241        2.0495982094552709     
  0.66000000000000003       0.71128510577884019       0.55513247946479205        2.0495982094552709     
  0.64000000000000001       0.72733971364917616       0.54239752323793666        2.0495982094552709     
  0.62000000000000000       0.74269691633607060       0.52967539950551390        2.0495982094552709     
  0.59999999999999998       0.75809188259183669       0.51609734852544298        2.0495982094552709     
  0.57999999999999996       0.77273720455591066       0.50252987909244295        2.0495982094552709     
  0.56000000000000005       0.78741842023202580       0.48814861350055383        2.0495982094552709     
  0.54000000000000004       0.80130012933016082       0.47377592980894356        2.0495982094552709     
  0.52000000000000002       0.81521565566522647       0.45863453004169979        2.0495982094552709     
  0.50000000000000000       0.82828438413741767       0.44349995882178678        2.0495982094552709     
  0.47999999999999998       0.84138467483333301       0.42764454035056565        2.0495982094552709     
  0.46000000000000002       0.85359363220927653       0.41179443569888674        2.0495982094552709     
  0.44000000000000000       0.86583174653994144       0.39527397014824667        2.0495982094552709     
  0.41999999999999998       0.87713692263074505       0.37875753210802821        2.0495982094552709     
  0.40000000000000002       0.88846872838292335       0.36162365553963860        2.0495982094552709     
  0.38000000000000000       0.89882908538900796       0.34449273598939278        2.0495982094552709     
  0.35999999999999999       0.90921345066271009       0.32679954520123383        2.0495982094552709     
  0.34000000000000002       0.91859110347482154       0.30910844191831666        2.0495982094552709     
  0.32000000000000001       0.92799007642010289       0.29091227966711625        2.0495982094552709     
  0.29999999999999999       0.93635046024086277       0.27271751949022865        2.0495982094552709     
  0.28000000000000003       0.94472943586241875       0.25407674959913290        2.0495982094552709     
  0.26000000000000001       0.95204146033083303       0.23543686166646788        2.0495982094552709     
  0.23999999999999999       0.95936933355096021       0.21641163502934363        2.0495982094552709     
  0.22000000000000000       0.96560552261156984       0.19738691511707929        2.0495982094552709     
  0.20000000000000001       0.97185482684558033       0.17803892765532586        2.0495982094552709     
  0.17999999999999999       0.97699144366723778       0.15869119468416498        2.0495982094552709     
  0.16000000000000000       0.98213847423292477       0.13908343835122799        2.0495982094552709     
  0.14000000000000001       0.98615563054928701       0.11947578416643678        2.0495982094552709     
  0.12000000000000000       0.99018055230313851        9.9672292129132645E-002   2.0495982094552709     
  0.10000000000000001       0.99306230161755649        7.9868825691828488E-002   2.0495982094552709     
   8.0000000000000002E-002  0.99594924028468734        5.9934412845914248E-002   2.0495982094552709     
   5.9999999999999998E-002  0.99768365445597940        4.0000000000000001E-002   2.0495982094552709     
   4.0000000000000001E-002  0.99942077119776362        2.0000000000000000E-002   2.0495982094552709     
   2.0000000000000000E-002   1.0000000000000000        0.0000000000000000        2.0495982094552709     
   0.0000000000000000        1.0000000000000000        0.0000000000000000        2.0495982094552709     
