   12.500000000000000        0.0000000000000000        0.0000000000000000        2.0495840377650492     
   12.480000000000000       -6.8230801425356010E-003  -5.7520549697753436E-002   2.0495840377650492     
   12.460000000000001       -8.4123141662579889E-003  -2.7622658423920893E-002   2.0495840377650492     
   12.440000000000000       -8.9907698763274767E-003  -2.6616970713495065E-002   2.0495840377650492     
   12.420000000000000       -9.7962194723891505E-003  -2.6078268317793953E-002   2.0495840377650492     
   12.400000000000000       -1.0350688627969838E-002  -2.4994368749119145E-002   2.0495840377650492     
   12.380000000000001       -1.1104935985564581E-002  -2.4394889810007460E-002   2.0495840377650492     
   12.359999999999999       -1.1632091292003906E-002  -2.3238544972750033E-002   2.0495840377650492     
   12.340000000000000       -1.2331152316385093E-002  -2.2582590557455925E-002   2.0495840377650492     
   12.320000000000000       -1.2827842991611308E-002  -2.1360053770062313E-002   2.0495840377650492     
   12.300000000000001       -1.3468006198535554E-002  -2.0652353250091980E-002   2.0495840377650492     
   12.280000000000001       -1.3931281635991707E-002  -1.9370331323493646E-002   2.0495840377650492     
   12.260000000000000       -1.4509134042623668E-002  -1.8616013426416316E-002   2.0495840377650492     
   12.240000000000000       -1.4936266378491520E-002  -1.7281630349302347E-002   2.0495840377650492     
   12.220000000000001       -1.5448717937118005E-002  -1.6486191343214978E-002   2.0495840377650492     
   12.200000000000001       -1.5837223371389330E-002  -1.5106949088034411E-002   2.0495840377650492     
   12.180000000000000       -1.6281529775273803E-002  -1.4276218284825240E-002   2.0495840377650492     
   12.160000000000000       -1.6629188502564007E-002  -1.2859954953002134E-002   2.0495840377650492     
   12.140000000000001       -1.7002972201857310E-002  -1.2000057735217947E-002   2.0495840377650492     
   12.120000000000001       -1.7307846814806137E-002  -1.0554903278024384E-002   2.0495840377650492     
   12.100000000000000       -1.7609116090151734E-002  -9.6722218715779747E-003   2.0495840377650492     
   12.080000000000000       -1.7869568325825546E-002  -8.2065516396044504E-003   2.0495840377650492     
   12.060000000000000       -1.8096734278095002E-002  -7.3076838706627413E-003   2.0495840377650492     
   12.040000000000001       -1.8311439985945192E-002  -5.8300702597581895E-003   2.0495840377650492     
   12.020000000000000       -1.8463331312316134E-002  -4.9217865488009405E-003   2.0495840377650492     
   12.000000000000000       -1.8631293530981061E-002  -3.4409490236530166E-003   2.0495840377650492     
   11.980000000000000       -1.8707168970209156E-002  -2.5301478827767475E-003   2.0495840377650492     
   11.960000000000001       -1.8827729009746458E-002  -1.0549016709083983E-003   2.0495840377650492     
   11.940000000000000       -1.8827287352932182E-002  -1.4856398194813695E-004   2.0495840377650492     
   11.920000000000000       -1.8900133788953763E-002   1.3122322592475527E-003   2.0495840377650492     
   11.900000000000000       -1.8823521366185501E-002   2.2070898984541364E-003   2.0495840377650492     
   11.880000000000001       -1.8848696862842559E-002   3.6445871309350253E-003   2.0495840377650492     
   11.859999999999999       -1.8696512430784407E-002   4.5209596967814639E-003   2.0495840377650492     
   11.840000000000000       -1.8674418320618620E-002   5.9263719503594749E-003   2.0495840377650492     
   11.820000000000000       -1.8447715291251415E-002   6.7773136186345118E-003   2.0495840377650492     
   11.800000000000001       -1.8379113851595189E-002   8.1419715173516004E-003   2.0495840377650492     
   11.779999999999999       -1.8079399817823107E-002   8.9606433173835837E-003   2.0495840377650492     
   11.760000000000000       -1.7965414195723166E-002   1.0276047359721922E-002   2.0495840377650492     
   11.740000000000000       -1.7594647725370657E-002   1.1055764549056579E-002   2.0495840377650492     
   11.720000000000001       -1.7436759475872934E-002   1.2313637817164179E-002   2.0495840377650492     
   11.700000000000001       -1.6997344161555974E-002   1.3047916667699201E-002   2.0495840377650492     
   11.680000000000000       -1.6797388377662592E-002   1.4240256641857182E-002   2.0495840377650492     
   11.660000000000000       -1.6292164146138197E-002   1.4922860329630087E-002   2.0495840377650492     
   11.640000000000001       -1.6052322172787851E-002   1.6041989487049428E-002   2.0495840377650492     
   11.620000000000001       -1.5484553873482149E-002   1.6666972781053203E-002   2.0495840377650492     
   11.600000000000000       -1.5207343612444375E-002   1.7705587662757146E-002   2.0495840377650492     
   11.580000000000000       -1.4580706920980152E-002   1.8267340113194280E-002   2.0495840377650492     
   11.560000000000000       -1.4268970748595285E-002   1.9218558549224243E-002   2.0495840377650492     
   11.540000000000001       -1.3587535437100094E-002   1.9711845882546965E-002   2.0495840377650492     
   11.520000000000000       -1.3244425772217927E-002   2.0569252073969709E-002   2.0495840377650492     
   11.500000000000000       -1.2512636414037243E-002   2.0989255510815184E-002   2.0495840377650492     
   11.480000000000000       -1.2141598989259711E-002   2.1746942677027398E-002   2.0495840377650492     
   11.460000000000001       -1.1364253181288626E-002   2.2089295899748677E-002   2.0495840377650492     
   11.440000000000000       -1.0969008086579144E-002   2.2741906211319038E-002   2.0495840377650492     
   11.420000000000000       -1.0151232287752603E-002   2.3002729720152593E-002   2.0495840377650492     
   11.400000000000000       -9.7357528715376652E-003   2.3545491250913705E-002   2.0495840377650492     
   11.380000000000001       -8.8829759709999918E-003   2.3721423861918018E-002   2.0495840377650492     
   11.359999999999999       -8.4514656998965400E-003   2.4150184309139202E-002   2.0495840377650492     
   11.340000000000000       -7.5693904429645267E-003   2.4238411562771907E-002   2.0495840377650492     
   11.320000000000000       -7.1262578371275500E-003   2.4549668501033569E-002   2.0495840377650492     
   11.300000000000001       -6.2208302512780991E-003   2.4547947767575271E-002   2.0495840377650492     
   11.279999999999999       -5.7706620278456045E-003   2.4738875220307262E-002   2.0495840377650492     
   11.260000000000000       -4.8480390045795062E-003   2.4645557307192267E-002   2.0495840377650492     
   11.240000000000000       -4.3955715767141929E-003   2.4714028439726064E-002   2.0495840377650492     
   11.220000000000001       -3.4620867781519835E-003   2.4528075526123044E-002   2.0495840377650492     
   11.200000000000001       -3.0121762715118422E-003   2.4472681285434738E-002   2.0495840377650492     
   11.180000000000000       -2.0743045429232609E-003   2.4193681031020240E-002   2.0495840377650492     
   11.160000000000000       -1.6318955049201200E-003   2.4013744580033549E-002   2.0495840377650492     
   11.140000000000001       -6.9621598598032909E-004   2.3641920277726092E-002   2.0495840377650492     
   11.120000000000001       -2.6630897569012726E-004   2.3337507096008136E-002   2.0495840377650492     
   11.100000000000000        6.6053288597399222E-004   2.2873723762327117E-002   2.0495840377650492     
   11.080000000000000        1.0729146279922549E-003   2.2445647310111422E-002   2.0495840377650492     
   11.060000000000000        1.9842459475866176E-003   2.1891413631697089E-002   2.0495840377650492     
   11.040000000000001        2.3740905402266149E-003   2.1341236500292644E-002   2.0495840377650492     
   11.020000000000000        3.2632505286983187E-003   2.0698702580777661E-002   2.0495840377650492     
   11.000000000000000        3.6255919840058829E-003   2.0028733079425331E-002   2.0495840377650492     
   10.980000000000000        4.4859719131753618E-003   1.9300683957178169E-002   2.0495840377650492     
   10.960000000000001        4.8159249376782476E-003   1.8513968114109207E-002   2.0495840377650492     
   10.940000000000000        5.6410083012112151E-003   1.7703813048169495E-002   2.0495840377650492     
   10.920000000000000        5.9338031342560157E-003   1.6804122031880319E-002   2.0495840377650492     
   10.900000000000000        6.7172057629074043E-003   1.5915879580526454E-002   2.0495840377650492     
   10.880000000000001        6.9682228175826106E-003   1.4907692575863541E-002   2.0495840377650492     
   10.859999999999999        7.7037327033621277E-003   1.3945971519508934E-002   2.0495840377650492     
   10.840000000000000        7.9085367735434904E-003   1.2834454121912864E-002   2.0495840377650492     
   10.820000000000000        8.5901533551396778E-003   1.1804430309232309E-002   2.0495840377650492     
   10.800000000000001        8.7445271519307616E-003   1.0595408529183930E-002   2.0495840377650492     
   10.779999999999999        9.3664998129892041E-003   9.5027977523404160E-003   2.0495840377650492     
   10.760000000000000        9.4664765953474811E-003   8.2027277504976345E-003   2.0495840377650492     
   10.740000000000000        1.0023342128050708E-002   7.0537547818898165E-003   2.0495840377650492     
   10.720000000000001        1.0065237195687922E-002   5.6696884833554286E-003   2.0495840377650492     
   10.700000000000001        1.0551855984617890E-002   4.4710524322493315E-003   2.0495840377650492     
   10.680000000000000        1.0532296806262801E-002   3.0105991957162063E-003   2.0495840377650492     
   10.660000000000000        1.0943887491753150E-002   1.7694353682682603E-003   2.0495840377650492     
   10.640000000000001        1.0859842248566783E-002   2.4071991216723576E-004   2.0495840377650492     
   10.620000000000001        1.1192014634693803E-002  -1.0354416174614490E-003   2.0495840377650492     
   10.600000000000000        1.1040818966885869E-002  -2.6238248043702387E-003   2.0495840377650492     
   10.580000000000000        1.1289604946903274E-002  -3.9271036810636832E-003   2.0495840377650492     
   10.560000000000000        1.1068986701394848E-002  -5.5661391931936645E-003   2.0495840377650492     
   10.540000000000001        1.1230868982760864E-002  -6.8883520736034987E-003   2.0495840377650492     
   10.520000000000000        1.0938970770918606E-002  -8.5686554321092873E-003   2.0495840377650492     
   10.500000000000000        1.1010909193068047E-002  -9.9013658102479717E-003   2.0495840377650492     
   10.480000000000000        1.0646308580014818E-002  -1.1613238001700995E-002   2.0495840377650492     
   10.460000000000001        1.0625763830612530E-002  -1.2947808275893766E-002   2.0495840377650492     
   10.440000000000000        1.0187490991283511E-002  -1.4681292671935018E-002   2.0495840377650492     
   10.420000000000000        1.0072445540803186E-002  -1.6008938144606466E-002   2.0495840377650492     
   10.400000000000000        9.5599982326471083E-003  -1.7753879471217402E-002   2.0495840377650492     
   10.380000000000001        9.3489743226338202E-003  -1.9065723957815889E-002   2.0495840377650492     
   10.359999999999999        8.7623300405354539E-003  -2.0811828967610330E-002   2.0495840377650492     
   10.340000000000000        8.4544045777432044E-003  -2.2098961677708678E-002   2.0495840377650492     
   10.320000000000000        7.7940297732529140E-003  -2.3835861165552266E-002   2.0495840377650492     
   10.300000000000001        7.3888459998513404E-003  -2.5089394507934886E-002   2.0495840377650492     
   10.279999999999999        6.6557022640557914E-003  -2.6806706299309587E-002   2.0495840377650492     
   10.260000000000000        6.1534780931546788E-003  -2.8017834253672356E-002   2.0495840377650492     
   10.240000000000000        5.3490252203824348E-003  -2.9705226786554829E-002   2.0495840377650492     
   10.220000000000001        4.7505581460782677E-003  -3.0865283477437711E-002   2.0495840377650492     
   10.200000000000001        3.8767540140268605E-003  -3.2512539592142516E-002   2.0495840377650492     
   10.180000000000000        3.1834225258726705E-003  -3.3613057695869628E-002   2.0495840377650492     
   10.160000000000000        2.2427197465674938E-003  -3.5210138243299986E-002   2.0495840377650492     
   10.140000000000001        1.4564811996742601E-003  -3.6242906856092001E-002   2.0495840377650492     
   10.120000000000001        4.5182051485203331E-004  -3.7780013733189996E-002   2.0495840377650492     
   10.100000000000000       -4.2479457145263872E-004  -3.8737135328232711E-002   2.0495840377650492     
   10.080000000000000       -1.4899941575000353E-003  -4.0204773550119983E-002   2.0495840377650492     
   10.060000000000000       -2.4538913774965381E-003  -4.1078719653247990E-002   2.0495840377650492     
   10.040000000000001       -3.5757457149328750E-003  -4.2467758074553857E-002   2.0495840377650492     
   10.020000000000000       -4.6232796137212658E-003  -4.3251423292342300E-002   2.0495840377650492     
   10.000000000000000       -5.7974557415814637E-003  -4.4553153595553688E-002   2.0495840377650492     
   9.9800000000000004       -6.9244461724501105E-003  -4.5239907635966074E-002   2.0495840377650492     
   9.9600000000000009       -8.1461818181823610E-003  -4.6446101212225373E-002   2.0495840377650492     
   9.9399999999999995       -9.3479337589253454E-003  -4.7029838546563715E-002   2.0495840377650492     
   9.9199999999999999       -1.0612059930991343E-002  -4.8132800904167009E-002   2.0495840377650492     
   9.9000000000000004       -1.1883386676283688E-002  -4.8607987729839368E-002   2.0495840377650492     
   9.8800000000000008       -1.3184353258038146E-002  -4.9600610077695700E-002   2.0495840377650492     
   9.8599999999999994       -1.4519602883699375E-002  -4.9962328254241718E-002   2.0495840377650492     
   9.8399999999999999       -1.5851507117244142E-002  -5.0838135921672044E-002   2.0495840377650492     
   9.8200000000000003       -1.7244592091482866E-002  -5.1082123567528427E-002   2.0495840377650492     
   9.8000000000000007       -1.8601209820935157E-002  -5.1835320937972787E-002   2.0495840377650492     
   9.7799999999999994       -2.0045639617547458E-002  -5.1958009392510635E-002   2.0495840377650492     
   9.7599999999999998       -2.1420459142250898E-002  -5.2583521046872653E-002   2.0495840377650492     
   9.7400000000000002       -2.2909375691382829E-002  -5.2582067921293989E-002   2.0495840377650492     
   9.7200000000000006       -2.4295634061154911E-002  -5.3075575706737252E-002   2.0495840377650492     
   9.7000000000000011       -2.5821849854683505E-002  -5.2947893768341053E-002   2.0495840377650492     
   9.6799999999999997       -2.7212571421314929E-002  -5.3305869530238283E-002   2.0495840377650492     
   9.6600000000000001       -2.8768610072271904E-002  -5.3050651187305370E-002   2.0495840377650492     
   9.6400000000000006       -3.0156647094321302E-002  -5.3270384925673708E-002   2.0495840377650492     
   9.6200000000000010       -3.1734786133138723E-002  -5.2887122104642352E-002   2.0495840377650492     
   9.5999999999999996       -3.3112861214699141E-002  -5.2966745341652188E-002   2.0495840377650492     
   9.5800000000000001       -3.4705176889479779E-002  -5.2455744574260520E-002   2.0495840377650492     
   9.5600000000000005       -3.6065927018179747E-002  -5.2394248746167625E-002   2.0495840377650492     
   9.5400000000000009       -3.7664340851764948E-002  -5.1756641311696001E-002   2.0495840377650492     
   9.5199999999999996       -3.9000362786946130E-002  -5.1553891026715419E-002   2.0495840377650492     
   9.5000000000000000       -4.0596689630324562E-002  -5.0791638023241062E-002   2.0495840377650492     
   9.4800000000000004       -4.1900586379232989E-002  -5.0448379056282744E-002   2.0495840377650492     
   9.4600000000000009       -4.3486583688885437E-002  -4.9564271304760932E-002   2.0495840377650492     
   9.4399999999999995       -4.4751011796976485E-002  -4.9082133230507134E-002   2.0495840377650492     
   9.4199999999999999       -4.6318429853166407E-002  -4.8079785946426902E-002   2.0495840377650492     
   9.4000000000000004       -4.7536147224387454E-002  -4.7461279343696122E-002   2.0495840377650492     
   9.3800000000000008       -4.9076779998210994E-002  -4.6345121542772580E-002   2.0495840377650492     
   9.3599999999999994       -5.0240693952509921E-002  -4.5593629735416925E-002   2.0495840377650492     
   9.3399999999999999       -5.1746430321829712E-002  -4.4368888372139592E-002   2.0495840377650492     
   9.3200000000000003       -5.2849645590272352E-002  -4.3488653704603003E-002   2.0495840377650492     
   9.3000000000000007       -5.4312520598510265E-002  -4.2161332575228985E-002   2.0495840377650492     
   9.2799999999999994       -5.5348386951370600E-002  -4.1157437254217645E-002   2.0495840377650492     
   9.2599999999999998       -5.6760632798604799E-002  -3.9734290728804474E-002   2.0495840377650492     
   9.2400000000000002       -5.7722791998721282E-002  -3.8612632296046591E-002   2.0495840377650492     
   9.2200000000000006       -5.9076888451688500E-002  -3.7101133977111386E-002   2.0495840377650492     
   9.2000000000000011       -5.9959320224317901E-002  -3.5868395511734451E-002   2.0495840377650492     
   9.1799999999999997       -6.1248044130811349E-002  -3.4276701949934478E-002   2.0495840377650492     
   9.1600000000000001       -6.2045110842229106E-002  -3.2940317132335861E-002   2.0495840377650492     
   9.1400000000000006       -6.3261584436092602E-002  -3.1277226761914197E-002   2.0495840377650492     
   9.1200000000000010       -6.3968074176295006E-002  -2.9845339963916719E-002   2.0495840377650492     
   9.0999999999999996       -6.5105811861744398E-002  -2.8120247452385436E-002   2.0495840377650492     
   9.0800000000000001       -6.5716979631850136E-002  -2.6601669050760567E-002   2.0495840377650492     
   9.0600000000000005       -6.6769932940310681E-002  -2.4824515288135784E-002   2.0495840377650492     
   9.0400000000000009       -6.7281539652579658E-002  -2.3228672429976178E-002   2.0495840377650492     
   9.0199999999999996       -6.8244140071583345E-002  -2.1409890412651542E-002   2.0495840377650492     
   9.0000000000000000       -6.8652489079386855E-002  -1.9746773491420407E-002   2.0495840377650492     
   8.9800000000000004       -6.9519688461392587E-002  -1.7897230384244400E-002   2.0495840377650492     
   8.9600000000000009       -6.9821659347887144E-002  -1.6177335514347291E-002   2.0495840377650492     
   8.9399999999999995       -7.0588967617153150E-002  -1.4308271201473769E-002   2.0495840377650492     
   8.9199999999999999       -7.0782046984773819E-002  -1.2542539006727232E-002   2.0495840377650492     
   8.9000000000000004       -7.1445566872626529E-002  -1.0665501467131742E-002   2.0495840377650492     
   8.8800000000000008       -7.1527875890739043E-002  -8.8652525243159679E-003   2.0495840377650492     
   8.8599999999999994       -7.2084334443718048E-002  -6.9920303913523678E-003   2.0495840377650492     
   8.8399999999999999       -7.2054652928732754E-002  -5.1688976939726914E-003   2.0495840377650492     
   8.8200000000000003       -7.2501429550105675E-002  -3.3114503798187677E-003   2.0495840377650492     
   8.8000000000000007       -7.2359216370947582E-002  -1.4773092090551911E-003   2.0495840377650492     
   8.7799999999999994       -7.2694367173929381E-002   3.5230500578666436E-004   2.0495840377650492     
   8.7599999999999998       -7.2439776795840113E-002   2.1854093963080616E-003   2.0495840377650492     
   8.7400000000000002       -7.2662055066424494E-002   3.9751068912559067E-003   2.0495840377650492     
   8.7200000000000006       -7.2295950067517586E-002   5.7950333529478860E-003   2.0495840377650492     
   8.7000000000000011       -7.2404822656056467E-002   7.5327798814969257E-003   2.0495840377650492     
   8.6799999999999997       -7.1928782073697642E-002   9.3273667718302838E-003   2.0495840377650492     
   8.6600000000000001       -7.1924441557114735E-002   1.1001252917652379E-002   2.0495840377650492     
   8.6400000000000006       -7.1340764944910692E-002   1.2758394373762836E-002   2.0495840377650492     
   8.6200000000000010       -7.1224137425588113E-002   1.4356711295227968E-002   2.0495840377650492     
   8.5999999999999996       -7.0535844526406044E-002   1.6064433919615179E-002   2.0495840377650492     
   8.5800000000000001       -7.0308592959183375E-002   1.7575748922306667E-002   2.0495840377650492     
   8.5600000000000005       -6.9519418925016924E-002   1.9222288413326703E-002   2.0495840377650492     
   8.5400000000000009       -6.9183941890236467E-002   2.0635519885910197E-002   2.0495840377650492     
   8.5199999999999996       -6.8298328005757261E-002   2.2209397141737787E-002   2.0495840377650492     
   8.5000000000000000       -6.7857753873688448E-002   2.3513888389072892E-002   2.0495840377650492     
   8.4800000000000004       -6.6880833766825021E-002   2.5003984612614785E-002   2.0495840377650492     
   8.4600000000000009       -6.6339010226942718E-002   2.6189576121271242E-002   2.0495840377650492     
   8.4399999999999995       -6.5276591576676035E-002   2.7585206455151133E-002   2.0495840377650492     
   8.4199999999999999       -6.4638070533937039E-002   2.8642306130530523E-002   2.0495840377650492     
   8.4000000000000004       -6.3496612312547301E-002   2.9933291355731105E-002   2.0495840377650492     
   8.3800000000000008       -6.2766630181820868E-002   3.0852942276792281E-002   2.0495840377650492     
   8.3599999999999994       -6.1553215495960018E-002   3.2029678115836187E-002   2.0495840377650492     
   8.3399999999999999       -6.0737668954930948E-002   3.2803623362945934E-002   2.0495840377650492     
   8.3200000000000003       -5.9459973576956170E-002   3.3857146938566410E-002   2.0495840377650492     
   8.3000000000000007       -5.8565390866904966E-002   3.4477891062226991E-002   2.0495840377650492     
   8.2799999999999994       -5.7231647574824275E-002   3.5399944075301629E-002   2.0495840377650492     
   8.2599999999999998       -5.6265155467523732E-002   3.5860810788404279E-002   2.0495840377650492     
   8.2400000000000002       -5.4884114338479457E-002   3.6643898994414281E-002   2.0495840377650492     
   8.2200000000000006       -5.3853400915830713E-002   3.6939084688156668E-002   2.0495840377650492     
   8.1999999999999993       -5.2434285744225415E-002   3.7576533269553139E-002   2.0495840377650492     
   8.1799999999999997       -5.1347559164979295E-002   3.7701155973186670E-002   2.0495840377650492     
   8.1600000000000001       -4.9900020201937574E-002   3.8187160425678518E-002   2.0495840377650492     
   8.1400000000000006       -4.8765963656764853E-002   3.8137303852744872E-002   2.0495840377650492     
   8.1200000000000010       -4.7300026892549918E-002   3.8466976026592527E-002   2.0495840377650492     
   8.0999999999999996       -4.6127749974616841E-002   3.8239728375139885E-002   2.0495840377650492     
   8.0800000000000001       -4.4653763209705544E-002   3.8409137337942698E-002   2.0495840377650492     
   8.0600000000000005       -4.3452749952662767E-002   3.8002624539332411E-002   2.0495840377650492     
   8.0400000000000009       -4.1981325926314615E-002   3.8008831954396069E-002   2.0495840377650492     
   8.0199999999999996       -4.0761379785020493E-002   3.7422245094527795E-002   2.0495840377650492     
   8.0000000000000000       -3.9303336652214069E-002   3.7263334838585453E-002   2.0495840377650492     
   7.9800000000000004       -3.8074522723489469E-002   3.6496951506631306E-002   2.0495840377650492     
   7.9600000000000000       -3.6640822191870592E-002   3.6172053282312676E-002   2.0495840377650492     
   7.9400000000000004       -3.5413406992944707E-002   3.5227252635123843E-002   2.0495840377650492     
   7.9199999999999999       -3.4015090450835263E-002   3.4736559366954710E-002   2.0495840377650492     
   7.9000000000000004       -3.2799479591823173E-002   3.3615830732121744E-002   2.0495840377650492     
   7.8799999999999999       -3.1447602576179803E-002   3.2960609569871936E-002   2.0495840377650492     
   7.8600000000000003       -3.0254276679774844E-002   3.1667554446704445E-002   2.0495840377650492     
   7.8399999999999999       -2.8959842049142322E-002   3.0850151236327911E-002   2.0495840377650492     
   7.8200000000000003       -2.7799291285653737E-002   2.9389478591682717E-002   2.0495840377650492     
   7.7999999999999998       -2.6573181477478249E-002   2.8413315711814470E-002   2.0495840377650492     
   7.7800000000000002       -2.5455839096282386E-002   2.6790830506455865E-002   2.0495840377650492     
   7.7599999999999998       -2.4308747860286233E-002   2.5660398007158216E-002   2.0495840377650492     
   7.7400000000000002       -2.3244923109629372E-002   2.3882982928014600E-002   2.0495840377650492     
   7.7199999999999998       -2.2187287119162437E-002   2.2603822948060161E-002   2.0495840377650492     
   7.7000000000000002       -2.1187097954978494E-002   2.0679413362105062E-002   2.0495840377650492     
   7.6799999999999997       -2.0229028706237794E-002   1.9258097841245492E-002   2.0495840377650492     
   7.6600000000000001       -1.9302334697165146E-002   1.7195650027548498E-002   2.0495840377650492     
   7.6400000000000006       -1.8453551111791817E-002   1.5639751770818357E-002   2.0495840377650492     
   7.6200000000000001       -1.7609886951856321E-002   1.3449204528306856E-002   2.0495840377650492     
   7.6000000000000005       -1.6879649101574849E-002   1.1767261720091553E-002   2.0495840377650492     
   7.5800000000000001       -1.6128159143979161E-002   9.4594914895372792E-003   2.0495840377650492     
   7.5600000000000005       -1.5525203516563581E-002   7.6609657957584535E-003   2.0495840377650492     
   7.5400000000000000       -1.4874577741683936E-002   5.2477354751364518E-003   2.0495840377650492     
   7.5200000000000005       -1.4407054465552330E-002   3.3429639121449715E-003   2.0495840377650492     
   7.5000000000000000       -1.3865466293552394E-002   8.3686558460490616E-004   2.0495840377650492     
   7.4800000000000004       -1.3540878733661164E-002  -1.1629936269770746E-003   2.0495840377650492     
   7.4600000000000000       -1.3115925087056508E-002  -3.7486017940498093E-003   2.0495840377650492     
   7.4400000000000004       -1.2941072217480087E-002  -5.8316291335142670E-003   2.0495840377650492     
   7.4199999999999999       -1.2639716231561049E-002  -8.4826915217047164E-003   2.0495840377650492     
   7.4000000000000004       -1.2620638180180908E-002  -1.0636271535766465E-002   2.0495840377650492     
   7.3799999999999999       -1.2449154949355654E-002  -1.3338108907638143E-002   2.0495840377650492     
   7.3600000000000003       -1.2591082097509565E-002  -1.5549000710250137E-002   2.0495840377650492     
   7.3399999999999999       -1.2555007833470997E-002  -1.8286388871448199E-002   2.0495840377650492     
   7.3200000000000003       -1.2862313838239867E-002  -2.0540801410161496E-002   2.0495840377650492     
   7.2999999999999998       -1.2966398801289365E-002  -2.3298054299489470E-002   2.0495840377650492     
   7.2800000000000002       -1.3442557890424117E-002  -2.5581725989715951E-002   2.0495840377650492     
   7.2599999999999998       -1.3690723438457871E-002  -2.8342782763680296E-002   2.0495840377650492     
   7.2400000000000002       -1.4338272307859980E-002  -3.0641065061340501E-002   2.0495840377650492     
   7.2199999999999998       -1.4733572388385983E-002  -3.3389580710534765E-002   2.0495840377650492     
   7.2000000000000002       -1.5554077009656648E-002  -3.5687525164991199E-002   2.0495840377650492     
   7.1799999999999997       -1.6098664398876271E-002  -3.8406964173008193E-002   2.0495840377650492     
   7.1600000000000001       -1.7092692019882116E-002  -4.0689412476012092E-002   2.0495840377650492     
   7.1400000000000006       -1.7787789589395971E-002  -4.3363145007513926E-002   2.0495840377650492     
   7.1200000000000001       -1.8954886184216129E-002  -4.5614821530395790E-002   2.0495840377650492     
   7.1000000000000005       -1.9800763450378060E-002  -4.8226221613699154E-002   2.0495840377650492     
   7.0800000000000001       -2.1139436846523075E-002  -5.0431827904272315E-002   2.0495840377650492     
   7.0600000000000005       -2.2135392029986344E-002  -5.2964373055463899E-002   2.0495840377650492     
   7.0400000000000000       -2.3643100910628691E-002  -5.5108683748327107E-002   2.0495840377650492     
   7.0200000000000005       -2.4787448704324467E-002  -5.7546055468616068E-002   2.0495840377650492     
   7.0000000000000000       -2.6460597651596095E-002  -5.9614015047792332E-002   2.0495840377650492     
   6.9800000000000004       -2.7750662864357786E-002  -6.1940199613677360E-002   2.0495840377650492     
   6.9600000000000000       -2.9584603576753753E-002  -6.3917019454949375E-002   2.0495840377650492     
   6.9400000000000004       -3.1016720787269265E-002  -6.6116408411869804E-002   2.0495840377650492     
   6.9199999999999999       -3.3005759570000182E-002  -6.7987663523857128E-002   2.0495840377650492     
   6.9000000000000004       -3.4575278891832394E-002  -7.0045153288409115E-002   2.0495840377650492     
   6.8799999999999999       -3.6712690483852152E-002  -7.1796878166427838E-002   2.0495840377650492     
   6.8600000000000003       -3.8413989507143913E-002  -7.3697968140001027E-002   2.0495840377650492     
   6.8399999999999999       -4.0692037272628587E-002  -7.5316751145128119E-002   2.0495840377650492     
   6.8200000000000003       -4.2518539211994964E-002  -7.7047639742980026E-002   2.0495840377650492     
   6.7999999999999998       -4.4928501687550387E-002  -7.8520715420524675E-002   2.0495840377650492     
   6.7800000000000002       -4.6872699728739468E-002  -8.0068393424878911E-002   2.0495840377650492     
   6.7599999999999998       -4.9404903480684471E-002  -8.1383732181666502E-002   2.0495840377650492     
   6.7400000000000002       -5.1458391281119661E-002  -8.2736072835417451E-002   2.0495840377650492     
   6.7199999999999998       -5.4102249990056903E-002  -8.3882467403908839E-002   2.0495840377650492     
   6.7000000000000002       -5.6255758250553213E-002  -8.5028312672873127E-002   2.0495840377650492     
   6.6799999999999997       -5.8999817903251262E-002  -8.5995460802148996E-002   2.0495840377650492     
   6.6600000000000001       -6.1243256890283489E-002  -8.6924703248559956E-002   2.0495840377650492     
   6.6400000000000006       -6.4075246921875731E-002  -8.7703286077569137E-002   2.0495840377650492     
   6.6200000000000001       -6.6397754782008905E-002  -8.8406945805547213E-002   2.0495840377650492     
   6.6000000000000005       -6.9304644974801391E-002  -8.8988701392679920E-002   2.0495840377650492     
   6.5800000000000001       -7.1694641645511842E-002  -8.9458997547720409E-002   2.0495840377650492     
   6.5600000000000005       -7.4662704554507811E-002  -8.9836789052647539E-002   2.0495840377650492     
   6.5400000000000000       -7.7107951038877395E-002  -9.0067205381638704E-002   2.0495840377650492     
   6.5200000000000005       -8.0122829678637791E-002  -9.0235083420400430E-002   2.0495840377650492     
   6.5000000000000000       -8.2610492415548173E-002  -9.0220427426235650E-002   2.0495840377650492     
   6.4800000000000004       -8.5657272908392798E-002  -9.0173686148601412E-002   2.0495840377650492     
   6.4600000000000000       -8.8173992935107012E-002  -8.9910141403967095E-002   2.0495840377650492     
   6.4400000000000004       -9.1237281787131946E-002  -8.9645367873067955E-002   2.0495840377650492     
   6.4199999999999999       -9.3769248357765012E-002  -8.9130539091355765E-002   2.0495840377650492     
   6.4000000000000004       -9.6833253996886401E-002  -8.8645655579318375E-002   2.0495840377650492     
   6.3799999999999999       -9.9366282288475521E-002  -8.7878606076662660E-002   2.0495840377650492     
   6.3600000000000003      -0.10241490046788279       -8.7172904926332589E-002   2.0495840377650492     
   6.3399999999999999      -0.10493451297576765       -8.6154186147380338E-002   2.0495840377650492     
   6.3200000000000003      -0.10795141561703170       -8.5228356889019974E-002   2.0495840377650492     
   6.2999999999999998      -0.11044292681325099       -8.3960029710001355E-002   2.0495840377650492     
   6.2800000000000002      -0.11341165383601240       -8.2816178162899018E-002   2.0495840377650492     
   6.2599999999999998      -0.11586025763861880       -8.1301825728698887E-002   2.0495840377650492     
   6.2400000000000002      -0.11876431129853228       -7.9943484860749980E-002   2.0495840377650492     
   6.2199999999999998      -0.12115517087627631       -7.8188216757771614E-002   2.0495840377650492     
   6.2000000000000002      -0.12397811210986900       -7.6620349121034589E-002   2.0495840377650492     
   6.1799999999999997      -0.12629645152577371       -7.4630796734477867E-002   2.0495840377650492     
   6.1600000000000001      -0.12902199778030618       -7.2859788341264164E-002   2.0495840377650492     
   6.1400000000000006      -0.13125319495938861       -7.0644091293744188E-002   2.0495840377650492     
   6.1200000000000001      -0.13386531896783213       -6.8677736845727602E-002   2.0495840377650492     
   6.1000000000000005      -0.13599499945873916       -6.6245520463715971E-002   2.0495840377650492     
   6.0800000000000001      -0.13847802840483941       -6.4092999895540070E-002   2.0495840377650492     
   6.0600000000000005      -0.14049215939256215       -6.1455343700621133E-002   2.0495840377650492     
   6.0400000000000000      -0.14283087389874305       -5.9127190049344906E-002   2.0495840377650492     
   6.0200000000000005      -0.14471585791596073       -5.6296587322455183E-002   2.0495840377650492     
   6.0000000000000000      -0.14689559027772686       -5.3804645984560535E-002   2.0495840377650492     
   5.9800000000000004      -0.14863835805574416       -5.0794954502968441E-002   2.0495840377650492     
   5.9600000000000000      -0.15064508914039262       -4.8152333991294538E-002   2.0495840377650492     
   5.9400000000000004      -0.15223319103716487       -4.4978718089727671E-002   2.0495840377650492     
   5.9199999999999999      -0.15405364526209830       -4.2199732453318185E-002   2.0495840377650492     
   5.9000000000000004      -0.15547534070450636       -3.8878596612083087E-002   2.0495840377650492     
   5.8799999999999999      -0.15709707851137861       -3.5978699732205563E-002   2.0495840377650492     
   5.8600000000000003      -0.15834142289173384       -3.2527613946054759E-002   2.0495840377650492     
   5.8399999999999999      -0.15975293013707959       -2.9523325971293170E-002   2.0495840377650492     
   5.8200000000000003      -0.16080985860984334       -2.5960943202856846E-002   2.0495840377650492     
   5.7999999999999998      -0.16200063230082104       -2.2869769434874579E-002   2.0495840377650492     
   5.7800000000000002      -0.16286103993467868       -1.9215735505389415E-002   2.0495840377650492     
   5.7599999999999998      -0.16382166975004547       -1.6056078094437980E-002   2.0495840377650492     
   5.7400000000000002      -0.16447748750278651       -1.2330934411970029E-002   2.0495840377650492     
   5.7199999999999998      -0.16519973255426831       -9.1219972671622088E-003   2.0495840377650492     
   5.7000000000000002      -0.16564399855333184       -5.3470768382347924E-003   2.0495840377650492     
   5.6799999999999997      -0.16612085886104069       -2.1087642017223679E-003   2.0495840377650492     
   5.6600000000000001      -0.16634778449107659        1.6939185840559780E-003   2.0495840377650492     
   5.6399999999999997      -0.16657356666852896        4.9411094077938368E-003   2.0495840377650492     
   5.6200000000000001      -0.16657859698880670        8.7489746891345008E-003   2.0495840377650492     
   5.6000000000000005      -0.16654897365827673        1.1984065918002114E-002   2.0495840377650492     
   5.5800000000000001      -0.16632884169719853        1.5774089399590567E-002   2.0495840377650492     
   5.5600000000000005      -0.16604090418448483        1.8975740104578927E-002   2.0495840377650492     
   5.5400000000000000      -0.16559367868574071        2.2724578615205961E-002   2.0495840377650492     
   5.5200000000000005      -0.16504598257477363        2.5871206194815723E-002   2.0495840377650492     
   5.5000000000000000      -0.16437110879969624        2.9555327127227055E-002   2.0495840377650492     
   5.4800000000000004      -0.16356371196159530        3.2625232292109438E-002   2.0495840377650492     
   5.4600000000000000      -0.16266204518495542        3.6221046256111243E-002   2.0495840377650492     
   5.4400000000000004      -0.16159653793296019        3.9192540862443698E-002   2.0495840377650492     
   5.4199999999999999      -0.16047036930463215        4.2676536856479673E-002   2.0495840377650492     
   5.4000000000000004      -0.15914989636558627        4.5528073902046037E-002   2.0495840377650492     
   5.3799999999999999      -0.15780297084808637        4.8876956285776416E-002   2.0495840377650492     
   5.3600000000000003      -0.15623224488260276        5.1587261361759208E-002   2.0495840377650492     
   5.3399999999999999      -0.15466977101430554        5.4778087893198074E-002   2.0495840377650492     
   5.3200000000000003      -0.15285507746119295        5.7326291367453083E-002   2.0495840377650492     
   5.2999999999999998      -0.15108372873688725        6.0336611553123247E-002   2.0495840377650492     
   5.2800000000000002      -0.14903292180256711        6.2702380747341191E-002   2.0495840377650492     
   5.2599999999999998      -0.14706082950674709        6.5510373742791991E-002   2.0495840377650492     
   5.2400000000000002      -0.14478331916709358        6.7674044356510601E-002   2.0495840377650492     
   5.2199999999999998      -0.14262005654077881        7.0258655647464807E-002   2.0495840377650492     
   5.2000000000000002      -0.14012678647070437        7.2201361676527617E-002   2.0495840377650492     
   5.1799999999999997      -0.13778334413944338        7.4542437767980710E-002   2.0495840377650492     
   5.1600000000000001      -0.13508676053449417        7.6246239163723417E-002   2.0495840377650492     
   5.1399999999999997      -0.13257551317328012        7.8324659505552660E-002   2.0495840377650492     
   5.1200000000000001      -0.12968952447717103        7.9772666823857710E-002   2.0495840377650492     
   5.1000000000000005      -0.12702418873706289        8.1570472206883196E-002   2.0495840377650492     
   5.0800000000000001      -0.12396411633926066        8.2746967503249377E-002   2.0495840377650492     
   5.0600000000000005      -0.12115970011025365        8.4247484169324302E-002   2.0495840377650492     
   5.0400000000000000      -0.11794222012815675        8.5138037407236716E-002   2.0495840377650492     
   5.0200000000000005      -0.11501496326306915        8.6325996130727806E-002   2.0495840377650492     
   5.0000000000000000      -0.11165803957378372        8.6917576385928411E-002   2.0495840377650492     
   4.9800000000000004      -0.10862534624827089        8.7779225801895011E-002   2.0495840377650492     
   4.9600000000000000      -0.10514815498519982        8.8060306564542931E-002   2.0495840377650492     
   4.9400000000000004      -0.10202851791922285        8.8583520040959068E-002   2.0495840377650492     
   4.9199999999999999       -9.8451363698433478E-002   8.8544177941103946E-002   2.0495840377650492     
   4.9000000000000004       -9.5264280514285246E-002   8.8718553318550941E-002   2.0495840377650492     
   4.8799999999999999       -9.1608504704643837E-002   8.8350559627724340E-002   2.0495840377650492     
   4.8600000000000003       -8.8374386745635858E-002   8.8167511179992206E-002   2.0495840377650492     
   4.8399999999999999       -8.4662268144763200E-002   8.7464415472958620E-002   2.0495840377650492     
   4.8200000000000003       -8.1402342126637342E-002   8.6917257475816440E-002   2.0495840377650492     
   4.7999999999999998       -7.7656990451602056E-002   8.5874462871515761E-002   2.0495840377650492     
   4.7800000000000002       -7.4393193365303936E-002   8.4958484204450971E-002   2.0495840377650492     
   4.7599999999999998       -7.0638436012362027E-002   8.3573313643691458E-002   2.0495840377650492     
   4.7400000000000002       -6.7393303741721602E-002   8.2285842890485683E-002   2.0495840377650492     
   4.7199999999999998       -6.3653566313128018E-002   8.0557595949952071E-002   2.0495840377650492     
   4.7000000000000002       -6.0450116473908987E-002   7.8898056508393058E-002   2.0495840377650492     
   4.6799999999999997       -5.6750297611570133E-002   7.6828056295724562E-002   2.0495840377650492     
   4.6600000000000001       -5.3611907159029998E-002   7.4798011054368549E-002   2.0495840377650492     
   4.6399999999999997       -4.9977248264337810E-002   7.2389640777317230E-002   2.0495840377650492     
   4.6200000000000001       -4.6927526454550658E-002   6.9992825967784986E-002   2.0495840377650492     
   4.6000000000000005       -4.3383476910839387E-002   6.7251554821486537E-002   2.0495840377650492     
   4.5800000000000001       -4.0446134236382540E-002   6.4493902708056286E-002   2.0495840377650492     
   4.5600000000000005       -3.7018212784885624E-002   6.1427300778050899E-002   2.0495840377650492     
   4.5400000000000000       -3.4216926537766902E-002   5.8316950902070806E-002   2.0495840377650492     
   4.5200000000000005       -3.0930579489441060E-002   5.4934692836570827E-002   2.0495840377650492     
   4.5000000000000000       -2.8288856633183861E-002   5.1481991591149683E-002   2.0495840377650492     
   4.4800000000000004       -2.5169313627105491E-002   4.7795848853928721E-002   2.0495840377650492     
   4.4600000000000000       -2.2710351685470264E-002   4.4013337224198534E-002   2.0495840377650492     
   4.4400000000000004       -1.9782479729438657E-002   4.0037158799050725E-002   2.0495840377650492     
   4.4199999999999999       -1.7529026421198166E-002   3.5939548164710289E-002   2.0495840377650492     
   4.4000000000000004       -1.4817182971543028E-002   3.1689229643375082E-002   2.0495840377650492     
   4.3799999999999999       -1.2791395338854029E-002   2.7293365602895282E-002   2.0495840377650492     
   4.3600000000000003       -1.0319281193964833E-002   2.2786806650360161E-002   2.0495840377650492     
   4.3399999999999999       -8.5425849861114154E-003   1.8111620889824424E-002   2.0495840377650492     
   4.3200000000000003       -6.3330977817874189E-003   1.3368671143626117E-002   2.0495840377650492     
   4.2999999999999998       -4.8260478662476985E-003   8.4351214373403864E-003   2.0495840377650492     
   4.2800000000000002       -2.9011369703833144E-003   3.4775149605962060E-003   2.0495840377650492     
   4.2599999999999998       -1.6832795492719701E-003  -1.6914865450296558E-003   2.0495840377650492     
   4.2400000000000002       -6.3803158565272321E-005  -6.8402080740420871E-003   2.0495840377650492     
   4.2199999999999998        8.4645942958063813E-004  -1.2219878077610640E-002   2.0495840377650492     
   4.2000000000000002        2.1408741874416048E-003  -1.7534453193727807E-002   2.0495840377650492     
   4.1799999999999997        2.7264153028242468E-003  -2.3098231677532541E-002   2.0495840377650492     
   4.1600000000000001        3.6775084617003328E-003  -2.8551777667173567E-002   2.0495840377650492     
   4.1399999999999997        3.9226048641395530E-003  -3.4271433215171447E-002   2.0495840377650492     
   4.1200000000000001        4.5136151150821750E-003  -3.9835554996317968E-002   2.0495840377650492     
   4.0999999999999996        4.4040697700450876E-003  -4.5681300587535681E-002   2.0495840377650492     
   4.0800000000000001        4.6198605811055907E-003  -5.1326209502917108E-002   2.0495840377650492     
   4.0600000000000005        4.1431198251428297E-003  -5.7266828316422200E-002   2.0495840377650492     
   4.0400000000000000        3.9702994235991168E-003  -6.2961470353718463E-002   2.0495840377650492     
   4.0200000000000005        3.1155637624091523E-003  -6.8964451063216928E-002   2.0495840377650492     
   4.0000000000000000        2.5425982392697165E-003  -7.4676643960275277E-002   2.0495840377650492     
   3.9800000000000000        1.3009260745866559E-003  -8.0708324940600026E-002   2.0495840377650492     
   3.9600000000000000        3.1824489724391900E-004  -8.6404903580233075E-002   2.0495840377650492     
   3.9399999999999999       -1.3173514942704527E-003  -9.2430625394762919E-002   2.0495840377650492     
   3.9199999999999999       -2.7172582451552626E-003  -9.8077594842962967E-002   2.0495840377650492     
   3.8999999999999999       -4.7517251270216389E-003 -0.10406186033068682        2.0495840377650492     
   3.8799999999999999       -6.5742184459680079E-003 -0.10962455582433860        2.0495840377650492     
   3.8599999999999999       -9.0103820423924619E-003 -0.11553119705812444        2.0495840377650492     
   3.8399999999999999       -1.1258595224204089E-002 -0.12097445020378957        2.0495840377650492     
   3.8200000000000003       -1.4097092719177345E-002 -0.12676680154770170        2.0495840377650492     
   3.8000000000000003       -1.6771862690001867E-002 -0.13205511195207056        2.0495840377650492     
   3.7800000000000002       -2.0011083336473515E-002 -0.13769618840556128        2.0495840377650492     
   3.7600000000000002       -2.3110892614637765E-002 -0.14279389992089528        2.0495840377650492     
   3.7400000000000002       -2.6746929440225400E-002 -0.14824657990157544        2.0495840377650492     
   3.7200000000000002       -3.0267859201876284E-002 -0.15311806063619018        2.0495840377650492     
   3.7000000000000002       -3.4294471749400868E-002 -0.15834527232090670        2.0495840377650492     
   3.6800000000000002       -3.8230166422184242E-002 -0.16295509753558346        2.0495840377650492     
   3.6600000000000001       -4.2638754912166676E-002 -0.16792000785183478        2.0495840377650492     
   3.6400000000000001       -4.6980398665651603E-002 -0.17223314483824215        2.0495840377650492     
   3.6200000000000001       -5.1759989914031156E-002 -0.17689935017475669        2.0495840377650492     
   3.6000000000000001       -5.6496295358567018E-002 -0.18088134419162477        2.0495840377650492     
   3.5800000000000001       -6.1633540726466651E-002 -0.18521306187831282        2.0495840377650492     
   3.5600000000000001       -6.6750750072985976E-002 -0.18883022220536705        2.0495840377650492     
   3.5400000000000000       -7.2229935666652131E-002 -0.19279248179897948        2.0495840377650492     
   3.5200000000000000       -7.7711834538870581E-002 -0.19601206695765180        2.0495840377650492     
   3.5000000000000000       -8.3514903817169792E-002 -0.19957090036042197        2.0495840377650492     
   3.4800000000000000       -8.9342847844980783E-002 -0.20236130154415755        2.0495840377650492     
   3.4600000000000000       -9.5449436729363013E-002 -0.20548393097856510        2.0495840377650492     
   3.4399999999999999      -0.10160239098830812      -0.20781485273423214        2.0495840377650492     
   3.4199999999999999      -0.10798987550621365      -0.21046987559782199        2.0495840377650492     
   3.3999999999999999      -0.11444446680299106      -0.21231251280336352        2.0495840377650492     
   3.3799999999999999      -0.12108802323061238      -0.21447008243336937        2.0495840377650492     
   3.3599999999999999      -0.12781860516902649      -0.21579729262539507        2.0495840377650492     
   3.3399999999999999      -0.13469128257348259      -0.21742929401370908        2.0495840377650492     
   3.3200000000000003      -0.14167001326927506      -0.21821576413226290        2.0495840377650492     
   3.3000000000000003      -0.14874281828394281      -0.21929598364710573        2.0495840377650492     
   3.2800000000000002      -0.15593975053095468      -0.21951839028329775        2.0495840377650492     
   3.2600000000000002      -0.16318174413130510      -0.22002267847468701        2.0495840377650492     
   3.2400000000000002      -0.17056492775564219      -0.21965984073022859        2.0495840377650492     
   3.2200000000000002      -0.17794333373682239      -0.21956626732201878        2.0495840377650492     
   3.2000000000000002      -0.18547892981050146      -0.21859929141786352        2.0495840377650492     
   3.1800000000000002      -0.19295925460247393      -0.21788829161959644        2.0495840377650492     
   3.1600000000000001      -0.20061166112366424      -0.21630070642377991        2.0495840377650492     
   3.1400000000000001      -0.20815782451533815      -0.21495521773079307        2.0495840377650492     
   3.1200000000000001      -0.21588981309914634      -0.21273310041305477        2.0495840377650492     
   3.1000000000000001      -0.22346428938002091      -0.21073868910306753        2.0495840377650492     
   3.0800000000000001      -0.23123715244206638      -0.20787078016578370        2.0495840377650492     
   3.0600000000000001      -0.23880112140883741      -0.20521575674438894        2.0495840377650492     
   3.0400000000000000      -0.24657482926397198      -0.20169356372558353        2.0495840377650492     
   3.0200000000000000      -0.25408833648070617      -0.19836908662154049        2.0495840377650492     
   3.0000000000000000      -0.26182170372145175      -0.19418697581604630        2.0495840377650492     
   2.9800000000000000      -0.26924382936569236      -0.19018714267972886        2.0495840377650492     
   2.9600000000000000      -0.27689468982961762      -0.18534241827876907        2.0495840377650492     
   2.9399999999999999      -0.28418372540351022      -0.18066434429344880        2.0495840377650492     
   2.9199999999999999      -0.29170911498615304      -0.17515731440067822        2.0495840377650492     
   2.8999999999999999      -0.29882274712171086      -0.16980119707613181        2.0495840377650492     
   2.8799999999999999      -0.30617909364211277      -0.16363522611931167        2.0495840377650492     
   2.8599999999999999      -0.31307459418339106      -0.15760439610034491        2.0495840377650492     
   2.8399999999999999      -0.32021791346311712      -0.15078594322199021        2.0495840377650492     
   2.8199999999999998      -0.32685233496565536      -0.14408690071049982        2.0495840377650492     
   2.8000000000000003      -0.33373843223965782      -0.13662554378770964        2.0495840377650492     
   2.7800000000000002      -0.34006880798930728      -0.12926798024558780        2.0495840377650492     
   2.7600000000000002      -0.34665348372843224      -0.12117642525853255        2.0495840377650492     
   2.7400000000000002      -0.35263703134790569      -0.11317323012962156        2.0495840377650492     
   2.7200000000000002      -0.35887629053851372      -0.10446730566943124        2.0495840377650492     
   2.7000000000000002      -0.36447061822081805       -9.5834557931602199E-002   2.0495840377650492     
   2.6800000000000002      -0.37032088211717218       -8.6533194711325381E-002   2.0495840377650492     
   2.6600000000000001      -0.37548419650075038       -7.7290139144096784E-002   2.0495840377650492     
   2.6400000000000001      -0.38090251584073764       -6.7415334450574210E-002   2.0495840377650492     
   2.6200000000000001      -0.38559383052175239       -5.7584342579180818E-002   2.0495840377650492     
   2.6000000000000001      -0.39053809917637905       -4.7161109678727602E-002   2.0495840377650492     
   2.5800000000000001      -0.39471744283923649       -3.6767625431761868E-002   2.0495840377650492     
   2.5600000000000001      -0.39914661085137565       -2.5823928018048909E-002   2.0495840377650492     
   2.5400000000000000      -0.40277523398941228       -1.4896398212332445E-002   2.0495840377650492     
   2.5200000000000000      -0.40664951894760548       -3.4630700604238000E-003   2.0495840377650492     
   2.5000000000000000      -0.40969009814185503        7.9671400968075318E-003   2.0495840377650492     
   2.4800000000000000      -0.41297119383078174        1.9856490031103041E-002   2.0495840377650492     
   2.4600000000000000      -0.41538803255594448        3.1755196156680487E-002   2.0495840377650492     
   2.4399999999999999      -0.41803931382647369        4.4064292878527304E-002   2.0495840377650492     
   2.4199999999999999      -0.41979853875961270        5.6394605003480633E-002   2.0495840377650492     
   2.3999999999999999      -0.42178526156829649        6.9084630474889538E-002   2.0495840377650492     
   2.3799999999999999      -0.42285501338734188        8.1807080595496545E-002   2.0495840377650492     
   2.3599999999999999      -0.42414450896773298        9.4836810126691068E-002   2.0495840377650492     
   2.3399999999999999      -0.42449512664353922       0.10790949322974930        2.0495840377650492     
   2.3199999999999998      -0.42505698878986597       0.12123544473751549        2.0495840377650492     
   2.3000000000000003      -0.42466118639725070       0.13461417274322934        2.0495840377650492     
   2.2800000000000002      -0.42446745086465226       0.14819076828021052        2.0495840377650492     
   2.2600000000000002      -0.42330048596445757       0.16182923627865284        2.0495840377650492     
   2.2400000000000002      -0.42232580101911388       0.17560897517264254        2.0495840377650492     
   2.2200000000000002      -0.42036563369476515       0.18945893926511687        2.0495840377650492     
   2.2000000000000002      -0.41858742088168888       0.20339258214547518        2.0495840377650492     
   2.1800000000000002      -0.41581486254983635       0.21740404814060096        2.0495840377650492     
   2.1600000000000001      -0.41321346678567789       0.23144081107029915        2.0495840377650492     
   2.1400000000000001      -0.40961231794116915       0.24556223322661000        2.0495840377650492     
   2.1200000000000001      -0.40617114608390187       0.25964999110335985        2.0495840377650492     
   2.1000000000000001      -0.40172832218439525       0.27382848005590388        2.0495840377650492     
   2.0800000000000001      -0.39743396928100111       0.28791397839467492        2.0495840377650492     
   2.0600000000000001      -0.39213961402579145       0.30209551735282819        2.0495840377650492     
   2.0400000000000000      -0.38698197649273591       0.31612459151502054        2.0495840377650492     
   2.0200000000000000      -0.38082956180370020       0.33025425977273420        2.0495840377650492     
   2.0000000000000000      -0.37480193685286622       0.34417206066462463        2.0495840377650492     
   1.9800000000000000      -0.36778834892258305       0.35819426342282185        2.0495840377650492     
   1.9600000000000000      -0.36088751960704168       0.37194548864783156        2.0495840377650492     
   1.9399999999999999      -0.35301313043996074       0.38580419211189909        2.0495840377650492     
   1.9199999999999999      -0.34523943575923899       0.39933332152796486        2.0495840377650492     
   1.9000000000000001      -0.33650815969596726       0.41297229221140636        2.0495840377650492     
   1.8800000000000001      -0.32786554926894640       0.42622382681642862        2.0495840377650492     
   1.8600000000000001      -0.31828488405111710       0.43958687395495499        2.0495840377650492     
   1.8400000000000001      -0.30878095693603008       0.45250557700011751        2.0495840377650492     
   1.8200000000000001      -0.29836200893948217       0.46553679695886235        2.0495840377650492     
   1.8000000000000000      -0.28800803625431748       0.47806793617169829        2.0495840377650492     
   1.7800000000000000      -0.27676552959123202       0.49071195771201076        2.0495840377650492     
   1.7600000000000000      -0.26557646066382584       0.50280154749854467        2.0495840377650492     
   1.7400000000000000      -0.25352872992966691       0.51500377676002862        2.0495840377650492     
   1.7200000000000000      -0.24152318178450960       0.52659881924822871        2.0495840377650492     
   1.7000000000000000      -0.22869214830282883       0.53830568329641426        2.0495840377650492     
   1.6799999999999999      -0.21589237837074651       0.54935440708164940        2.0495840377650492     
   1.6600000000000001      -0.20230350986774526       0.56051359487201624        2.0495840377650492     
   1.6400000000000001      -0.18873537188477443       0.57096569032922151        2.0495840377650492     
   1.6200000000000001      -0.17441762560562776       0.58152638994419770        2.0495840377650492     
   1.6000000000000001      -0.16011050874821708       0.59133323998106624        2.0495840377650492     
   1.5800000000000001      -0.14509625810812937       0.60124637100820166        2.0495840377650492     
   1.5600000000000001      -0.13008300949286600       0.61036127614892466        2.0495840377650492     
   1.5400000000000000      -0.11440795443726529       0.61957971608555995        2.0495840377650492     
   1.5200000000000000       -9.8724785194312742E-002  0.62795811279539260        2.0495840377650492     
   1.5000000000000000       -8.2427846524043114E-002  0.63643691638787436        2.0495840377650492     
   1.4800000000000000       -6.6114221733961406E-002  0.64403658757504134        2.0495840377650492     
   1.4600000000000000       -4.9237419732362328E-002  0.65173319802872476        2.0495840377650492     
   1.4399999999999999       -3.2335932595642457E-002  0.65851447469184676        2.0495840377650492     
   1.4199999999999999       -1.4924250374552230E-002  0.66538892572170094        2.0495840377650492     
   1.4000000000000001        2.5195189383924108E-003  0.67131487874784812        2.0495840377650492     
   1.3800000000000001        2.0418286877866551E-002  0.67732998647832809        2.0495840377650492     
   1.3600000000000001        3.8355927171666006E-002  0.68236660763888446        2.0495840377650492     
   1.3400000000000001        5.6691340590789369E-002  0.68748815140566788        2.0495840377650492     
   1.3200000000000001        7.5071779785596496E-002  0.69160452264423133        2.0495840377650492     
   1.3000000000000000        9.3790931924536053E-002  0.69580141379925453        2.0495840377650492     
   1.2800000000000000       0.11256062072003248       0.69896986395756899        2.0495840377650492     
   1.2600000000000000       0.13160833035977865       0.70221430183235545        2.0495840377650492     
   1.2400000000000000       0.15071143868088499       0.70441055001658837        2.0495840377650492     
   1.2200000000000000       0.17003045426230845       0.70667816425681396        2.0495840377650492     
   1.2000000000000000       0.18940907967798465       0.70788144910702189        2.0495840377650492     
   1.1799999999999999       0.20894029462459751       0.70915142765343964        2.0495840377650492     
   1.1599999999999999       0.22853468186774090       0.70934462184357727        2.0495840377650492     
   1.1400000000000001       0.24821736019759613       0.70959982390041132        2.0495840377650492     
   1.1200000000000001       0.26796613085442211       0.70876953326435943        2.0495840377650492     
   1.1000000000000001       0.28773814210982496       0.70799658666583853        2.0495840377650492     
   1.0800000000000001       0.30757853349158309       0.70613323341635503        2.0495840377650492     
   1.0600000000000001       0.32737659596328583       0.70432261587478018        2.0495840377650492     
   1.0400000000000000       0.34724470812203795       0.70142050545660595        2.0495840377650492     
   1.0200000000000000       0.36700463929762034       0.69856660925088110        2.0495840377650492     
   1.0000000000000000       0.38683568910141747       0.69462398044612017        2.0495840377650492     
  0.97999999999999998       0.40649266222591152       0.69072516018762520        2.0495840377650492     
  0.95999999999999996       0.42622124336732031       0.68574421817051323        2.0495840377650492     
  0.94000000000000006       0.44571004896805044       0.68080282136316295        2.0495840377650492     
  0.92000000000000004       0.46527039674387310       0.67478975348206560        2.0495840377650492     
  0.90000000000000002       0.48452570794111594       0.66881213367492909        2.0495840377650492     
  0.88000000000000000       0.50385196761058770       0.66177710782143573        2.0495840377650492     
  0.85999999999999999       0.52280860801121687       0.65477362023500263        2.0495840377650492     
  0.83999999999999997       0.54183510551511793       0.64673076574284161        2.0495840377650492     
  0.82000000000000006       0.56042831846790786       0.63871574533342734        2.0495840377650492     
  0.80000000000000004       0.57908983227215549       0.62968311643324304        2.0495840377650492     
  0.78000000000000003       0.59725555025104693       0.62067483844373939        2.0495840377650492     
  0.76000000000000001       0.61548758306550888       0.61067436038305623        2.0495840377650492     
  0.73999999999999999       0.63316269594082253       0.60069498351176642        2.0495840377650492     
  0.71999999999999997       0.65090174505751652       0.58975238153230758        2.0495840377650492     
  0.70000000000000007       0.66802436601491322       0.57882787393457658        2.0495840377650492     
  0.68000000000000005       0.68520819100944363       0.56697258538110029        2.0495840377650492     
  0.66000000000000003       0.70171791888226820       0.55513263380037903        2.0495840377650492     
  0.64000000000000001       0.71828580542840959       0.54239770371587803        2.0495840377650492     
  0.62000000000000000       0.73412398222091491       0.52967560612139197        2.0495840377650492     
  0.59999999999999998       0.75001700078062838       0.51609756676251139        2.0495840377650492     
  0.57999999999999996       0.76512696317731765       0.50253010894937078        2.0495840377650492     
  0.56000000000000005       0.78028822134719411       0.48814884373282874        2.0495840377650492     
  0.54000000000000004       0.79461554502704468       0.47377616041688370        2.0495840377650492     
  0.52000000000000002       0.80899043234711909       0.45863475288213479        2.0495840377650492     
  0.50000000000000000       0.82248316795064036       0.44350017389573393        2.0495840377650492     
  0.47999999999999998       0.83601959201259068       0.42764474234076305        2.0495840377650492     
  0.46000000000000002       0.84862849164433218       0.41179462460648275        2.0495840377650492     
  0.44000000000000000       0.86127710437313476       0.39527414312209808        2.0495840377650492     
  0.41999999999999998       0.87295583756226458       0.37875768914912444        2.0495840377650492     
  0.40000000000000002       0.88467025058823123       0.36162379584210591        2.0495840377650492     
  0.38000000000000000       0.89537560867493904       0.34449285955395648        2.0495840377650492     
  0.35999999999999999       0.90611259676147893       0.32679965281061907        2.0495840377650492     
  0.34000000000000002       0.91580468472705279       0.30910853357298873        2.0495840377650492     
  0.32000000000000001       0.92552437627324924       0.29091235727183912        2.0495840377650492     
  0.29999999999999999       0.93416679108648226       0.27271758304526328        2.0495840377650492     
  0.28000000000000003       0.94283284478234985       0.25407680168020508        2.0495840377650492     
  0.26000000000000001       0.95039283939428076       0.23543690227370290        2.0495840377650492     
  0.23999999999999999       0.95797260617007696       0.21641166699743516        2.0495840377650492     
  0.22000000000000000       0.96442123835267213       0.19738693844607658        2.0495840377650492     
  0.20000000000000001       0.97088590783152895       0.17803894508670504        2.0495840377650492     
  0.17999999999999999       0.97619817312356749       0.15869120621794036        2.0495840377650492     
  0.16000000000000000       0.98152290385864194       0.13908344636018063        2.0495840377650492     
  0.14000000000000001       0.98567785195346935       0.11947578865056906        2.0495840377650492     
  0.12000000000000000       0.98984188480639856        9.9672294906082037E-002   2.0495840377650492     
  0.10000000000000001       0.99282271879112027        7.9868826761594985E-002   2.0495840377650492     
   8.0000000000000002E-002  0.99580947288742838        5.9934413380797497E-002   2.0495840377650492     
   5.9999999999999998E-002  0.99760363082119285        4.0000000000000001E-002   2.0495840377650492     
   4.0000000000000001E-002  0.99940078160002066        2.0000000000000000E-002   2.0495840377650492     
   2.0000000000000000E-002   1.0000000000000000        0.0000000000000000        2.0495840377650492     
   0.0000000000000000        1.0000000000000000        0.0000000000000000        2.0495840377650492     
