   12.500000000000000        0.0000000000000000        0.0000000000000000        2.0004916367399672     
   12.480000000000000       0.44109342574545940       -3.8329815192197282E-002   2.0004916367399672     
   12.460000000000001       0.44048695107459745       -1.7739583746056373E-002   2.0004916367399672     
   12.440000000000000       0.44033546735446777       -1.6564018060409923E-002   2.0004916367399672     
   12.420000000000000       0.43995166536089814       -1.5901448301336090E-002   2.0004916367399672     
   12.400000000000000       0.43981242355241812       -1.4662126570146488E-002   2.0004916367399672     
   12.380000000000001       0.43945240444036204       -1.3946831167031571E-002   2.0004916367399672     
   12.359999999999999       0.43932647699671534       -1.2650239427443522E-002   2.0004916367399672     
   12.340000000000000       0.43899175580294025       -1.1887138411934844E-002   2.0004916367399672     
   12.320000000000000       0.43888013269427884       -1.0540163687140088E-002   2.0004916367399672     
   12.300000000000001       0.43857210317054390       -9.7345404790903818E-003   2.0004916367399672     
   12.280000000000001       0.43847568328495479       -8.3444335838007751E-003   2.0004916367399672     
   12.260000000000000       0.43819560824631920       -7.5019022254776101E-003   2.0004916367399672     
   12.240000000000000       0.43811519128477494       -6.0762380235733840E-003   2.0004916367399672     
   12.220000000000001       0.43786419358176648       -5.2027080142223788E-003   2.0004916367399672     
   12.200000000000001       0.43780047250600812       -3.7493433465065461E-003   2.0004916367399672     
   12.180000000000000       0.43757952668596956       -2.8509822846269992E-003   2.0004916367399672     
   12.160000000000000       0.43753308077570580       -1.3780118006439658E-003   2.0004916367399672     
   12.140000000000001       0.43734300549549776       -4.6120605674711181E-004   2.0004916367399672     
   12.120000000000001       0.43731429406836053        1.0230838006727774E-003   2.0004916367399672     
   12.100000000000000       0.43715574531702234        1.9517701439008208E-003   2.0004916367399672     
   12.080000000000000       0.43714510216145125        3.4389487393959237E-003   2.0004916367399672     
   12.060000000000000       0.43701856734738731        4.3728164298644919E-003   2.0004916367399672     
   12.040000000000001       0.43702619591500941        5.8543578478001419E-003   2.0004916367399672     
   12.020000000000000       0.43693198886783080        6.7866162287639614E-003   2.0004916367399672     
   12.000000000000000       0.43695795826798506        8.2539492129437564E-003   2.0004916367399672     
   11.980000000000000       0.43689621520025651        9.1777609390261347E-003   2.0004916367399672     
   11.960000000000001       0.43694045703506879        1.0622319567185816E-002   2.0004916367399672     
   11.940000000000000       0.43691113350402783        1.1530845992854599E-002   2.0004916367399672     
   11.920000000000000       0.43697343957788826        1.2944120786330556E-002   2.0004916367399672     
   11.900000000000000       0.43697630848159874        1.3830567741542801E-002   2.0004916367399672     
   11.880000000000001       0.43705632941405859        1.5204156905309199E-002   2.0004916367399672     
   11.859999999999999       0.43709098005060987        1.6061820568316620E-002   2.0004916367399672     
   11.840000000000000       0.43718822481659675        1.7387481053172837E-002   2.0004916367399672     
   11.820000000000000       0.43725406302877656        1.8209793627511826E-002   2.0004916367399672     
   11.800000000000001       0.43736789944463061        1.9479491704577623E-002   2.0004916367399672     
   11.779999999999999       0.43746414886610951        2.0260066606105777E-002   2.0004916367399672     
   11.760000000000000       0.43759380503433593        2.1466027644002402E-002   2.0004916367399672     
   11.740000000000000       0.43771950944678090        2.2198703904483166E-002   2.0004916367399672     
   11.720000000000001       0.43786407616655348        2.3333461041631261E-002   2.0004916367399672     
   11.700000000000001       0.43801810297031202        2.4012346637842526E-002   2.0004916367399672     
   11.680000000000000       0.43817653711474652        2.5068788046200056E-002   2.0004916367399672     
   11.660000000000000       0.43835758190882268        2.5688301867838711E-002   2.0004916367399672     
   11.640000000000001       0.43852871076383415        2.6659716310133433E-002   2.0004916367399672     
   11.620000000000001       0.43873530302389541        2.7214628485896460E-002   2.0004916367399672     
   11.600000000000000       0.43891782957715025        2.8094748875965293E-002   2.0004916367399672     
   11.580000000000000       0.43914833941324455        2.8580219185088261E-002   2.0004916367399672     
   11.560000000000000       0.43934084857531347        2.9363263870278253E-002   2.0004916367399672     
   11.540000000000001       0.43959349454394475        2.9774877976480096E-002   2.0004916367399672     
   11.520000000000000       0.43979446027732894        3.0455589472178520E-002   2.0004916367399672     
   11.500000000000000       0.44006731821553330        3.0789392728337962E-002   2.0004916367399672     
   11.480000000000000       0.44027511154081067        3.1363073647536682E-002   2.0004916367399672     
   11.460000000000001       0.44056612438294762        3.1615602232478786E-002   2.0004916367399672     
   11.440000000000000       0.44077902222489174        3.2078148167769702E-002   2.0004916367399672     
   11.420000000000000       0.44108601075611570        3.2246457331185946E-002   2.0004916367399672     
   11.400000000000000       0.44130220558638944        3.2594386462691922E-002   2.0004916367399672     
   11.380000000000001       0.44162288008011996        3.2676075670413418E-002   2.0004916367399672     
   11.359999999999999       0.44184049030701450        3.2906554890786602E-002   2.0004916367399672     
   11.340000000000000       0.44217246298738672        3.2899789680246726E-002   2.0004916367399672     
   11.320000000000000       0.44238954403718128        3.3010657046951761E-002   2.0004916367399672     
   11.300000000000001       0.44273034230132086        3.2914187421670051E-002   2.0004916367399672     
   11.279999999999999       0.44294489833021106        3.2903970767195798E-002   2.0004916367399672     
   11.260000000000000       0.44329197865940251        3.2717145979345059E-002   2.0004916367399672     
   11.240000000000000       0.44350197482959614        3.2585077531673258E-002   2.0004916367399672     
   11.220000000000001       0.44385273731297414        3.2307857123172426E-002   2.0004916367399672     
   11.200000000000001       0.44405611256164174        3.2053884011643191E-002   2.0004916367399672     
   11.180000000000000       0.44440791595101592        3.1686845006607164E-002   2.0004916367399672     
   11.160000000000000       0.44460259617621101        3.1311635552142600E-002   2.0004916367399672     
   11.140000000000001       0.44495277338604694        3.0855975716803825E-002   2.0004916367399672     
   11.120000000000001       0.44513668496966108        3.0360921430147958E-002   2.0004916367399672     
   11.100000000000000       0.44548255893215866        2.9818458540398267E-002   2.0004916367399672     
   11.080000000000000       0.44565364251639644        2.9205671777458291E-002   2.0004916367399672     
   11.060000000000000       0.44599254229803431        2.8578838858791623E-002   2.0004916367399672     
   11.040000000000001       0.44614876672885873        2.7851146108170452E-002   2.0004916367399672     
   11.020000000000000       0.44647804381177425        2.7142982637909700E-002   2.0004916367399672     
   11.000000000000000       0.44661742016031619        2.6303913442144822E-002   2.0004916367399672     
   10.980000000000000       0.44693446478946530        2.5518052529224674E-002   2.0004916367399672     
   10.960000000000001       0.44705506036053028        2.4571824067938119E-002   2.0004916367399672     
   10.940000000000000       0.44735731785579491        2.3712475651052115E-002   2.0004916367399672     
   10.920000000000000       0.44745727009132130        2.2663973040975192E-002   2.0004916367399672     
   10.900000000000000       0.44774225702257531        2.1735903171415705E-002   2.0004916367399672     
   10.880000000000001       0.44781978720730525        2.0590655564948542E-002   2.0004916367399672     
   10.859999999999999       0.44808510732995932        1.9599161865797306E-002   2.0004916367399672     
   10.840000000000000       0.44813853400657983        1.8363314456175006E-002   2.0004916367399672     
   10.820000000000000       0.44838189385531491        1.7314197874484755E-002   2.0004916367399672     
   10.800000000000001       0.44840964585695831        1.5994479941621752E-002   2.0004916367399672     
   10.779999999999999       0.44862886989624662        1.4894012934706477E-002   2.0004916367399672     
   10.760000000000000       0.44862949890553466        1.3497702091169368E-002   2.0004916367399672     
   10.740000000000000       0.44882254413707184        1.2352593411923008E-002   2.0004916367399672     
   10.720000000000001       0.44879473668277531        1.0887476233084906E-002   2.0004916367399672     
   10.700000000000001       0.44895970661221618        9.7048325022203539E-003   2.0004916367399672     
   10.680000000000000       0.44890229541709564        8.1791617483171816E-003   2.0004916367399672     
   10.660000000000000       0.44903745328538158        6.9664460234269768E-003   2.0004916367399672     
   10.640000000000001       0.44894942788185754        5.3888946837844700E-003   2.0004916367399672     
   10.620000000000001       0.44905320906999269        4.1538822559845576E-003   2.0004916367399672     
   10.600000000000000       0.44893372560394729        2.5334946670131538E-003   2.0004916367399672     
   10.580000000000000       0.44900474912427740        1.2842263355486972E-003   2.0004916367399672     
   10.560000000000000       0.44885313927143777       -3.6963335601218009E-004   2.0004916367399672     
   10.540000000000001       0.44889021826330833       -1.6249002626029163E-003   2.0004916367399672     
   10.520000000000000       0.44870599718736887       -3.3026020013096633E-003   2.0004916367399672     
   10.500000000000000       0.44870814834039913       -4.5554445721741540E-003   2.0004916367399672     
   10.480000000000000       0.44849102162714938       -6.2471483537751829E-003   2.0004916367399672     
   10.460000000000001       0.44845747346129256       -7.4890307104989668E-003   2.0004916367399672     
   10.440000000000000       0.44820734296862519       -9.1847442785170409E-003   2.0004916367399672     
   10.420000000000000       0.44813754290661506       -1.0407071543932146E-002   2.0004916367399672     
   10.400000000000000       0.44785451147623678       -1.2096709488271580E-002   2.0004916367399672     
   10.380000000000001       0.44774813165086136       -1.3290882784068989E-002   2.0004916367399672     
   10.359999999999999       0.44743250663390061       -1.4964326695787733E-002   2.0004916367399672     
   10.340000000000000       0.44728944837984935       -1.6121798834076460E-002   2.0004916367399672     
   10.320000000000000       0.44694174393519076       -1.7768958161340703E-002   2.0004916367399672     
   10.300000000000001       0.44676214092283789       -1.8881289687622455E-002   2.0004916367399672     
   10.279999999999999       0.44638307905400493       -2.0492162930796400E-002   2.0004916367399672     
   10.260000000000000       0.44616729903042884       -2.1551078170201448E-002   2.0004916367399672     
   10.240000000000000       0.44575780933401593       -2.3115814049069816E-002   2.0004916367399672     
   10.220000000000001       0.44550645444474851       -2.4113256804151259E-002   2.0004916367399672     
   10.200000000000001       0.44506767255087881       -2.5622215027501134E-002   2.0004916367399672     
   10.180000000000000       0.44478157822425718       -2.6550403574434389E-002   2.0004916367399672     
   10.160000000000000       0.44431484291712103       -2.7994214841632219E-002   2.0004916367399672     
   10.140000000000001       0.44399507530166038       -2.8845695872347275E-002   2.0004916367399672     
   10.120000000000001       0.44350192431598823       -3.0215320738125741E-002   2.0004916367399672     
   10.100000000000000       0.44314977626981883       -3.0983021898730954E-002   2.0004916367399672     
   10.080000000000000       0.44263194076700085       -3.2269808136212136E-002   2.0004916367399672     
   10.060000000000000       0.44224892640709157       -3.2947088817038422E-002   2.0004916367399672     
   10.040000000000001       0.44170832414264050       -3.4142826919972752E-002   2.0004916367399672     
   10.020000000000000       0.44129617197020349       -3.4723526959664533E-002   2.0004916367399672     
   10.000000000000000       0.44073489917223896       -3.5820503432997898E-002   2.0004916367399672     
   9.9800000000000004       0.44029554379934477       -3.6298989408299710E-002   2.0004916367399672     
   9.9600000000000009       0.43971586578578781       -3.7290037506438618E-002   2.0004916367399672     
   9.9399999999999995       0.43925143829674340       -3.7661246290592774E-002   2.0004916367399672     
   9.9199999999999999       0.43865577886690510       -3.8539793875062352E-002   2.0004916367399672     
   9.9000000000000004       0.43816859585634127       -3.8799273161074732E-002   2.0004916367399672     
   9.8800000000000008       0.43755952550046379       -3.9559387363627310E-002   2.0004916367399672     
   9.8599999999999994       0.43705207683829872       -3.9703332863922469E-002   2.0004916367399672     
   9.8399999999999999       0.43643229981642845       -4.0339761257475029E-002   2.0004916367399672     
   9.8200000000000003       0.43590723519787405       -4.0365050308682336E-002   2.0004916367399672     
   9.8000000000000007       0.43527957554707120       -4.0873258306667146E-002   2.0004916367399672     
   9.7799999999999994       0.43473968989358147       -4.0777479627286693E-002   2.0004916367399672     
   9.7599999999999998       0.43410707642992286       -4.1153683852017113E-002   2.0004916367399672     
   9.7400000000000002       0.43355529421444972       -4.0935163221482974E-002   2.0004916367399672     
   9.7200000000000006       0.43292074460348506       -4.1176360603854427E-002   2.0004916367399672     
   9.7000000000000011       0.43236010318052653       -4.0834182253899856E-002   2.0004916367399672     
   9.6799999999999997       0.43172670715677225       -4.0938174650085569E-002   2.0004916367399672     
   9.6600000000000001       0.43116033918446472       -4.0472198183244733E-002   2.0004916367399672     
   9.6400000000000006       0.43053124100710066       -4.0437612318851776E-002   2.0004916367399672     
   9.6200000000000010       0.42996235605497712       -3.9848484994235253E-002   2.0004916367399672     
   9.5999999999999996       0.42934073629314085       -3.9674787572594794E-002   2.0004916367399672     
   9.5800000000000001       0.42877260173513443       -3.8963951825668967E-002   2.0004916367399672     
   9.5600000000000005       0.42816165848196341       -3.8651459664348645E-002   2.0004916367399672     
   9.5400000000000009       0.42759757977971646       -3.7821155755140008E-002   2.0004916367399672     
   9.5199999999999996       0.42700050939963125       -3.7371040843288551E-002   2.0004916367399672     
   9.5000000000000000       0.42644380988616043       -3.6424304556118572E-002   2.0004916367399672     
   9.4800000000000004       0.42586378740466824       -3.5838593954706982E-002   2.0004916367399672     
   9.4600000000000009       0.42531778768292522       -3.4779249302019276E-002   2.0004916367399672     
   9.4399999999999995       0.42475794693244423       -3.4060819839279062E-002   2.0004916367399672     
   9.4199999999999999       0.42422594400721336       -3.2893466752243687E-002   2.0004916367399672     
   9.4000000000000004       0.42368935764607935       -3.2046034497442338E-002   2.0004916367399672     
   9.3800000000000008       0.42317460391099421       -3.0776031516576419E-002   2.0004916367399672     
   9.3599999999999994       0.42266426343577507       -2.9804136046548253E-002   2.0004916367399672     
   9.3399999999999999       0.42216994563993770       -2.8437578056431819E-002   2.0004916367399672     
   9.3200000000000003       0.42168874151351587       -2.7346561560797442E-002   2.0004916367399672     
   9.3000000000000007       0.42121795983426297       -2.5890252643886138E-002   2.0004916367399672     
   9.2799999999999994       0.42076866185374390       -2.4686233946481135E-002   2.0004916367399672     
   9.2599999999999998       0.42032440920349423       -2.3147655461822979E-002   2.0004916367399672     
   9.2400000000000002       0.41990964723287288       -2.1837499067301220E-002   2.0004916367399672     
   9.2200000000000006       0.41949478892864911       -2.0224773090484496E-002   2.0004916367399672     
   9.2000000000000011       0.41911703412129026       -1.8816053396175557E-002   2.0004916367399672     
   9.1799999999999997       0.41873428804546808       -1.7137901686846143E-002   2.0004916367399672     
   9.1600000000000001       0.41839583468079050       -1.5638862530543512E-002   2.0004916367399672     
   9.1400000000000006       0.41804775206080935       -1.3904561223154668E-002   2.0004916367399672     
   9.1200000000000010       0.41775070011814219       -1.2324070967382961E-002   2.0004916367399672     
   9.0999999999999996       0.41743964705132769       -1.0543401209292222E-002   2.0004916367399672     
   9.0800000000000001       0.41718588564166365       -8.8909035915508867E-003   2.0004916367399672     
   9.0600000000000005       0.41691402548895629       -7.0740983799559114E-003   2.0004916367399672     
   9.0400000000000009       0.41670521726233134       -5.3595593862886971E-003   2.0004916367399672     
   9.0199999999999996       0.41647449403154430       -3.5172468816356663E-003   2.0004916367399672     
   9.0000000000000000       0.41631206067396881       -1.7510979274298205E-003   2.0004916367399672     
   8.9800000000000004       0.41612418350924107        1.0575845436284733E-004   2.0004916367399672     
   8.9600000000000009       0.41600929243854717        1.9126807273555516E-003   2.0004916367399672     
   8.9399999999999995       0.41586572132790633        3.7728451183797179E-003   2.0004916367399672     
   8.9199999999999999       0.41579927369256625        5.6093620963612086E-003   2.0004916367399672     
   8.9000000000000004       0.41570120649996867        7.4613915290410206E-003   2.0004916367399672     
   8.8800000000000008       0.41568382657889241        9.3160485777389768E-003   2.0004916367399672     
   8.8599999999999994       0.41563218750079073        1.1148360519618027E-002   2.0004916367399672     
   8.8399999999999999       0.41566421359535954        1.3009495259323723E-002   2.0004916367399672     
   8.8200000000000003       0.41565964313479553        1.4810436946456446E-002   2.0004916367399672     
   8.8000000000000007       0.41574112003698166        1.6666249459123619E-002   2.0004916367399672     
   8.7799999999999994       0.41578396658040873        1.8424168628861492E-002   2.0004916367399672     
   8.7599999999999998       0.41591463969276110        2.0262793190456881E-002   2.0004916367399672     
   8.7400000000000002       0.41600495276633881        2.1966109801320716E-002   2.0004916367399672     
   8.7200000000000006       0.41618426394098162        2.3775687719518039E-002   2.0004916367399672     
   8.7000000000000011       0.41632178921398333        2.5412966235081220E-002   2.0004916367399672     
   8.6799999999999997       0.41654887436855387        2.7181719361716903E-002   2.0004916367399672     
   8.6600000000000001       0.41673305046182696        2.8741741167095797E-002   2.0004916367399672     
   8.6400000000000006       0.41700673902056801        3.0458045646608256E-002   2.0004916367399672     
   8.6200000000000010       0.41723669616777365        3.1929881160296721E-002   2.0004916367399672     
   8.5999999999999996       0.41755551236581973        3.3582340969739957E-002   2.0004916367399672     
   8.5800000000000001       0.41783007296446262        3.4955421010226528E-002   2.0004916367399672     
   8.5600000000000005       0.41819223904277569        3.6532940843417835E-002   2.0004916367399672     
   8.5400000000000009       0.41850992012094779        3.7797126809283543E-002   2.0004916367399672     
   8.5199999999999996       0.41891336142840457        3.9288983857253358E-002   2.0004916367399672     
   8.5000000000000000       0.41927237904172637        4.0434636281333369E-002   2.0004916367399672     
   8.4800000000000004       0.41971473104962320        4.1830550463508323E-002   2.0004916367399672     
   8.4600000000000009       0.42011300661116358        4.2848595506182495E-002   2.0004916367399672     
   8.4399999999999995       0.42059162383391147        4.4138797711659322E-002   2.0004916367399672     
   8.4199999999999999       0.42102679236800494        4.5020791165432811E-002   2.0004916367399672     
   8.4000000000000004       0.42153875917211481        4.6196089071274565E-002   2.0004916367399672     
   8.3800000000000008       0.42200817947100172        4.6934277458508880E-002   2.0004916367399672     
   8.3599999999999994       0.42255032274266929        4.7986118502182554E-002   2.0004916367399672     
   8.3399999999999999       0.42305108939288422        4.8573496860080896E-002   2.0004916367399672     
   8.3200000000000003       0.42361999302263326        4.9494027955946054E-002   2.0004916367399672     
   8.3000000000000007       0.42414895025611327        4.9924393917667294E-002   2.0004916367399672     
   8.2799999999999994       0.42474097138712574        5.0706517522719478E-002   2.0004916367399672     
   8.2599999999999998       0.42529472870019980        5.0974521320726475E-002   2.0004916367399672     
   8.2400000000000002       0.42590601567518932        5.1611947472573819E-002   2.0004916367399672     
   8.2200000000000006       0.42648096514699779        5.1713137509924907E-002   2.0004916367399672     
   8.1999999999999993       0.42710747707689789        5.2200431480120962E-002   2.0004916367399672     
   8.1799999999999997       0.42769981230747067        5.2131295137343540E-002   2.0004916367399672     
   8.1600000000000001       0.42833734017380820        5.2463920365629045E-002   2.0004916367399672     
   8.1400000000000006       0.42894307675107762        5.2221919734920408E-002   2.0004916367399672     
   8.1200000000000010       0.42958726594283436        5.2396275734544008E-002   2.0004916367399672     
   8.0999999999999996       0.43020226333730949        5.1979877999262437E-002   2.0004916367399672     
   8.0800000000000001       0.43084863751236141        5.1993332950222772E-002   2.0004916367399672     
   8.0600000000000005       0.43146862228816257        5.1402035155814312E-002   2.0004916367399672     
   8.0400000000000009       0.43211260843912730        5.1252952931464348E-002   2.0004916367399672     
   8.0199999999999996       0.43273319866058174        5.0487300923980308E-002   2.0004916367399672     
   8.0000000000000000       0.43337015325518308        5.0175062326829341E-002   2.0004916367399672     
   7.9800000000000004       0.43398688395931101        4.9236663666889252E-002   2.0004916367399672     
   7.9600000000000000       0.43461212001624067        4.8761681681454172E-002   2.0004916367399672     
   7.9400000000000004       0.43522046961325289        4.7653212374717945E-002   2.0004916367399672     
   7.9199999999999999       0.43582928456606573        4.7016941278778063E-002   2.0004916367399672     
   7.9000000000000004       0.43642470202248773        4.5742146198564766E-002   2.0004916367399672     
   7.8799999999999999       0.43701240621637139        4.4947084408932178E-002   2.0004916367399672     
   7.8600000000000003       0.43759033886868876        4.3510771322343836E-002   2.0004916367399672     
   7.8399999999999999       0.43815228452807597        4.2560457887171166E-002   2.0004916367399672     
   7.8200000000000003       0.43870820636884761        4.0968485032786307E-002   2.0004916367399672     
   7.7999999999999998       0.43923981686786068        3.9867489719211863E-002   2.0004916367399672     
   7.7800000000000002       0.43976925714114323        3.8126746921871346E-002   2.0004916367399672     
   7.7599999999999998       0.44026605640381727        3.6880653885315813E-002   2.0004916367399672     
   7.7400000000000002       0.44076462834253904        3.4999037231541907E-002   2.0004916367399672     
   7.7199999999999998       0.44122227019574495        3.3614422290971939E-002   2.0004916367399672     
   7.7000000000000002       0.44168569973030908        3.1600802426918193E-002   2.0004916367399672     
   7.6799999999999997       0.44209999702931518        3.0085204008655532E-002   2.0004916367399672     
   7.6600000000000001       0.44252415129433298        2.7949388160952791E-002   2.0004916367399672     
   7.6400000000000006       0.44289110463906983        2.6311272011965692E-002   2.0004916367399672     
   7.6200000000000001       0.44327202010365502        2.4063959870161512E-002   2.0004916367399672     
   7.6000000000000005       0.44358784596299156        2.2312677679924602E-002   2.0004916367399672     
   7.5800000000000001       0.44392175600955902        1.9965411317220474E-002   2.0004916367399672     
   7.5600000000000005       0.44418291407128846        1.8111153425003586E-002   2.0004916367399672     
   7.5400000000000000       0.44446627584829757        1.5676261471397248E-002   2.0004916367399672     
   7.5200000000000005       0.44466949541412493        1.3730003872987969E-002   2.0004916367399672     
   7.5000000000000000       0.44489901578967644        1.1220540191535004E-002   2.0004916367399672     
   7.4800000000000004       0.44504132103721661        9.1939860956803850E-003   2.0004916367399672     
   7.4600000000000000       0.44521398148290758        6.6236632481259175E-003   2.0004916367399672     
   7.4400000000000004       0.44529271542065024        4.5291794681908051E-003   2.0004916367399672     
   7.4199999999999999       0.44540579565856231        1.9122972905247478E-003   2.0004916367399672     
   7.4000000000000004       0.44541864260481107       -2.3715420923972781E-004   2.0004916367399672     
   7.3799999999999999       0.44546974285499896       -2.8857845679697118E-003   2.0004916367399672     
   7.3600000000000003       0.44541474927802777       -5.0767196197667452E-003   2.0004916367399672     
   7.3399999999999999       0.44540181094935544       -7.7418558109448700E-003   2.0004916367399672     
   7.3200000000000003       0.44527740451333292       -9.9603451019442402E-003   2.0004916367399672     
   7.2999999999999998       0.44519872918697506       -1.2626397429544637E-002   2.0004916367399672     
   7.2800000000000002       0.44500373585660841       -1.4858147260405487E-002   2.0004916367399672     
   7.2599999999999998       0.44485800241897105       -1.7509265831081179E-002   2.0004916367399672     
   7.2400000000000002       0.44459166148520957       -1.9739702136699178E-002   2.0004916367399672     
   7.2199999999999998       0.44437794127542324       -2.2359866842232921E-002   2.0004916367399672     
   7.2000000000000002       0.44403991817495231       -2.4574222012617733E-002   2.0004916367399672     
   7.1799999999999997       0.44375768802139992       -2.7147334856766070E-002   2.0004916367399672     
   7.1600000000000001       0.44334808483391502       -2.9330736874084613E-002   2.0004916367399672     
   7.1400000000000006       0.44299723786447831       -3.1840716136042453E-002   2.0004916367399672     
   7.1200000000000001       0.44251660138384147       -3.3978279524611313E-002   2.0004916367399672     
   7.1000000000000005       0.44209745550561591       -3.6409155234240709E-002   2.0004916367399672     
   7.0800000000000001       0.44154678279387088       -3.8486073303734242E-002   2.0004916367399672     
   7.0600000000000005       0.44106008674997110       -4.0822083489471819E-002   2.0004916367399672     
   7.0400000000000000       0.44044082809675855       -4.2823721337970196E-002   2.0004916367399672     
   7.0200000000000005       0.43988776502048849       -4.5049408497037709E-002   2.0004916367399672     
   7.0000000000000000       0.43920182424456122       -4.6961396229844785E-002   2.0004916367399672     
   6.9800000000000004       0.43858401264456248       -4.9061703462149754E-002   2.0004916367399672     
   6.9600000000000000       0.43783374468882297       -5.0870029074682341E-002   2.0004916367399672     
   6.9400000000000004       0.43715323681279988       -5.2830395316663926E-002   2.0004916367399672     
   6.9199999999999999       0.43634144259941626       -5.4521496685204084E-002   2.0004916367399672     
   6.9000000000000004       0.43560072013858764       -5.6327950477910102E-002   2.0004916367399672     
   6.8799999999999999       0.43473063866626105       -5.7888805900657342E-002   2.0004916367399672     
   6.8600000000000003       0.43393260577775622       -5.9528057127583960E-002   2.0004916367399672     
   6.8399999999999999       0.43300790345901297       -6.0946273860326507E-002   2.0004916367399672     
   6.8200000000000003       0.43215587709886810       -6.2405802895005608E-002   2.0004916367399672     
   6.7999999999999998       0.43118063435123855       -6.3669703130798283E-002   2.0004916367399672     
   6.7800000000000002       0.43027833192646631       -6.4937846841816388E-002   2.0004916367399672     
   6.7599999999999998       0.42925702704751578       -6.6036550592371249E-002   2.0004916367399672     
   6.7400000000000002       0.42830855141173574       -6.7102584664403553E-002   2.0004916367399672     
   6.7199999999999998       0.42724604178405495       -6.8026089012399413E-002   2.0004916367399672     
   6.7000000000000002       0.42625586361735163       -6.8880306055935259E-002   2.0004916367399672     
   6.6799999999999997       0.42515736430569168       -6.9619560262132230E-002   2.0004916367399672     
   6.6600000000000001       0.42413030193558754       -7.0253343201792814E-002   2.0004916367399672     
   6.6400000000000006       0.42300136175427983       -7.0800319168619855E-002   2.0004916367399672     
   6.6200000000000001       0.42194255849087303       -7.1206209420280497E-002   2.0004916367399672     
   6.6000000000000005       0.42078903363540665       -7.1553967034396010E-002   2.0004916367399672     
   6.5800000000000001       0.41970393270973538       -7.1725727004619294E-002   2.0004916367399672     
   6.5600000000000005       0.41853195806180243       -7.1868473904724950E-002   2.0004916367399672     
   6.5400000000000000       0.41742627527225767       -7.1801143372215062E-002   2.0004916367399672     
   6.5200000000000005       0.41624223350263262       -7.1734288715043920E-002   2.0004916367399672     
   6.5000000000000000       0.41512192768963641       -7.1424234682828269E-002   2.0004916367399672     
   6.4800000000000004       0.41393241629786515       -7.1144436509597259E-002   2.0004916367399672     
   6.4600000000000000       0.41280365778197503       -7.0589396148286701E-002   2.0004916367399672     
   6.4400000000000004       0.41161545422590440       -7.0094601985865326E-002   2.0004916367399672     
   6.4199999999999999       0.41048459135889415       -6.9293718322534184E-002   2.0004916367399672     
   6.4000000000000004       0.40930461644051536       -6.8583198688002237E-002   2.0004916367399672     
   6.3799999999999999       0.40817814043272582       -6.7537048731746055E-002   2.0004916367399672     
   6.3600000000000003       0.40701342011956021       -6.6611423245703585E-002   2.0004916367399672     
   6.3399999999999999       0.40589792831980470       -6.5322038279670383E-002   2.0004916367399672     
   6.3200000000000003       0.40475555419302306       -6.4183294132465166E-002   2.0004916367399672     
   6.2999999999999998       0.40365771200950495       -6.2654171942872372E-002   2.0004916367399672     
   6.2800000000000002       0.40254480054109537       -6.1305674498604662E-002   2.0004916367399672     
   6.2599999999999998       0.40147130220306176       -5.9541783353776745E-002   2.0004916367399672     
   6.2400000000000002       0.40039495307453599       -5.7988278719351756E-002   2.0004916367399672     
   6.2199999999999998       0.39935248144465235       -5.5996052955920861E-002   2.0004916367399672     
   6.2000000000000002       0.39831973512899155       -5.4243662386302106E-002   2.0004916367399672     
   6.1799999999999997       0.39731492078564018       -5.2030989505160469E-002   2.0004916367399672     
   6.1600000000000001       0.39633271562226075       -5.0087195561106579E-002   2.0004916367399672     
   6.1400000000000006       0.39537209543905211       -4.7663394782287455E-002   2.0004916367399672     
   6.1200000000000001       0.39444722443857838       -4.5537019202999504E-002   2.0004916367399672     
   6.1000000000000005       0.39353719989526037       -4.2912811476088233E-002   2.0004916367399672     
   6.0800000000000001       0.39267626751662893       -4.0613984776090510E-002   2.0004916367399672     
   6.0600000000000005       0.39182306298124675       -3.7801454290818506E-002   2.0004916367399672     
   6.0400000000000000       0.39103244212819627       -3.5341577137792970E-002   2.0004916367399672     
   6.0200000000000005       0.39024206335473527       -3.2354124427854299E-002   2.0004916367399672     
   6.0000000000000000       0.38952785284191643       -2.9745820905785949E-002   2.0004916367399672     
   5.9800000000000004       0.38880604593070833       -2.6598107687360567E-002   2.0004916367399672     
   5.9600000000000000       0.38817402867149137       -2.3855170596940273E-002   2.0004916367399672     
   5.9400000000000004       0.38752623974136907       -2.0563056531661315E-002   2.0004916367399672     
   5.9199999999999999       0.38698184190985346       -1.7700384927195875E-002   2.0004916367399672     
   5.9000000000000004       0.38641317773135109       -1.4280856547053196E-002   2.0004916367399672     
   5.8799999999999999       0.38596142915010551       -1.1314385755831642E-002   2.0004916367399672     
   5.8600000000000003       0.38547661898791291       -7.7854778345009092E-003   2.0004916367399672     
   5.8399999999999999       0.38512211499052806       -4.7321022504272520E-003   2.0004916367399672     
   5.8200000000000003       0.38472547390090328       -1.1128119514600176E-003   2.0004916367399672     
   5.7999999999999998       0.38447233891454613        2.0096990604944638E-003   2.0004916367399672     
   5.7800000000000002       0.38416773273946359        5.6995048835457697E-003   2.0004916367399672     
   5.7599999999999998       0.38401958582727558        8.8725975921918124E-003   2.0004916367399672     
   5.7400000000000002       0.38381039812174483        1.2612281525581425E-002   2.0004916367399672     
   5.7199999999999998       0.38377032071809525        1.5816714526083131E-002   2.0004916367399672     
   5.7000000000000002       0.38365942184031471        1.9584973696286832E-002   2.0004916367399672     
   5.6799999999999997       0.38372992790370253        2.2800920229084320E-002   2.0004916367399672     
   5.6600000000000001       0.38371964648956175        2.6575896875365927E-002   2.0004916367399672     
   5.6399999999999997       0.38390265528828266        2.9783052272455694E-002   2.0004916367399672     
   5.6200000000000001       0.38399475232217367        3.3542449256367374E-002   2.0004916367399672     
   5.6000000000000005       0.38429156405686388        3.6720142980677474E-002   2.0004916367399672     
   5.5800000000000001       0.38448720973988182        4.0441343663053415E-002   2.0004916367399672     
   5.5600000000000005       0.38489848419469092        4.3568655373992557E-002   2.0004916367399672     
   5.5400000000000000       0.38519823779908191        4.7228847258567096E-002   2.0004916367399672     
   5.5200000000000005       0.38572397619962401        5.0284726306990990E-002   2.0004916367399672     
   5.5000000000000000       0.38612776908486474        5.3861027821307132E-002   2.0004916367399672     
   5.4800000000000004       0.38676729932626874        5.6824415550282406E-002   2.0004916367399672     
   5.4600000000000000       0.38727442127745171        6.0294005309259553E-002   2.0004916367399672     
   5.4400000000000004       0.38802638666988648        6.3143959513336456E-002   2.0004916367399672     
   5.4199999999999999       0.38863547570319912        6.6484207388890784E-002   2.0004916367399672     
   5.4000000000000004       0.38949782736524247        6.9200028264252950E-002   2.0004916367399672     
   5.3799999999999999       0.39020686312836234        7.2388627565857316E-002   2.0004916367399672     
   5.3600000000000003       0.39117685614060915        7.4949984466841507E-002   2.0004916367399672     
   5.3399999999999999       0.39198315701781422        7.7965084523009084E-002   2.0004916367399672     
   5.3200000000000003       0.39305735043026013        8.0352142827230147E-002   2.0004916367399672     
   5.2999999999999998       0.39395757444309698        8.3172481246710783E-002   2.0004916367399672     
   5.2800000000000002       0.39513183521020456        8.5366028621429751E-002   2.0004916367399672     
   5.2599999999999998       0.39612198478473415        8.7971062505520670E-002   2.0004916367399672     
   5.2400000000000002       0.39739149568175292        8.9952633862131551E-002   2.0004916367399672     
   5.2199999999999998       0.39846692633278530        9.2322669235976776E-002   2.0004916367399672     
   5.2000000000000002       0.39982619788600399        9.4074669657521759E-002   2.0004916367399672     
   5.1799999999999997       0.40098163084749411        9.6190988388684770E-002   2.0004916367399672     
   5.1600000000000001       0.40242451728970458        9.7696813317276116E-002   2.0004916367399672     
   5.1399999999999997       0.40365405609864158        9.9541796794224549E-002   2.0004916367399672     
   5.1200000000000001       0.40517377533935078       0.10078594877111670        2.0004916367399672     
   5.1000000000000005       0.40647092635823440       0.10234319762258474        2.0004916367399672     
   5.0800000000000001       0.40806008393613385       0.10331139888342562        2.0004916367399672     
   5.0600000000000005       0.40941778077653601       0.10456584803190276        2.0004916367399672     
   5.0400000000000000       0.41106839773958487       0.10524514827339974        2.0004916367399672     
   5.0200000000000005       0.41247902952653737       0.10618317663220871        2.0004916367399672     
   5.0000000000000000       0.41418257416279697       0.10656205528401644        2.0004916367399672     
   4.9800000000000004       0.41563801755689983       0.10717158942753714        2.0004916367399672     
   4.9600000000000000       0.41738544087714052       0.10724005178454073        2.0004916367399672     
   4.9400000000000004       0.41887709574854048       0.10751066294504918        2.0004916367399672     
   4.9199999999999999       0.42065887059969598       0.10726032954036346        2.0004916367399672     
   4.9000000000000004       0.42217769922552190       0.10718332331258543        2.0004916367399672     
   4.8799999999999999       0.42398386289242895       0.10660751194033059        2.0004916367399672     
   4.8600000000000003       0.42552043252707977       0.10617601010607315        2.0004916367399672     
   4.8399999999999999       0.42734063265871808       0.10526980993528406        2.0004916367399672     
   4.8200000000000003       0.42888516130468696       0.10447882385524300        2.0004916367399672     
   4.7999999999999998       0.43070870498045771       0.10323916111194806        2.0004916367399672     
   4.7800000000000002       0.43225111016628853       0.10208565616989108        2.0004916367399672     
   4.7599999999999998       0.43406701589780744       0.10051135090329438        2.0004916367399672     
   4.7400000000000002       0.43559696624946503        9.8994301529083617E-002   2.0004916367399672     
   4.7199999999999998       0.43739401869408118        9.7086115019760749E-002   2.0004916367399672     
   4.7000000000000002       0.43890098806658712        9.5206549861943240E-002   2.0004916367399672     
   4.6799999999999997       0.44066779521041166        9.2967222274776357E-002   2.0004916367399672     
   4.6600000000000001       0.44214111912820636        9.0728259140537934E-002   2.0004916367399672     
   4.6399999999999997       0.44386617167901921        8.8162537072612512E-002   2.0004916367399672     
   4.6200000000000001       0.44529510581626314        8.5569407302498554E-002   2.0004916367399672     
   4.6000000000000005       0.44696683853030872        8.2684060926079134E-002   2.0004916367399672     
   4.5800000000000001       0.44834061894635430        7.9744122922871641E-002   2.0004916367399672     
   4.5600000000000005       0.44994747359791332        7.6547952475659639E-002   2.0004916367399672     
   4.5400000000000000       0.45125537842857516        7.3270694160817426E-002   2.0004916367399672     
   4.5200000000000005       0.45278586811734783        6.9774525589705677E-002   2.0004916367399672     
   4.5000000000000000       0.45401728040947753        6.6171555616640301E-002   2.0004916367399672     
   4.4800000000000004       0.45546005488836977        6.2388225236814553E-002   2.0004916367399672     
   4.4600000000000000       0.45660452625368952        5.8473252847644125E-002   2.0004916367399672     
   4.4400000000000004       0.45794843794863804        5.4417580935906068E-002   2.0004916367399672     
   4.4199999999999999       0.45899575270288839        5.0206384406943180E-002   2.0004916367399672     
   4.4000000000000004       0.46022992308698807        4.5895137706180020E-002   2.0004916367399672     
   4.3799999999999999       0.46117016253227933        4.1405521386945386E-002   2.0004916367399672     
   4.3600000000000003       0.46228404850874261        3.6857364557510049E-002   2.0004916367399672     
   4.3399999999999999       0.46310765501062134        3.2109104568213975E-002   2.0004916367399672     
   4.3200000000000003       0.46409111495312205        2.7344540681231107E-002   2.0004916367399672     
   4.2999999999999998       0.46478895545932675        2.2359319394106746E-002   2.0004916367399672     
   4.2800000000000002       0.46563231455406084        1.7400619621112806E-002   2.0004916367399672     
   4.2599999999999998       0.46619574319930579        1.2201949111385181E-002   2.0004916367399672     
   4.2400000000000002       0.46688985773074759        7.0730718238829690E-003   2.0004916367399672     
   4.2199999999999998       0.46731077717112957        1.6862065362033066E-003   2.0004916367399672     
   4.2000000000000002       0.46784709739298957       -3.5872939126274390E-003   2.0004916367399672     
   4.1799999999999997       0.46811801851483092       -9.1354549771136967E-003   2.0004916367399672     
   4.1600000000000001       0.46848864974914839       -1.4526529458507320E-002   2.0004916367399672     
   4.1399999999999997       0.46860274940023522       -2.0207550670960493E-002   2.0004916367399672     
   4.1200000000000001       0.46880051101093351       -2.5687766087795813E-002   2.0004916367399672     
   4.0999999999999996       0.46875168740722140       -3.1471792815887883E-002   2.0004916367399672     
   4.0800000000000001       0.46877016929974819       -3.7011452069236783E-002   2.0004916367399672     
   4.0600000000000005       0.46855309476763862       -4.2867337520981860E-002   2.0004916367399672     
   4.0400000000000000       0.46838671107359514       -4.8435608140831567E-002   2.0004916367399672     
   4.0200000000000005       0.46799688179684384       -5.4331048898939548E-002   2.0004916367399672     
   4.0000000000000000       0.46764092141166469       -5.9896099792691844E-002   2.0004916367399672     
   3.9800000000000000       0.46707470386283040       -6.5797779459279129E-002   2.0004916367399672     
   3.9600000000000000       0.46652537751566125       -7.1326925182776085E-002   2.0004916367399672     
   3.9399999999999999       0.46578005126470073       -7.7200665505794519E-002   2.0004916367399672     
   3.9199999999999999       0.46503453481253115       -8.2660517415446763E-002   2.0004916367399672     
   3.8999999999999999       0.46410833141962693       -8.8471436222530522E-002   2.0004916367399672     
   3.8799999999999999       0.46316480507247426       -9.3828059823864385E-002   2.0004916367399672     
   3.8599999999999999       0.46205694278844078       -9.9540735046771023E-002   2.0004916367399672     
   3.8399999999999999       0.46091462598882216      -0.10475981281463681        2.0004916367399672     
   3.8200000000000003       0.45962534000433358      -0.11033845184825324        2.0004916367399672     
   3.8000000000000003       0.45828452170240958      -0.11538545075730505        2.0004916367399672     
   3.7800000000000002       0.45681508970683571      -0.12079406436157424        2.0004916367399672     
   3.7600000000000002       0.45527715379229727      -0.12563440733258405        2.0004916367399672     
   3.7400000000000002       0.45362991662397228      -0.13083698725386680        2.0004916367399672     
   3.7200000000000002       0.45189736229695610      -0.13543622769225577        2.0004916367399672     
   3.7000000000000002       0.45007573948917640      -0.14039692715278940        2.0004916367399672     
   3.6800000000000002       0.44815219637508974      -0.14472092573057044        2.0004916367399672     
   3.6600000000000001       0.44616069642597384      -0.14940424191094417        2.0004916367399672     
   3.6400000000000001       0.44405093426298575      -0.15341934472224228        2.0004916367399672     
   3.6200000000000001       0.44189515948234670      -0.15779030234239616        2.0004916367399672     
   3.6000000000000001       0.43960509223537297      -0.16146351954599972        2.0004916367399672     
   3.5800000000000001       0.43729173804792126      -0.16548785463521237        2.0004916367399672     
   3.5600000000000001       0.43482842232906627      -0.16878703868529601        2.0004916367399672     
   3.5400000000000000       0.43236527094039773      -0.17243138162115942        2.0004916367399672     
   3.5200000000000000       0.42973689864286929      -0.17532540417954387        2.0004916367399672     
   3.5000000000000000       0.42713280700270273      -0.17855746107000720        2.0004916367399672     
   3.4800000000000000       0.42434869208312509      -0.18101638769011980        2.0004916367399672     
   3.4600000000000000       0.42161357410896599      -0.18380511917148917        2.0004916367399672     
   3.4399999999999999       0.41868413348158845      -0.18580038084562564        2.0004916367399672     
   3.4199999999999999       0.41582893653531050      -0.18811617737287961        2.0004916367399672     
   3.3999999999999999       0.41276566507075396      -0.18962073804047655        2.0004916367399672     
   3.3799999999999999       0.40980234071031757      -0.19143559075448330        2.0004916367399672     
   3.3599999999999999       0.40661778036107343      -0.19242410987990383        2.0004916367399672     
   3.3399999999999999       0.40355924941959748      -0.19371177614904844        2.0004916367399672     
   3.3200000000000003       0.40026695252436106      -0.19416076549281697        2.0004916367399672     
   3.3000000000000003       0.39712706459888780      -0.19489692824418167        2.0004916367399672     
   3.2800000000000002       0.39374155144782202      -0.19478490197166334        2.0004916367399672     
   3.2600000000000002       0.39053503891017882      -0.19494732194916739        2.0004916367399672     
   3.2400000000000002       0.38707174968324809      -0.19425493924530607        2.0004916367399672     
   3.2200000000000002       0.38381417635524279      -0.19382359935903690        2.0004916367399672     
   3.2000000000000002       0.38028941757566348      -0.19253379874684964        2.0004916367399672     
   3.1800000000000002       0.37699712224031884      -0.19149103970911410        2.0004916367399672     
   3.1600000000000001       0.37342800791482300      -0.18958916430306588        2.0004916367399672     
   3.1400000000000001       0.37011804286425626      -0.18791981078233927        2.0004916367399672     
   3.1200000000000001       0.36652243051107952      -0.18539372374540800        2.0004916367399672     
   3.1000000000000001       0.36321249535980926      -0.18308520030918768        2.0004916367399672     
   3.0800000000000001       0.35960891715401316      -0.17992538982414247        2.0004916367399672     
   3.0600000000000001       0.35631728817375719      -0.17696782598559804        2.0004916367399672     
   3.0400000000000000       0.35272487746743220      -0.17316749909664095        2.0004916367399672     
   3.0200000000000000       0.34947033272572381      -0.16955382282766815        2.0004916367399672     
   3.0000000000000000       0.34590874622774903      -0.16510898755789077        2.0004916367399672     
   2.9800000000000000       0.34271048683770999      -0.16083500668252651        2.0004916367399672     
   2.9600000000000000       0.33919982276384270      -0.15574454188540388        2.0004916367399672     
   2.9399999999999999       0.33607739057615338      -0.15080901282230430        2.0004916367399672     
   2.9199999999999999       0.33263810310517627      -0.14507472528142507        2.0004916367399672     
   2.8999999999999999       0.32961129519545412      -0.13947940866199904        2.0004916367399672     
   2.8799999999999999       0.32626410559076702      -0.13310607701216359        2.0004916367399672     
   2.8599999999999999       0.32335288591613859      -0.12685577976170870        2.0004916367399672     
   2.8399999999999999       0.32011869069437715      -0.11985118486613655        2.0004916367399672     
   2.8199999999999998       0.31734309931182092      -0.11295378839865924        2.0004916367399672     
   2.8000000000000003       0.31424287586071475      -0.10532872988100343        2.0004916367399672     
   2.7800000000000002       0.31162293611671815       -9.7795204123999474E-002   2.0004916367399672     
   2.7600000000000002       0.30867764618327787       -8.9563502819886190E-002   2.0004916367399672     
   2.7400000000000002       0.30623327029933145       -8.1407905852896340E-002   2.0004916367399672     
   2.7200000000000002       0.30346376178648360       -7.2586392013441720E-002   2.0004916367399672     
   2.7000000000000002       0.30121465527787544       -6.3825855173335874E-002   2.0004916367399672     
   2.6800000000000002       0.29864156280270510       -5.4434342322202789E-002   2.0004916367399672     
   2.6600000000000001       0.29660712817890805       -4.5089040698538405E-002   2.0004916367399672     
   2.6400000000000001       0.29425077285857315       -3.5150285114218104E-002   2.0004916367399672     
   2.6200000000000001       0.29245001306215518       -2.5243393429294225E-002   2.0004916367399672     
   2.6000000000000001       0.29033030200425758       -1.4783039295098839E-002   2.0004916367399672     
   2.5800000000000001       0.28878172405165331       -4.3406732351445390E-003   2.0004916367399672     
   2.5600000000000001       0.28691805003421827        6.6128164295260056E-003   2.0004916367399672     
   2.5400000000000000       0.28563956932584217        1.7561673293644022E-002   2.0004916367399672     
   2.5200000000000000       0.28405071115802855        2.8977099736182843E-002   2.0004916367399672     
   2.5000000000000000       0.28305955692707585        4.0400683228593318E-002   2.0004916367399672     
   2.4800000000000000       0.28176358098522403        5.2244208845073664E-002   2.0004916367399672     
   2.4600000000000000       0.28107620335404415        6.4108075383603330E-002   2.0004916367399672     
   2.4399999999999999       0.28009036678860894        7.6343334054779916E-002   2.0004916367399672     
   2.4199999999999999       0.27972234589879746        8.8610475417264314E-002   2.0004916367399672     
   2.3999999999999999       0.27906300200605305       0.10119869590521942        2.0004916367399672     
   2.3799999999999999       0.27902895968337255       0.11382966714311994        2.0004916367399672     
   2.3599999999999999       0.27871146593151125       0.12672980908805986        2.0004916367399672     
   2.3399999999999999       0.27902498033942863       0.13968286909992375        2.0004916367399672     
   2.3199999999999998       0.27906360953176357       0.15285177109146689        2.0004916367399672     
   2.3000000000000003       0.27973713325786514       0.16608303530366100        2.0004916367399672     
   2.2800000000000002       0.28014498830631734       0.17947557443805828        2.0004916367399672     
   2.2600000000000002       0.28118977031408199       0.19293917897746882        2.0004916367399672     
   2.2400000000000002       0.28197870308399575       0.20650844125181839        2.0004916367399672     
   2.2200000000000002       0.28340471494852959       0.22015671793518671        2.0004916367399672     
   2.2000000000000002       0.28458524962115123       0.23385417877222126        2.0004916367399672     
   2.1800000000000002       0.28640111645145205       0.24763784017979226        2.0004916367399672     
   2.1600000000000001       0.28798237783320640       0.26141355432250035        2.0004916367399672     
   2.1400000000000001       0.29019531426549955       0.27528188816995314        2.0004916367399672     
   2.1200000000000001       0.29218496145354811       0.28908468813441790        2.0004916367399672     
   2.1000000000000001       0.29480071308020028       0.30298576010698486        2.0004916367399672     
   2.0800000000000001       0.29720487887177000       0.31676346233469505        2.0004916367399672     
   2.0600000000000001       0.30022766944838186       0.33064432650110964        2.0004916367399672     
   2.0400000000000000       0.30305090585713718       0.34434394430881415        2.0004916367399672     
   2.0200000000000000       0.30648339060668345       0.35815086019060804        2.0004916367399672     
   2.0000000000000000       0.30972862082305641       0.37171882257680033        2.0004916367399672     
   1.9800000000000000       0.31357184613048483       0.38539747791063833        2.0004916367399672     
   1.9600000000000000       0.31724032323453516       0.39877985324319537        2.0004916367399672     
   1.9399999999999999       0.32149369299816183       0.41227559144063308        2.0004916367399672     
   1.9199999999999999       0.32558496570336753       0.42541831502013178        2.0004916367399672     
   1.9000000000000001       0.33024621458078690       0.43867636630056683        2.0004916367399672     
   1.8800000000000001       0.33475810025528385       0.45152547076858568        2.0004916367399672     
   1.8600000000000001       0.33982327401149087       0.46449118591741745        2.0004916367399672     
   1.8400000000000001       0.34475183918988839       0.47699303345879296        2.0004916367399672     
   1.8200000000000001       0.35021528232398702       0.48961211914402625        2.0004916367399672     
   1.8000000000000000       0.35555483088812018       0.50171363441672467        2.0004916367399672     
   1.7800000000000000       0.36140918168250419       0.51393238898357874        2.0004916367399672     
   1.7600000000000000       0.36715225085358077       0.52558129169965506        2.0004916367399672     
   1.7400000000000000       0.37338844395592025       0.53734684035424074        2.0004916367399672     
   1.7200000000000000       0.37952580820357662       0.54849187643035013        2.0004916367399672     
   1.7000000000000000       0.38613308481754233       0.55975240472022969        2.0004916367399672     
   1.6799999999999999       0.39265376775361155       0.57034357491640075        2.0004916367399672     
   1.6600000000000001       0.39961969347907522       0.58104855941788325        2.0004916367399672     
   1.6400000000000001       0.40651098776554800       0.59103734438876421        2.0004916367399672     
   1.6200000000000001       0.41382147809324205       0.60113777951812486        2.0004916367399672     
   1.6000000000000001       0.42106897335513821       0.61047736021169574        2.0004916367399672     
   1.5800000000000001       0.42870832678457887       0.61992598009014110        2.0004916367399672     
   1.5600000000000001       0.43629594547948353       0.62857145244489043        2.0004916367399672     
   1.5400000000000000       0.44424688419252634       0.63732294676496726        2.0004916367399672     
   1.5200000000000000       0.45215692534955576       0.64523152967775677        2.0004916367399672     
   1.5000000000000000       0.46040064333545688       0.65324275254198605        2.0004916367399672     
   1.4800000000000000       0.46861383403757784       0.66037398810513392        2.0004916367399672     
   1.4600000000000000       0.47713005252904805       0.66760415883583146        2.0004916367399672     
   1.4399999999999999       0.48562560697422508       0.67392010387330392        2.0004916367399672     
   1.4199999999999999       0.49439263701788388       0.68033099882573089        2.0004916367399672     
   1.4000000000000001       0.50314832295661083       0.68579640679454434        2.0004916367399672     
   1.3800000000000001       0.51214313490566854       0.69135254124355916        2.0004916367399672     
   1.3600000000000001       0.52113534721527821       0.69593503360745623        2.0004916367399672     
   1.3400000000000001       0.53033364689737461       0.70060383282057270        2.0004916367399672     
   1.3200000000000001       0.53953748801729462       0.70427405904855422        2.0004916367399672     
   1.3000000000000000       0.54891379929641770       0.70802601770552220        2.0004916367399672     
   1.2800000000000000       0.55830316621341158       0.71075780309766023        2.0004916367399672     
   1.2600000000000000       0.56783091963187970       0.71356663226821504        2.0004916367399672     
   1.2400000000000000       0.57737859707049621       0.71533711286515544        2.0004916367399672     
   1.2200000000000000       0.58703022422531337       0.71717987381212756        2.0004916367399672     
   1.2000000000000000       0.59670798366640931       0.71796961770252732        2.0004916367399672     
   1.1799999999999999       0.60645501694407222       0.71882684183684564        2.0004916367399672     
   1.1599999999999999       0.61623372106354379       0.71861995623841024        2.0004916367399672     
   1.1400000000000001       0.62604689832877092       0.71847575061539759        2.0004916367399672     
   1.1200000000000001       0.63589661041971168       0.71725997416990128        2.0004916367399672     
   1.1000000000000001       0.64574598422673968       0.71610211198227014        2.0004916367399672     
   1.0800000000000001       0.65563608214126690       0.71386889177263790        2.0004916367399672     
   1.0600000000000001       0.66549113301147855       0.71168888736452784        2.0004916367399672     
   1.0400000000000000       0.67539042713359609       0.70843344023236976        2.0004916367399672     
   1.0200000000000000       0.68522018042045396       0.70522660823020022        2.0004916367399672     
   1.0000000000000000       0.69509703515868715       0.70094796604481979        2.0004916367399672     
  0.97999999999999998       0.70487018100037346       0.69671346427433922        2.0004916367399672     
  0.95999999999999996       0.71469263926863524       0.69141450287877126        2.0004916367399672     
  0.94000000000000006       0.72437765511057084       0.68615535881310818        2.0004916367399672     
  0.92000000000000004       0.73411356524794813       0.67984281044882366        2.0004916367399672     
  0.90000000000000002       0.74367884040156629       0.67356593100917372        2.0004916367399672     
  0.88000000000000000       0.75329598496651362       0.66625038009835269        2.0004916367399672     
  0.85999999999999999       0.76270994665741720       0.65896654470681704        2.0004916367399672     
  0.83999999999999997       0.77217617251934723       0.65066240694910005        2.0004916367399672     
  0.82000000000000006       0.78140741286731463       0.64238624381169174        2.0004916367399672     
  0.80000000000000004       0.79069076200884836       0.63311172863073473        2.0004916367399672     
  0.78000000000000003       0.79970816537417544       0.62386167430732731        2.0004916367399672     
  0.76000000000000001       0.80877700581041279       0.61363873076085662        2.0004916367399672     
  0.73999999999999999       0.81754987593578121       0.60343697315744715        2.0004916367399672     
  0.71999999999999997       0.82637303215296543       0.59229121950248098        2.0004916367399672     
  0.70000000000000007       0.83487121852748980       0.58116362449917780        2.0004916367399672     
  0.68000000000000005       0.84341810084235813       0.56912426168124086        2.0004916367399672     
  0.66000000000000003       0.85161212371464690       0.55710028368648512        2.0004916367399672     
  0.64000000000000001       0.85985285595765992       0.54419999309760747        2.0004916367399672     
  0.62000000000000000       0.86771402942766895       0.53131256989491049        2.0004916367399672     
  0.59999999999999998       0.87561957435815319       0.51758739581959179        2.0004916367399672     
  0.57999999999999996       0.88312012698327902       0.50387282814712175        2.0004916367399672     
  0.56000000000000005       0.89066240885232040       0.48936204538789790        2.0004916367399672     
  0.54000000000000004       0.89777560121153888       0.47485986176323725        2.0004916367399672     
  0.52000000000000002       0.90492762489920076       0.45960582900763403        2.0004916367399672     
  0.50000000000000000       0.91162786357010528       0.44435863637958944        2.0004916367399672     
  0.47999999999999998       0.91836382973714970       0.42840663593776107        2.0004916367399672     
  0.46000000000000002       0.92462677715436725       0.41245995681389014        2.0004916367399672     
  0.44000000000000000       0.93092219286511391       0.39585802142077647        2.0004916367399672     
  0.41999999999999998       0.93672487254478232       0.37926011818299832        2.0004916367399672     
  0.40000000000000002       0.94255665683691825       0.36205884562009183        2.0004916367399672     
  0.38000000000000000       0.94787755347058267       0.34486053280104317        2.0004916367399672     
  0.35999999999999999       0.95322413736960798       0.32711288915052844        2.0004916367399672     
  0.34000000000000002       0.95804329131195909       0.30936733449994031        2.0004916367399672     
  0.32000000000000001       0.96288471181235746       0.29112844689779044        2.0004916367399672     
  0.29999999999999999       0.96718380751063071       0.27289096212080810        2.0004916367399672     
  0.28000000000000003       0.97150179507271350       0.25421790192512661        2.0004916367399672     
  0.26000000000000001       0.97526424301115477       0.23554572402294591        2.0004916367399672     
  0.23999999999999999       0.97904230215168286       0.21649728135919735        2.0004916367399672     
  0.22000000000000000       0.98225331391220305       0.19744934554639154        2.0004916367399672     
  0.20000000000000001       0.98547679649821129       0.17808579623195320        2.0004916367399672     
  0.17999999999999999       0.98812345256803991       0.15872250144423197        2.0004916367399672     
  0.16000000000000000       0.99077962345661630       0.13910536733072312        2.0004916367399672     
  0.14000000000000001       0.99285093344534336       0.11948833537139392        2.0004916367399672     
  0.12000000000000000       0.99492902814726991        9.9680139174335214E-002   2.0004916367399672     
  0.10000000000000001       0.99641598310896562        7.9871968577276534E-002   2.0004916367399672     
   8.0000000000000002E-002  0.99790725719095985        5.9935984288638264E-002   2.0004916367399672     
   5.9999999999999998E-002  0.99880287378197863        4.0000000000000001E-002   2.0004916367399672     
   4.0000000000000001E-002  0.99970064376056311        2.0000000000000000E-002   2.0004916367399672     
   2.0000000000000000E-002   1.0000000000000000        0.0000000000000000        2.0004916367399672     
   0.0000000000000000        1.0000000000000000        0.0000000000000000        2.0004916367399672     
