   15.000000000000000        0.0000000000000000        0.0000000000000000        2.0005011830540163     
   14.980000000000000       0.43087917819801291        2.4306404046019529E-002   2.0005011830540163     
   14.960000000000001       0.43087188380973895        1.3469882396671021E-002   2.0005011830540163     
   14.940000000000000       0.43106887983526265        1.4421553997850157E-002   2.0005011830540163     
   14.920000000000000       0.43096791481035718        1.4913097089035945E-002   2.0005011830540163     
   14.900000000000000       0.43117606250276541        1.5832604419044126E-002   2.0005011830540163     
   14.880000000000001       0.43109524291469575        1.6270023310726325E-002   2.0005011830540163     
   14.859999999999999       0.43131346415000293        1.7151921296431633E-002   2.0005011830540163     
   14.840000000000000       0.43125236168817604        1.7531368628110677E-002   2.0005011830540163     
   14.820000000000000       0.43147948921135171        1.8370446175608686E-002   2.0005011830540163     
   14.800000000000001       0.43143755748990031        1.8688381618965463E-002   2.0005011830540163     
   14.780000000000001       0.43167233973611779        1.9479694122698704E-002   2.0005011830540163     
   14.760000000000000       0.43164891754225088        1.9732911202816169E-002   2.0005011830540163     
   14.740000000000000       0.43189002408128963        2.0471811502077802E-002   2.0005011830540163     
   14.720000000000001       0.43188433936428056        2.0657462602083870E-002   2.0005011830540163     
   14.700000000000001       0.43213036694445028        2.1339630186464474E-002   2.0005011830540163     
   14.680000000000000       0.43214154152654577        2.1455249558749435E-002   2.0005011830540163     
   14.660000000000000       0.43239102069086299        2.2076717834063210E-002   2.0005011830540163     
   14.640000000000001       0.43241807567628621        2.2120242452224360E-002   2.0005011830540163     
   14.620000000000001       0.43266947792007365        2.2677423889656590E-002   2.0005011830540163     
   14.600000000000000       0.43271133977332288        2.2647211987411490E-002   2.0005011830540163     
   14.580000000000000       0.43296308520899401        2.3136920990985514E-002   2.0005011830540163     
   14.560000000000000       0.43301859246883329        2.3031768147456253E-002   2.0005011830540163     
   14.540000000000001       0.43326905796034348        2.3451241488357439E-002   2.0005011830540163     
   14.520000000000000       0.43333696855128973        2.3270394133243062E-002   2.0005011830540163     
   14.500000000000000       0.43358449627758644        2.3617308813969746E-002   2.0005011830540163     
   14.480000000000000       0.43366349537634358        2.3360475041127472E-002   2.0005011830540163     
   14.460000000000001       0.43390640178014644        2.3632963467793026E-002   2.0005011830540163     
   14.440000000000000       0.43399511019043496        2.3300321061570255E-002   2.0005011830540163     
   14.420000000000000       0.43423169526580263        2.3496983418839500E-002   2.0005011830540163     
   14.400000000000000       0.43432867825128246        2.3089185014028322E-002   2.0005011830540163     
   14.380000000000001       0.43455723512071481        2.3209098754055500E-002   2.0005011830540163     
   14.359999999999999       0.43466101164238635        2.2727274067494318E-002   2.0005011830540163     
   14.340000000000000       0.43487983637166777        2.2770000441742339E-002   2.0005011830540163     
   14.320000000000000       0.43498888867313329        2.2215755531269282E-002   2.0005011830540163     
   14.300000000000001       0.43519629026973583        2.2181343112093112E-002   2.0005011830540163     
   14.280000000000001       0.43530907375113914        2.1556756636671191E-002   2.0005011830540163     
   14.260000000000000       0.43550338428985264        2.1445741793982939E-002   2.0005011830540163     
   14.240000000000000       0.43561833760914281        2.0753358267237735E-002   2.0005011830540163     
   14.220000000000001       0.43579792242661253        2.0566762584290143E-002   2.0005011830540163     
   14.200000000000001       0.43591347776501521        1.9809582632352225E-002   2.0005011830540163     
   14.180000000000000       0.43607674566317495        1.9548907263587843E-002   2.0005011830540163     
   14.160000000000000       0.43619133909040053        1.8730374916887702E-002   2.0005011830540163     
   14.140000000000001       0.43633675248731574        1.8397591909782903E-002   2.0005011830540163     
   14.120000000000001       0.43644883436111315        1.7521578977199800E-002   2.0005011830540163     
   14.100000000000000       0.43657491932661108        1.7119119598992774E-002   2.0005011830540163     
   14.080000000000000       0.43668296466071399        1.6189907191394660E-002   2.0005011830540163     
   14.060000000000000       0.43678832077333046        1.5720647320380116E-002   2.0005011830540163     
   14.040000000000001       0.43689083950772556        1.4742904609016162E-002   2.0005011830540163     
   14.020000000000000       0.43697414946903373        1.4210147268634987E-002   2.0005011830540163     
   14.000000000000000       0.43706969657670597        1.3188907581901504E-002   2.0005011830540163     
   13.980000000000000       0.43712973551900003        1.2596362714035412E-002   2.0005011830540163     
   13.960000000000001       0.43721692088391545        1.1536997093768724E-002   2.0005011830540163     
   13.940000000000000       0.43725256530752843        1.0888758685331686E-002   2.0005011830540163     
   13.920000000000000       0.43733006330960605        9.7969470408159134E-003   2.0005011830540163     
   13.900000000000000       0.43734029958692527        9.0974677348516931E-003   2.0005011830540163     
   13.880000000000001       0.43740685833103143        7.9791677491209689E-003   2.0005011830540163     
   13.859999999999999       0.43739079071545850        7.2332310880156864E-003   2.0005011830540163     
   13.840000000000000       0.43744524084314135        6.0946450465891103E-003   2.0005011830540163     
   13.820000000000000       0.43740209892295284        5.3073355106334503E-003   2.0005011830540163     
   13.800000000000001       0.43744336194758504        4.1548752375153222E-003   2.0005011830540163     
   13.780000000000001       0.43737250748682238        3.3315462567544149E-003   2.0005011830540163     
   13.760000000000000       0.43739960359513108        2.1717963562011690E-003   2.0005011830540163     
   13.740000000000000       0.43730053670629365        1.3180364872306047E-003   2.0005011830540163     
   13.720000000000001       0.43731259197185540        1.5771610236469183E-004   2.0005011830540163     
   13.700000000000001       0.43718495656834727       -7.2068642563368358E-004   2.0005011830540163     
   13.680000000000000       0.43718120952554890       -1.8747631149183446E-003   2.0005011830540163     
   13.660000000000000       0.43702479800542876       -2.7718572691666542E-003   2.0005011830540163     
   13.640000000000001       0.43700460553560971       -3.9128215764665545E-003   2.0005011830540163     
   13.620000000000001       0.43681936265230636       -4.8225315786764771E-003   2.0005011830540163     
   13.600000000000000       0.43678220513732180       -5.9435016282565626E-003   2.0005011830540163     
   13.580000000000000       0.43656823101748810       -6.8596659670218749E-003   2.0005011830540163     
   13.560000000000000       0.43651371671976186       -7.9537885493816251E-003   2.0005011830540163     
   13.540000000000001       0.43627126899337837       -8.8701997046463487E-003   2.0005011830540163     
   13.520000000000000       0.43619913762563073       -9.9306924161719889E-003   2.0005011830540163     
   13.500000000000000       0.43592863263877918       -1.0841137047554482E-002   2.0005011830540163     
   13.480000000000000       0.43583875809102041       -1.1861330455747370E-002   2.0005011830540163     
   13.460000000000001       0.43554077117737633       -1.2759629802033292E-002   2.0005011830540163     
   13.440000000000000       0.43543316337348931       -1.3733009375204157E-002   2.0005011830540163     
   13.420000000000000       0.43510842816648876       -1.4613059609422087E-002   2.0005011830540163     
   13.400000000000000       0.43498323402767530       -1.5533307148755846E-002   2.0005011830540163     
   13.380000000000001       0.43463264080146652       -1.6389119431939537E-002   2.0005011830540163     
   13.359999999999999       0.43449014429910870       -1.7250153744528610E-002   2.0005011830540163     
   13.340000000000000       0.43411473733271122       -1.8075893721581405E-002   2.0005011830540163     
   13.320000000000000       0.43395535861868345       -1.8871910275372557E-002   2.0005011830540163     
   13.300000000000001       0.43355633258421172       -1.9661936758388208E-002   2.0005011830540163     
   13.280000000000001       0.43338062619243950       -2.0387446063993810E-002   2.0005011830540163     
   13.260000000000000       0.43295932157475070       -2.1136348651962022E-002   2.0005011830540163     
   13.240000000000000       0.43276797369371661       -2.1786213121943593E-002   2.0005011830540163     
   13.220000000000001       0.43232587125535699       -2.2488848510961178E-002   2.0005011830540163     
   13.200000000000001       0.43211969607739353       -2.3058317554466225E-002   2.0005011830540163     
   13.180000000000000       0.43165841038916547       -2.3709844299367761E-002   2.0005011830540163     
   13.160000000000000       0.43143834554860000       -2.4194587418844515E-002   2.0005011830540163     
   13.140000000000001       0.43095961761243667       -2.4790498915531676E-002   2.0005011830540163     
   13.120000000000001       0.43072671873099710       -2.5186636582631844E-002   2.0005011830540163     
   13.100000000000000       0.43023240772804477       -2.5722792050244234E-002   2.0005011830540163     
   13.080000000000000       0.42998784209230112       -2.6026924149866692E-002   2.0005011830540163     
   13.060000000000000       0.42947991629510801       -2.6499577403308348E-002   2.0005011830540163     
   13.040000000000001       0.42922495569710517       -2.6708809047976841E-002   2.0005011830540163     
   13.020000000000000       0.42870548259060776       -2.7114634864040900E-002   2.0005011830540163     
   13.000000000000000       0.42844149536913118       -2.7226599395369720E-002   2.0005011830540163     
   12.980000000000000       0.42791263103061383       -2.7562717289793998E-002   2.0005011830540163     
   12.960000000000001       0.42764107335669405       -2.7575596299583473E-002   2.0005011830540163     
   12.940000000000000       0.42710505115010022       -2.7839591547668109E-002   2.0005011830540163     
   12.920000000000000       0.42682745760638219       -2.7752131768098254E-002   2.0005011830540163     
   12.900000000000000       0.42628657625119593       -2.7942073518006798E-002   2.0005011830540163     
   12.880000000000001       0.42600454976047186       -2.7753600448341187E-002   2.0005011830540163     
   12.859999999999999       0.42546116083990748       -2.7868056793690942E-002   2.0005011830540163     
   12.840000000000000       0.42517636200359205       -2.7578484949802032E-002   2.0005011830540163     
   12.820000000000000       0.42463285698091074       -2.7616534846623048E-002   2.0005011830540163     
   12.800000000000001       0.42434699289324118       -2.7226374539331178E-002   2.0005011830540163     
   12.780000000000001       0.42380578970876365       -2.7187616471752395E-002   2.0005011830540163     
   12.760000000000000       0.42352060231715571       -2.6697977040369341E-002   2.0005011830540163     
   12.740000000000000       0.42298413164180987       -2.6582534359373428E-002   2.0005011830540163     
   12.720000000000001       0.42270138572792348       -2.5995123807822405E-002   2.0005011830540163     
   12.700000000000001       0.42217207695208558       -2.5803646687995219E-002   2.0005011830540163     
   12.680000000000000       0.42189354781176808       -2.5120767692311554E-002   2.0005011830540163     
   12.660000000000000       0.42137381485056985       -2.4854431672559713E-002   2.0005011830540163     
   12.640000000000001       0.42110127575390133       -2.4078973950347585E-002   2.0005011830540163     
   12.620000000000001       0.42059350275221175       -2.3739475045916031E-002   2.0005011830540163     
   12.600000000000000       0.42032871226729840       -2.2874904100324875E-002   2.0005011830540163     
   12.580000000000000       0.41983523928913280       -2.2464450495044256E-002   2.0005011830540163     
   12.560000000000000       0.41957992855512355       -2.1514792767905220E-002   2.0005011830540163     
   12.540000000000001       0.41910303734335230       -2.1036093117237489E-002   2.0005011830540163     
   12.520000000000000       0.41885889737931736       -2.0005917608033517E-002   2.0005011830540163     
   12.500000000000000       0.41840079727218954       -1.9462166005078860E-002   2.0005011830540163     
   12.480000000000000       0.41816946640901120       -1.8356562434309588E-002   2.0005011830540163     
   12.460000000000001       0.41773228050018024       -1.7751420112350688E-002   2.0005011830540163     
   12.440000000000000       0.41751533202247110       -1.6575973729422502E-002   2.0005011830540163     
   12.420000000000000       0.41710108365092236       -1.5913547595656621E-002   2.0005011830540163     
   12.400000000000000       0.41690001373519064       -1.4674310752631866E-002   2.0005011830540163     
   12.380000000000001       0.41651061339069029       -1.3959128868383927E-002   2.0005011830540163     
   12.359999999999999       0.41632682942454141       -1.2662589501537173E-002   2.0005011830540163     
   12.340000000000000       0.41596406215296011       -1.1899573644308986E-002   2.0005011830540163     
   12.320000000000000       0.41579887151809308       -1.0552620825443434E-002   2.0005011830540163     
   12.300000000000001       0.41546438490920801       -9.7470562875147538E-003   2.0005011830540163     
   12.280000000000001       0.41531898430832931       -8.3569430261824663E-003   2.0005011830540163     
   12.260000000000000       0.41501427714644040       -7.5144458230243828E-003   2.0005011830540163     
   12.240000000000000       0.41488974255103256       -6.0887493191073110E-003   2.0005011830540163     
   12.220000000000001       0.41461615420599129       -5.2152309984730260E-003   2.0005011830540163     
   12.200000000000001       0.41451343149818209       -3.7618105618606673E-003   2.0005011830540163     
   12.180000000000000       0.41427213213115838       -2.8634408209812917E-003   2.0005011830540163     
   12.160000000000000       0.41419202850874121       -1.3903936912596630E-003   2.0005011830540163     
   12.140000000000001       0.41398401016331271       -4.7356102495338826E-004   2.0005011830540163     
   12.120000000000001       0.41392718637235115        1.0108236610710196E-003   2.0005011830540163     
   12.100000000000000       0.41375325501724747        1.9395530444154094E-003   2.0005011830540163     
   12.080000000000000       0.41372021847168794        3.4268418759397239E-003   2.0005011830540163     
   12.060000000000000       0.41358098705678442        4.3607666207813459E-003   2.0005011830540163     
   12.040000000000001       0.41357208589912703        5.8424308534284798E-003   2.0005011830540163     
   12.020000000000000       0.41346796848109174        6.7747582448379074E-003   2.0005011830540163     
   12.000000000000000       0.41348338663247380        8.2422237741076963E-003   2.0005011830540163     
   11.980000000000000       0.41341459362081956        9.1661144760287472E-003   2.0005011830540163     
   11.960000000000001       0.41345434686294230        1.0610812550635413E-002   2.0005011830540163     
   11.940000000000000       0.41342088143114175        1.1519426015605575E-002   2.0005011830540163     
   11.920000000000000       0.41348481455626335        1.2932844390252836E-002   2.0005011830540163     
   11.900000000000000       0.41348647025613333        1.3819384655032966E-002   2.0005011830540163     
   11.880000000000001       0.41357425531498732        1.5193118876658921E-002   2.0005011830540163     
   11.859999999999999       0.41361061492568518        1.6050880453431643E-002   2.0005011830540163     
   11.840000000000000       0.41372175059664079        1.7376684971246510E-002   2.0005011830540163     
   11.820000000000000       0.41379218623246766        1.8199098541038336E-002   2.0005011830540163     
   11.800000000000001       0.41392599832857679        1.9468937328836797E-002   2.0005011830540163     
   11.779999999999999       0.41402967282233349        2.0249614942615676E-002   2.0005011830540163     
   11.760000000000000       0.41418531594615648        2.1455711321916239E-002   2.0005011830540163     
   11.740000000000000       0.41432118551711994        2.2188490815458140E-002   2.0005011830540163     
   11.720000000000001       0.41449764586636678        2.3323376170002495E-002   2.0005011830540163     
   11.700000000000001       0.41466446407410823        2.4002364501110620E-002   2.0005011830540163     
   11.680000000000000       0.41486056339426286        2.5058925577179935E-002   2.0005011830540163     
   11.660000000000000       0.41505688637153620        2.5678540798180889E-002   2.0005011830540163     
   11.640000000000001       0.41527128704472344        2.6650065291045206E-002   2.0005011830540163     
   11.620000000000001       0.41549547999462455        2.7205076875661836E-002   2.0005011830540163     
   11.600000000000000       0.41572669124706718        2.8085297010226828E-002   2.0005011830540163     
   11.580000000000000       0.41597693618158316        2.8570864261938854E-002   2.0005011830540163     
   11.560000000000000       0.41622332138514195        2.9353998085310522E-002   2.0005011830540163     
   11.540000000000001       0.41649762607422391        2.9765706364086687E-002   2.0005011830540163     
   11.520000000000000       0.41675741111067349        3.0446496479236106E-002   2.0005011830540163     
   11.500000000000000       0.41705361920305040        3.0780390995051133E-002   2.0005011830540163     
   11.480000000000000       0.41732490185300336        3.1354140478020730E-002   2.0005011830540163     
   11.460000000000001       0.41764070412222337        3.1606757412761456E-002   2.0005011830540163     
   11.440000000000000       0.41792146443398637        3.2069362670806255E-002   2.0005011830540163     
   11.420000000000000       0.41825441109564820        3.2237757404975941E-002   2.0005011830540163     
   11.400000000000000       0.41854252268277087        3.2585737749605437E-002   2.0005011830540163     
   11.380000000000001       0.41889003672166880        3.2667509986571183E-002   2.0005011830540163     
   11.359999999999999       0.41918327893162027        3.2898033713558997E-002   2.0005011830540163     
   11.340000000000000       0.41954267037057724        3.2891349311848700E-002   2.0005011830540163     
   11.320000000000000       0.41983874126084736        3.3002256099793043E-002   2.0005011830540163     
   11.300000000000001       0.42020722229646568        3.2905865443045690E-002   2.0005011830540163     
   11.279999999999999       0.42050375234848053        3.2895684902893518E-002   2.0005011830540163     
   11.260000000000000       0.42087845327286155        3.2708937657391614E-002   2.0005011830540163     
   11.240000000000000       0.42117301976848870        3.2576903887336119E-002   2.0005011830540163     
   11.220000000000001       0.42155100559025804        3.2299760018469979E-002   2.0005011830540163     
   11.200000000000001       0.42184114757036484        3.2045822041692491E-002   2.0005011830540163     
   11.180000000000000       0.42221943524309297        3.1678858983116412E-002   2.0005011830540163     
   11.160000000000000       0.42250266896268462        3.1303686969808113E-002   2.0005011830540163     
   11.140000000000001       0.42287824512404715        3.0848102862291584E-002   2.0005011830540163     
   11.120000000000001       0.42315207991396175        3.0353090062128683E-002   2.0005011830540163     
   11.100000000000000       0.42352191903476366        2.9810703003072092E-002   2.0005011830540163     
   11.080000000000000       0.42378387347582236        2.9197963339685391E-002   2.0005011830540163     
   11.060000000000000       0.42414495631434873        2.8571206608788684E-002   2.0005011830540163     
   11.040000000000001       0.42439257462624391        2.7843567913594030E-002   2.0005011830540163     
   11.020000000000000       0.42474190688028740        2.7135481165116149E-002   2.0005011830540163     
   11.000000000000000       0.42497277542444178        2.6296474054039804E-002   2.0005011830540163     
   10.980000000000000       0.42530740647085091        2.5510690491299084E-002   2.0005011830540163     
   10.960000000000001       0.42551917026397384        2.4564532914253121E-002   2.0005011830540163     
   10.940000000000000       0.42583621187363019        2.3705262487352611E-002   2.0005011830540163     
   10.920000000000000       0.42602659100682733        2.2656840006651094E-002   2.0005011830540163     
   10.900000000000000       0.42632323592165128        2.1728848699717938E-002   2.0005011830540163     
   10.880000000000001       0.42649004177869476        2.0583690579832923E-002   2.0005011830540163     
   10.859999999999999       0.42676358203658649        1.9592275879161451E-002   2.0005011830540163     
   10.840000000000000       0.42690473320439198        1.8356527096116074E-002   2.0005011830540163     
   10.820000000000000       0.42715257809792717        1.7307489755393059E-002   2.0005011830540163     
   10.800000000000001       0.42726611586240598        1.5987879059553341E-002   2.0005011830540163     
   10.779999999999999       0.42748580941769543        1.4887491302611801E-002   2.0005011830540163     
   10.760000000000000       0.42756991273898604        1.3491295493505933E-002   2.0005011830540163     
   10.740000000000000       0.42775915060228914        1.2346265818695846E-002   2.0005011830540163     
   10.720000000000001       0.42781215046493476        1.0881270414612189E-002   2.0005011830540163     
   10.700000000000001       0.42796879608648647        9.6987051877264006E-003   2.0005011830540163     
   10.680000000000000       0.42798918912239070        8.1731616960836976E-003   2.0005011830540163     
   10.660000000000000       0.42811128912941049        6.9605237406844041E-003   2.0005011830540163     
   10.640000000000001       0.42809775041442327        5.3831037573755999E-003   2.0005011830540163     
   10.620000000000001       0.42818354906841932        4.1481681722096604E-003   2.0005011830540163     
   10.600000000000000       0.42813494399709412        2.5279145591695432E-003   2.0005011830540163     
   10.580000000000000       0.42818289663442249        1.2787220119824922E-003   2.0005011830540163     
   10.560000000000000       0.42809829178190689       -3.7500257801306898E-004   2.0005011830540163     
   10.540000000000001       0.42810707714099300       -1.6301948126695998E-003   2.0005011830540163     
   10.520000000000000       0.42798575002606548       -3.3077617766385128E-003   2.0005011830540163     
   10.500000000000000       0.42795428136984820       -4.5605307511943846E-003   2.0005011830540163     
   10.480000000000000       0.42779572903883506       -6.2521014378867125E-003   2.0005011830540163     
   10.460000000000001       0.42772316398675353       -7.4939111374905786E-003   2.0005011830540163     
   10.440000000000000       0.42752711034437013       -9.1894944913757052E-003   2.0005011830540163     
   10.420000000000000       0.42741285933461037       -1.0411749798386685E-002   2.0005011830540163     
   10.400000000000000       0.42717926115463623       -1.2101261413054138E-002   2.0005011830540163     
   10.380000000000001       0.42702299446439562       -1.3295363105359552E-002   2.0005011830540163     
   10.359999999999999       0.42675204602049543       -1.4968685342195309E-002   2.0005011830540163     
   10.340000000000000       0.42655369927960918       -1.6126085790542824E-002   2.0005011830540163     
   10.320000000000000       0.42624583554447198       -1.7773128608977361E-002   2.0005011830540163     
   10.300000000000001       0.42600561368594203       -1.8885387830622991E-002   2.0005011830540163     
   10.279999999999999       0.42566151205518132       -2.0496149968720595E-002   2.0005011830540163     
   10.260000000000000       0.42537989165484480       -2.1554991688820649E-002   2.0005011830540163     
   10.240000000000000       0.42500047216077452       -2.3119621827551264E-002   2.0005011830540163     
   10.220000000000001       0.42467820212754126       -2.4116989195947954E-002   2.0005011830540163     
   10.200000000000001       0.42426462611687987       -2.5625846737200329E-002   2.0005011830540163     
   10.180000000000000       0.42390272670460671       -2.6553957346632184E-002   2.0005011830540163     
   10.160000000000000       0.42345639396339518       -2.7997672433948642E-002   2.0005011830540163     
   10.140000000000001       0.42305615408549174       -2.8849072286228510E-002   2.0005011830540163     
   10.120000000000001       0.42257869840391921       -3.0218604698411599E-002   2.0005011830540163     
   10.100000000000000       0.42214167124211877       -3.0986220767858744E-002   2.0005011830540163     
   10.080000000000000       0.42163495442153315       -3.2272917318988625E-002   2.0005011830540163     
   10.060000000000000       0.42116295133087256       -3.2950108367312346E-002   2.0005011830540163     
   10.040000000000001       0.42062905564489200       -3.4145758452391296E-002   2.0005011830540163     
   10.020000000000000       0.42012413836774681       -3.4726363756332923E-002   2.0005011830540163     
   10.000000000000000       0.41956535749909724       -3.5823252689660329E-002   2.0005011830540163     
   9.9800000000000004       0.41902982871202166       -3.6301638351976466E-002   2.0005011830540163     
   9.9600000000000009       0.41844865719640267       -3.7292598155501094E-002   2.0005011830540163     
   9.9399999999999995       0.41788504942447335       -3.7663700681265809E-002   2.0005011830540163     
   9.9199999999999999       0.41728417064236900       -3.8542157992442913E-002   2.0005011830540163     
   9.9000000000000004       0.41669523358661903       -3.8801524826128440E-002   2.0005011830540163     
   9.8800000000000008       0.41607750635346058       -3.9561545609251493E-002   2.0005011830540163     
   9.8599999999999994       0.41546619268776341       -3.9705372343537285E-002   2.0005011830540163     
   9.8399999999999999       0.41483463650218061       -4.0341703104983910E-002   2.0005011830540163     
   9.8200000000000003       0.41420408620649152       -4.0366867089664665E-002   2.0005011830540163     
   9.8000000000000007       0.41356186522549454       -4.0874972315946514E-002   2.0005011830540163     
   9.7799999999999994       0.41291538853260906       -4.0779062414589201E-002   2.0005011830540163     
   9.7599999999999998       0.41226579435138028       -4.1155157972421932E-002   2.0005011830540163     
   9.7400000000000002       0.41160685339424696       -4.0936500235418956E-002   2.0005011830540163     
   9.7200000000000006       0.41095328671674142       -4.1177582495113205E-002   2.0005011830540163     
   9.7000000000000011       0.41028547597279491       -4.0835261540430205E-002   2.0005011830540163     
   9.6799999999999997       0.40963142726750357       -4.0939132007629116E-002   2.0005011830540163     
   9.6600000000000001       0.40895845290537108       -4.0473007924680608E-002   2.0005011830540163     
   9.6400000000000006       0.40830748214834583       -4.0438293190704286E-002   2.0005011830540163     
   9.6200000000000010       0.40763314039058951       -3.9849013808299374E-002   2.0005011830540163     
   9.5999999999999996       0.40698885600510282       -3.9675180655953338E-002   2.0005011830540163     
   9.5800000000000001       0.40631701062829778       -3.8964189041980402E-002   2.0005011830540163     
   9.5600000000000005       0.40568304773727759       -3.8651554571499422E-002   2.0005011830540163     
   9.5400000000000009       0.40501760683765925       -3.7821091659831801E-002   2.0005011830540163     
   9.5199999999999996       0.40439760495125399       -3.7370828328479024E-002   2.0005011830540163     
   9.5000000000000000       0.40374249711032462       -3.6423930597284868E-002   2.0005011830540163     
   9.4800000000000004       0.40314007737655605       -3.5838066095876225E-002   2.0005011830540163     
   9.4600000000000009       0.40249922736641036       -3.4778558250989557E-002   2.0005011830540163     
   9.4399999999999995       0.40191796951782283       -3.4059970171062909E-002   2.0005011830540163     
   9.4199999999999999       0.40129527369046419       -3.2892452818110554E-002   2.0005011830540163     
   9.4000000000000004       0.40073869282393160       -3.2044858094435379E-002   2.0005011830540163     
   9.3800000000000008       0.40013799433248898       -3.0774690413850753E-002   2.0005011830540163     
   9.3599999999999994       0.39960951766287323       -2.9802629558319305E-002   2.0005011830540163     
   9.3399999999999999       0.39903458166539196       -2.8435907028056373E-002   2.0005011830540163     
   9.3200000000000003       0.39853752539645693       -2.7344723202482903E-002   2.0005011830540163     
   9.3000000000000007       0.39799201439477727       -2.5888250443946600E-002   2.0005011830540163     
   9.2799999999999994       0.39752956085269930       -2.4684063450797329E-002   2.0005011830540163     
   9.2599999999999998       0.39701701031985875       -2.3145322304095682E-002   2.0005011830540163     
   9.2400000000000002       0.39659218549572633       -2.1834997605440099E-002   2.0005011830540163     
   9.2200000000000006       0.39611597994533232       -2.0222110570322856E-002   2.0005011830540163     
   9.2000000000000011       0.39573163159321301       -1.8813223476194144E-002   2.0005011830540163     
   9.1799999999999997       0.39529498124330875       -1.7134912684812351E-002   2.0005011830540163     
   9.1600000000000001       0.39495375767973168       -1.5635707882479189E-002   2.0005011830540163     
   9.1400000000000006       0.39455967586185714       -1.3901249799186062E-002   2.0005011830540163     
   9.1200000000000010       0.39426400561090752       -1.2320596424411223E-002   2.0005011830540163     
   9.0999999999999996       0.39391528707231233       -1.0539772496058978E-002   2.0005011830540163     
   9.0800000000000001       0.39366735949793674       -8.8871149760520636E-003   2.0005011830540163     
   9.0600000000000005       0.39336655974128398       -7.0701584834432143E-003   2.0005011830540163     
   9.0400000000000009       0.39316830680487486       -5.3554634087494305E-003   2.0005011830540163     
   9.0199999999999996       0.39291772260527064       -3.5130027958992986E-003   2.0005011830540163     
   9.0000000000000000       0.39277080188210572       -1.7467021047320773E-003   2.0005011830540163     
   8.9800000000000004       0.39257245311594297        1.1029891276172210E-004   2.0005011830540163     
   8.9600000000000009       0.39247823219865086        1.9173681294242595E-003   2.0005011830540163     
   8.9399999999999995       0.39233384511257580        3.7776733525106522E-003   2.0005011830540163     
   8.9199999999999999       0.39229338752345039        5.6143320934964411E-003   2.0005011830540163     
   8.9000000000000004       0.39220437956476989        7.4664981784724896E-003   2.0005011830540163     
   8.8800000000000008       0.39221843229154973        9.3212914696153039E-003   2.0005011830540163     
   8.8599999999999994       0.39218589861365377        1.1153735452183788E-002   2.0005011830540163     
   8.8399999999999999       0.39225488137527631        1.3015000605500829E-002   2.0005011830540163     
   8.8200000000000003       0.39227958312314337        1.4816069227031915E-002   2.0005011830540163     
   8.8000000000000007       0.39240357946308863        1.6672006031648434E-002   2.0005011830540163     
   8.7799999999999994       0.39248593393475090        1.8430046469063571E-002   2.0005011830540163     
   8.7599999999999998       0.39266468422991752        2.0268788908212574E-002   2.0005011830540163     
   8.7400000000000002       0.39280475699986939        2.1972220495577517E-002   2.0005011830540163     
   8.7200000000000006       0.39303765346251307        2.3781909570812516E-002   2.0005011830540163     
   8.7000000000000011       0.39323515254258545        2.5419296089720475E-002   2.0005011830540163     
   8.6799999999999997       0.39352123628182184        2.7188153322659735E-002   2.0005011830540163     
   8.6600000000000001       0.39377550838393588        2.8748275429886356E-002   2.0005011830540163     
   8.6400000000000006       0.39411346858164797        3.0464676603411234E-002   2.0005011830540163     
   8.6200000000000010       0.39442349753528549        3.1936603958218138E-002   2.0005011830540163     
   8.5999999999999996       0.39481167277912455        3.3589152653196126E-002   2.0005011830540163     
   8.5800000000000001       0.39517608014424971        3.4962315303107686E-002   2.0005011830540163     
   8.5600000000000005       0.39561246194780891        3.6539915783427468E-002   2.0005011830540163     
   8.5400000000000009       0.39602950985149538        3.7804174366367141E-002   2.0005011830540163     
   8.5199999999999996       0.39651174837876590        3.9296103364427480E-002   2.0005011830540163     
   8.5000000000000000       0.39697934459091971        4.0441817686793086E-002   2.0005011830540163     
   8.4800000000000004       0.39750475658886941        4.1837794643609538E-002   2.0005011830540163     
   8.4600000000000009       0.39802046183930140        4.2855890198244657E-002   2.0005011830540163     
   8.4399999999999995       0.39858604076896947        4.4146145517032560E-002   2.0005011830540163     
   8.4199999999999999       0.39914707829470919        4.5028177512066447E-002   2.0005011830540163     
   8.4000000000000004       0.39974950663761027        4.6203518391540625E-002   2.0005011830540163     
   8.3800000000000008       0.40035277393585056        4.6941732870766695E-002   2.0005011830540163     
   8.3599999999999994       0.40098843763886372        4.7993606294441875E-002   2.0005011830540163     
   8.3399999999999999       0.40163052038736619        4.8580997942205023E-002   2.0005011830540163     
   8.3200000000000003       0.40229552539571184        4.9501550412658600E-002   2.0005011830540163     
   8.3000000000000007       0.40297271348893438        4.9931916651099882E-002   2.0005011830540163     
   8.2799999999999994       0.40366290430337609        5.0714050273420880E-002   2.0005011830540163     
   8.2599999999999998       0.40437120993915832        5.0982041277330331E-002   2.0005011830540163     
   8.2400000000000002       0.40508219012033031        5.1619465813743402E-002   2.0005011830540163     
   8.2200000000000006       0.40581736785867673        5.1720630088094549E-002   2.0005011830540163     
   8.1999999999999993       0.40654452238846334        5.2207910625975386E-002   2.0005011830540163     
   8.1799999999999997       0.40730209109099813        5.2138735813369474E-002   2.0005011830540163     
   8.1600000000000001       0.40804061048829499        5.2471335711393126E-002   2.0005011830540163     
   8.1400000000000006       0.40881587703429406        5.2229284321049681E-002   2.0005011830540163     
   8.1200000000000010       0.40956078311029781        5.2403603122996044E-002   2.0005011830540163     
   8.0999999999999996       0.41034886777303431        5.1987142899400027E-002   2.0005011830540163     
   8.0800000000000001       0.41109504089954713        5.2000548931993323E-002   2.0005011830540163     
   8.0600000000000005       0.41189090425498653        5.1409177609768070E-002   2.0005011830540163     
   8.0400000000000009       0.41263311200811409        5.1260035009746088E-002   2.0005011830540163     
   8.0199999999999996       0.41343158323695883        5.0494299231597553E-002   2.0005011830540163     
   8.0000000000000000       0.41416451026813306        5.0181989177810096E-002   2.0005011830540163     
   7.9800000000000004       0.41496031670180561        4.9243497384294684E-002   2.0005011830540163     
   7.9600000000000000       0.41567859567829524        4.8768433342878455E-002   2.0005011830540163     
   7.9400000000000004       0.41646639342984665        4.7659862476145169E-002   2.0005011830540163     
   7.9199999999999999       0.41716463687792638        4.7023499300516108E-002   2.0005011830540163     
   7.9000000000000004       0.41793904239004320        4.5748595198866975E-002   2.0005011830540163     
   7.8799999999999999       0.41861187526581500        4.4953431961227253E-002   2.0005011830540163     
   7.8600000000000003       0.41936749760020109        4.3517003357126903E-002   2.0005011830540163     
   7.8399999999999999       0.42000959040576208        4.2566579824226070E-002   2.0005011830540163     
   7.8200000000000003       0.42074106409119633        4.0974485895104135E-002   2.0005011830540163     
   7.7999999999999998       0.42134716634747454        3.9873372597886571E-002   2.0005011830540163     
   7.7800000000000002       0.42204918459788815        3.8132504056461583E-002   2.0005011830540163     
   7.7599999999999998       0.42261415848007533        3.6886285940803419E-002   2.0005011830540163     
   7.7400000000000002       0.42328150658906949        3.5004539689575412E-002   2.0005011830540163     
   7.7199999999999998       0.42380036052620212        3.3619793373317497E-002   2.0005011830540163     
   7.7000000000000002       0.42442794924058524        3.1606040786034788E-002   2.0005011830540163     
   7.6799999999999997       0.42489587127753875        3.0090305485761665E-002   2.0005011830540163     
   7.6600000000000001       0.42547876994972589        2.7954354416916318E-002   2.0005011830540163     
   7.6400000000000006       0.42589116066767352        2.6316096646185339E-002   2.0005011830540163     
   7.6200000000000001       0.42642462998521630        2.4068647307687072E-002   2.0005011830540163     
   7.6000000000000005       0.42677713477556983        2.2317219486445220E-002   2.0005011830540163     
   7.5800000000000001       0.42725665886561670        1.9969814368323589E-002   2.0005011830540163     
   7.5600000000000005       0.42754519935257529        1.8115407520868220E-002   2.0005011830540163     
   7.5400000000000000       0.42796651705982891        1.5680375569992418E-002   2.0005011830540163     
   7.5200000000000005       0.42818732146798399        1.3733966325790896E-002   2.0005011830540163     
   7.5000000000000000       0.42854645660658469        1.1224361632909529E-002   2.0005011830540163     
   7.4800000000000004       0.42869608887256544        9.1976537806801317E-003   2.0005011830540163     
   7.4600000000000000       0.42898937925543806        6.6271890613740130E-003   2.0005011830540163     
   7.4400000000000004       0.42906476668634680        4.5325499418437448E-003   2.0005011830540163     
   7.4199999999999999       0.42928889173975721        1.9155251310559694E-003   2.0005011830540163     
   7.4000000000000004       0.42928735102615073       -2.3408281248158032E-004   2.0005011830540163     
   7.3799999999999999       0.42943935780263343       -2.8828565000688583E-003   2.0005011830540163     
   7.3600000000000003       0.42935861920003343       -5.0739486620513209E-003   2.0005011830540163     
   7.3399999999999999       0.42943594660936313       -7.7392288225430995E-003   2.0005011830540163     
   7.3200000000000003       0.42927417610975543       -9.9578754844440523E-003   2.0005011830540163     
   7.2999999999999998       0.42927467719529933       -1.2624072353777067E-002   2.0005011830540163     
   7.2800000000000002       0.42903049651873665       -1.4855979431939172E-002   2.0005011830540163     
   7.2599999999999998       0.42895245861523656       -1.7507243013963281E-002   2.0005011830540163     
   7.2400000000000002       0.42862496286152590       -1.9737836068941129E-002   2.0005011830540163     
   7.2199999999999998       0.42846712548016436       -2.2358146098146042E-002   2.0005011830540163     
   7.2000000000000002       0.42805589829160440       -2.4572657144241578E-002   2.0005011830540163     
   7.1799999999999997       0.42781746858899822       -2.7145915396234208E-002   2.0005011830540163     
   7.1600000000000001       0.42732259468723954       -2.9329472028017584E-002   2.0005011830540163     
   7.1400000000000006       0.42700326038680503       -3.1839596470854374E-002   2.0005011830540163     
   7.1200000000000001       0.42642533536005151       -3.3977312804161233E-002   2.0005011830540163     
   7.1000000000000005       0.42602527500686876       -3.6408333066345347E-002   2.0005011830540163     
   7.0800000000000001       0.42536541223777186       -3.8485401974609423E-002   2.0005011830540163     
   7.0600000000000005       0.42488530268168484       -4.0821555591076107E-002   2.0005011830540163     
   7.0400000000000000       0.42414513732133041       -4.2823341704085562E-002   2.0005011830540163     
   7.0200000000000005       0.42358615833740315       -4.5049170589932713E-002   2.0005011830540163     
   7.0000000000000000       0.42276784824668068       -4.6961303511256852E-002   2.0005011830540163     
   6.9800000000000004       0.42213168421729330       -4.9061750104464306E-002   2.0005011830540163     
   6.9600000000000000       0.42123790781357878       -5.0870217295983039E-002   2.0005011830540163     
   6.9400000000000004       0.42052674641227661       -5.2830719804959084E-002   2.0005011830540163     
   6.9199999999999999       0.41956069737665230       -5.4521958582249230E-002   2.0005011830540163     
   6.9000000000000004       0.41877722521032174       -5.6328544771826472E-002   2.0005011830540163     
   6.8799999999999999       0.41774260402842295       -5.7889532852639661E-002   2.0005011830540163     
   6.8600000000000003       0.41688999921133524       -5.9528911803173365E-002   2.0005011830540163     
   6.8399999999999999       0.41579100153922299       -6.0947255852947101E-002   2.0005011830540163     
   6.8200000000000003       0.41487292318991481       -6.2406907131464399E-002   2.0005011830540163     
   6.7999999999999998       0.41371422505503908       -6.3670928754759423E-002   2.0005011830540163     
   6.7800000000000002       0.41273479972478017       -6.4939188444684090E-002   2.0005011830540163     
   6.7599999999999998       0.41152153959100024       -6.6038007079648992E-002   2.0005011830540163     
   6.7400000000000002       0.41048534465062470       -6.7104150126481979E-002   2.0005011830540163     
   6.7199999999999998       0.40922310239527548       -6.8027762310876511E-002   2.0005011830540163     
   6.7000000000000002       0.40813514642536564       -6.8882080655314148E-002   2.0005011830540163     
   6.6799999999999997       0.40682991929538659       -6.9621435147278879E-002   2.0005011830540163     
   6.6600000000000001       0.40569561954303335       -7.0255311134546458E-002   2.0005011830540163     
   6.6400000000000006       0.40435379517609882       -7.0802379389089801E-002   2.0005011830540163     
   6.6200000000000001       0.40317895215969146       -7.1208353963710710E-002   2.0005011830540163     
   6.6000000000000005       0.40180727877497557       -7.1556195486776372E-002   2.0005011830540163     
   6.5800000000000001       0.40059804813649147       -7.1728030705467252E-002   2.0005011830540163     
   6.5600000000000005       0.39920360201806149       -7.1870852831302762E-002   2.0005011830540163     
   6.5400000000000000       0.39796646374013261       -7.1803588253113615E-002   2.0005011830540163     
   6.5200000000000005       0.39655661415385457       -7.1736799917422198E-002   2.0005011830540163     
   6.5000000000000000       0.39529833927625979       -7.1426802459480465E-002   2.0005011830540163     
   6.4800000000000004       0.39388071097845245       -7.1147061570333472E-002   2.0005011830540163     
   6.4600000000000000       0.39260832596560918       -7.0592068449465473E-002   2.0005011830540163     
   6.4400000000000004       0.39119075947834087       -7.0097322490088293E-002   2.0005011830540163     
   6.4199999999999999       0.38991150840566080       -6.9296476905037596E-002   2.0005011830540163     
   6.4000000000000004       0.38850201824947012       -6.8585996437135088E-002   2.0005011830540163     
   6.3799999999999999       0.38722332299204781       -6.7539875682883832E-002   2.0005011830540163     
   6.3600000000000003       0.38583005408190274       -6.6614280456038982E-002   2.0005011830540163     
   6.3399999999999999       0.38455947270377905       -6.5324916200681885E-002   2.0005011830540163     
   6.3200000000000003       0.38319065512810768       -6.4186193612292705E-002   2.0005011830540163     
   6.2999999999999998       0.38193583868421310       -6.2657084107842376E-002   2.0005011830540163     
   6.2800000000000002       0.38059974109984668       -6.1308599798881293E-002   2.0005011830540163     
   6.2599999999999998       0.37936838907558568       -5.9544713840032112E-002   2.0005011830540163     
   6.2400000000000002       0.37807327096328047       -5.7991214254419957E-002   2.0005011830540163     
   6.2199999999999998       0.37687308558845389       -5.5998986743499693E-002   2.0005011830540163     
   6.2000000000000002       0.37562714862426055       -5.4246593522828616E-002   2.0005011830540163     
   6.1799999999999997       0.37446578830859262       -5.2033912544643665E-002   2.0005011830540163     
   6.1600000000000001       0.37327712711566657       -5.0090108675137843E-002   2.0005011830540163     
   6.1400000000000006       0.37216215926248147       -4.7666294031972825E-002   2.0005011830540163     
   6.1200000000000001       0.37103871181585563       -4.5539901706709206E-002   2.0005011830540163     
   6.1000000000000005       0.36997756527840370       -4.2915674911081961E-002   2.0005011830540163     
   6.0800000000000001       0.36892706324175656       -4.0616825117342048E-002   2.0005011830540163     
   6.0600000000000005       0.36792698069324842       -3.7804270888014656E-002   2.0005011830540163     
   6.0400000000000000       0.36695689997172309       -3.5344364776961588E-002   2.0005011830540163     
   6.0200000000000005       0.36602489046521364       -3.2356884131915696E-002   2.0005011830540163     
   6.0000000000000000       0.36514240226183270       -2.9748546275301851E-002   2.0005011830540163     
   5.9800000000000004       0.36428519425969869       -2.6600801363614771E-002   2.0005011830540163     
   5.9600000000000000       0.36349711692483061       -2.3857825049710485E-002   2.0005011830540163     
   5.9400000000000004       0.36272111207963759       -2.0565675912260453E-002   2.0005011830540163     
   5.9199999999999999       0.36203386404327242       -1.7702960680333571E-002   2.0005011830540163     
   5.9000000000000004       0.36134509201230230       -1.4283394176780359E-002   2.0005011830540163     
   5.8799999999999999       0.36076464608757614       -1.1316875836019764E-002   2.0005011830540163     
   5.8600000000000003       0.36016872066218791       -7.7879270222464721E-003   2.0005011830540163     
   5.8399999999999999       0.35970056000559864       -4.7345004467451305E-003   2.0005011830540163     
   5.8200000000000003       0.35920263683387088       -1.1151667326639468E-003   2.0005011830540163     
   5.7999999999999998       0.35885171284300588        2.0073982313262000E-003   2.0005011830540163     
   5.7800000000000002       0.35845644901979967        5.6972497692575281E-003   2.0005011830540163     
   5.7599999999999998       0.35822714144309525        8.8703989043478655E-003   2.0005011830540163     
   5.7400000000000002       0.35793865723573498        1.2610130638666405E-002   2.0005011830540163     
   5.7199999999999998       0.35783473676084226        1.5814622044567909E-002   2.0005011830540163     
   5.7000000000000002       0.35765657973109910        1.9582930882065551E-002   2.0005011830540163     
   5.6799999999999997       0.35768117330887828        2.2798937290239581E-002   2.0005011830540163     
   5.6600000000000001       0.35761628508285082        2.6573965229552781E-002   2.0005011830540163     
   5.6399999999999997       0.35777184423283753        2.9781181445843519E-002   2.0005011830540163     
   5.6200000000000001       0.35782253015965815        3.3540631073183585E-002   2.0005011830540163     
   5.6000000000000005       0.35811080249015276        3.6718386014726712E-002   2.0005011830540163     
   5.5800000000000001       0.35827870441833209        4.0439640369305439E-002   2.0005011830540163     
   5.5600000000000005       0.35870070858002046        4.3567013129269791E-002   2.0005011830540163     
   5.5400000000000000       0.35898678096657483        4.7227259338398421E-002   2.0005011830540163     
   5.5200000000000005       0.35954278524295419        5.0283198682188751E-002   2.0005011830540163     
   5.5000000000000000       0.35994727479546029        5.3859554737414626E-002   2.0005011830540163     
   5.4800000000000004       0.36063677951629214        5.6823001406979205E-002   2.0005011830540163     
   5.4600000000000000       0.36115920855157901        6.0292645427103178E-002   2.0005011830540163     
   5.4400000000000004       0.36198093249728269        6.3142656606177697E-002   2.0005011830540163     
   5.4199999999999999       0.36262008618278951        6.6482957910790036E-002   2.0005011830540163     
   5.4000000000000004       0.36357195712815626        6.9198833183397271E-002   2.0005011830540163     
   5.3799999999999999       0.36432587475306299        7.2387484481810010E-002   2.0005011830540163     
   5.3600000000000003       0.36540502427805027        7.4948892599321887E-002   2.0005011830540163     
   5.3399999999999999       0.36627099468122015        7.7964042584607679E-002   2.0005011830540163     
   5.3200000000000003       0.36747375735495091        8.0351148343237616E-002   2.0005011830540163     
   5.2999999999999998       0.36844831861561728        8.3171533969660441E-002   2.0005011830540163     
   5.2800000000000002       0.36977023563720440        8.5365124490539637E-002   2.0005011830540163     
   5.2599999999999998       0.37084917911225979        8.7970202205048656E-002   2.0005011830540163     
   5.2400000000000002       0.37228500646879714        8.9951811903146162E-002   2.0005011830540163     
   5.2199999999999998       0.37346338523761752        9.2321887097893462E-002   2.0005011830540163     
   5.2000000000000002       0.37500710641574991        9.4073920624011403E-002   2.0005011830540163     
   5.1799999999999997       0.37627924816982700        9.6190274577134083E-002   2.0005011830540163     
   5.1600000000000001       0.37792409143288852        9.7696127019107973E-002   2.0005011830540163     
   5.1399999999999997       0.37928361582323789        9.9541140595293398E-002   2.0005011830540163     
   5.1200000000000001       0.38102207604112875       0.10078531423040379        2.0005011830540163     
   5.1000000000000005       0.38246191647165656       0.10234258762105879        2.0005011830540163     
   5.0800000000000001       0.38428578146556386       0.10331080452147832        2.0005011830540163     
   5.0600000000000005       0.38579821129541181       0.10456527231664579        2.0005011830540163     
   5.0400000000000000       0.38769859263430229       0.10524458212353044        2.0005011830540163     
   5.0200000000000005       0.38927525572677629       0.10618262302402222        2.0005011830540163     
   5.0000000000000000       0.39124262388745285       0.10656150522353139        2.0005011830540163     
   4.9800000000000004       0.39287456941766014       0.10717104572198029        2.0005011830540163     
   4.9600000000000000       0.39489879319517107       0.10723950577805239        2.0005011830540163     
   4.9400000000000004       0.39657651460303461       0.10751011716171692        2.0005011830540163     
   4.9199999999999999       0.39864690463353603       0.10725977588570408        2.0005011830540163     
   4.9000000000000004       0.40036038258361106       0.10718276394171390        2.0005011830540163     
   4.8799999999999999       0.40246573881751785       0.10660693950795297        2.0005011830540163     
   4.8600000000000003       0.40420448800213710       0.10617542634321728        2.0005011830540163     
   4.8399999999999999       0.40633315094168426       0.10526920839207071        2.0005011830540163     
   4.8200000000000003       0.40808627053955421       0.10447820581507265        2.0005011830540163     
   4.7999999999999998       0.41022617603187667       0.10323852112085616        2.0005011830540163     
   4.7800000000000002       0.41198240361050342       0.10208499507093559        2.0005011830540163     
   4.7599999999999998       0.41412114096510788       0.10051066429122273        2.0005011830540163     
   4.7400000000000002       0.41586890959247996        9.8993589842449603E-002   2.0005011830540163     
   4.7199999999999998       0.41799378277071841        9.7085374907358135E-002   2.0005011830540163     
   4.7000000000000002       0.41972128107968021        9.5205781418596744E-002   2.0005011830540163     
   4.6799999999999997       0.42181937268356368        9.2966423163612921E-002   2.0005011830540163     
   4.6600000000000001       0.42351460761140697        9.0727429193604062E-002   2.0005011830540163     
   4.6399999999999997       0.42557284538003315        8.8161674887044600E-002   2.0005011830540163     
   4.6200000000000001       0.42722370728617043        8.5568512543082773E-002   2.0005011830540163     
   4.6000000000000005       0.42922893279018443        8.2683133009250481E-002   2.0005011830540163     
   4.5800000000000001       0.43082326263645754        7.9743161450057609E-002   2.0005011830540163     
   4.5600000000000005       0.43276230184451331        7.6546957541191396E-002   2.0005011830540163     
   4.5400000000000000       0.43428796010590220        7.3269665408630585E-002   2.0005011830540163     
   4.5200000000000005       0.43614769548207566        6.9773463632705993E-002   2.0005011830540163     
   4.5000000000000000       0.43759263244036267        6.6170460242761325E-002   2.0005011830540163     
   4.4800000000000004       0.43936007621800488        6.2387097409727373E-002   2.0005011830540163     
   4.4600000000000000       0.44071240327749905        5.8472092590438021E-002   2.0005011830540163     
   4.4400000000000004       0.44237477154320393        5.4416389396335189E-002   2.0005011830540163     
   4.4199999999999999       0.44362283319597989        5.0205161918799118E-002   2.0005011830540163     
   4.4000000000000004       0.44516762040722208        4.5893885445089447E-002   2.0005011830540163     
   4.3799999999999999       0.44630006646560610        4.1404240052961581E-002   2.0005011830540163     
   4.3600000000000003       0.44771512001730002        3.6856055217020678E-002   2.0005011830540163     
   4.3399999999999999       0.44872097772360336        3.2107768319838415E-002   2.0005011830540163     
   4.3200000000000003       0.44999457217236588        2.7343178371599428E-002   2.0005011830540163     
   4.2999999999999998       0.45086331779018446        2.2357932527420233E-002   2.0005011830540163     
   4.2800000000000002       0.45198422834056268        1.7399208746321504E-002   2.0005011830540163     
   4.2599999999999998       0.45270585782842360        1.2200516119281614E-002   2.0005011830540163     
   4.2400000000000002       0.45366343268276971        7.0716169246561478E-003   2.0005011830540163     
   4.2199999999999998       0.45422853104949013        1.6847319628305168E-003   2.0005011830540163     
   4.2000000000000002       0.45501276222263809       -3.5887882906844946E-003   2.0005011830540163     
   4.1799999999999997       0.45541257116455902       -9.1369666526510147E-003   2.0005011830540163     
   4.1600000000000001       0.45601416336596734       -1.4528058865429305E-002   2.0005011830540163     
   4.1399999999999997       0.45624064678923054       -2.0209095116338407E-002   2.0005011830540163     
   4.1200000000000001       0.45665108397885773       -2.5689326234061765E-002   2.0005011830540163     
   4.0999999999999996       0.45669699101508887       -3.1473365889433925E-002   2.0005011830540163     
   4.0800000000000001       0.45690860024497715       -3.7013038852534562E-002   2.0005011830540163     
   4.0600000000000005       0.45676752537617243       -4.2868935276555165E-002   2.0005011830540163     
   4.0400000000000000       0.45677353753752770       -4.8437217634649435E-002   2.0005011830540163     
   4.0200000000000005       0.45643997745553178       -5.4332667552907582E-002   2.0005011830540163     
   4.0000000000000000       0.45623458456102450       -5.9897728198785416E-002   2.0005011830540163     
   3.9800000000000000       0.45570399139874707       -6.5799415322866123E-002   2.0005011830540163     
   3.9600000000000000       0.45528240004176801       -7.1328568751658328E-002   2.0005011830540163     
   3.9399999999999999       0.45455123062716773       -7.7202314888070903E-002   2.0005011830540163     
   3.9199999999999999       0.45390971127386404       -8.2662172340886853E-002   2.0005011830540163     
   3.8999999999999999       0.45297547207364630       -8.8473095311027053E-002   2.0005011830540163     
   3.8799999999999999       0.45211140385967546       -9.3829722118942624E-002   2.0005011830540163     
   3.8599999999999999       0.45097269129758533       -9.9542399774045998E-002   2.0005011830540163     
   3.8399999999999999       0.44988460201960501      -0.10476147817802174        2.0005011830540163     
   3.8200000000000003       0.44854113787403443      -0.11034011775364370        2.0005011830540163     
   3.8000000000000003       0.44722873888594145      -0.11538711443907930        2.0005011830540163     
   3.7800000000000002       0.44568140049324911      -0.12079572645772876        2.0005011830540163     
   3.7600000000000002       0.44414561623899951      -0.12563606400909888        2.0005011830540163     
   3.7400000000000002       0.44239646125234927      -0.13083863990755570        2.0005011830540163     
   3.7200000000000002       0.44063945319074821      -0.13543787135912991        2.0005011830540163     
   3.7000000000000002       0.43869173866931965      -0.14039856398880809        2.0005011830540163     
   3.6800000000000002       0.43671692337135892      -0.14472254962206418        2.0005011830540163     
   3.6600000000000001       0.43457511900134105      -0.14940585574679402        2.0005011830540163     
   3.6400000000000001       0.43238718022737449      -0.15342094126390493        2.0005011830540163     
   3.6200000000000001       0.43005697550409772      -0.15779188515983872        2.0005011830540163     
   3.6000000000000001       0.42766187009624368      -0.16146508034575408        2.0005011830540163     
   3.5800000000000001       0.42515017532603333      -0.16548939759286532        2.0005011830540163     
   3.5600000000000001       0.42255513278054424      -0.16878855456609684        2.0005011830540163     
   3.5400000000000000       0.41987007379119373      -0.17243287511012131        2.0005011830540163     
   3.5200000000000000       0.41708358940601054      -0.17532686525450761        2.0005011830540163     
   3.5000000000000000       0.41423449588609007      -0.17855889481218307        2.0005011830540163     
   3.4800000000000000       0.41126631741021152      -0.18101778347871803        2.0005011830540163     
   3.4600000000000000       0.40826370482955215      -0.18380648235795582        2.0005011830540163     
   3.4399999999999999       0.40512481257307165      -0.18580170042727512        2.0005011830540163     
   3.4199999999999999       0.40198035766955176      -0.18811745883741118        2.0005011830540163     
   3.3999999999999999       0.39868293806606669      -0.18962197023976909        2.0005011830540163     
   3.3799999999999999       0.39540944791710730      -0.19143677917539470        2.0005011830540163     
   3.3599999999999999       0.39196686056350438      -0.19242524347590401        2.0005011830540163     
   3.3399999999999999       0.38857823529428509      -0.19371286027086332        2.0005011830540163     
   3.3200000000000003       0.38500497352651031      -0.19416178944344845        2.0005011830540163     
   3.3000000000000003       0.38151616274067462      -0.19489789710943800        2.0005011830540163     
   3.2800000000000002       0.37782780783778752      -0.19478580564324044        2.0005011830540163     
   3.2600000000000002       0.37425476089012860      -0.19494816512998822        2.0005011830540163     
   3.2400000000000002       0.37046793003258377      -0.19425571263685013        2.0005011830540163     
   3.2200000000000002       0.36682754029671938      -0.19382430717794794        2.0005011830540163     
   3.2000000000000002       0.36295982843820623      -0.19253443269893725        2.0005011830540163     
   3.1800000000000002       0.35926987175538144      -0.19149160343900945        2.0005011830540163     
   3.1600000000000001       0.35533978760052393      -0.18958965068167311        2.0005011830540163     
   3.1400000000000001       0.35161885512823376      -0.18792022281648504        2.0005011830540163     
   3.1200000000000001       0.34764575144083026      -0.18539405559237424        2.0005011830540163     
   3.1000000000000001       0.34391317715176184      -0.18308545429361014        2.0005011830540163     
   3.0800000000000001       0.33991717564986146      -0.17992556146759112        2.0005011830540163     
   3.0600000000000001       0.33619295876252020      -0.17696791690813002        2.0005011830540163     
   3.0400000000000000       0.33219486988731844      -0.17316750621673380        2.0005011830540163     
   3.0200000000000000       0.32849959253947819      -0.16955374706015733        2.0005011830540163     
   3.0000000000000000       0.32452083041459517      -0.16510882720562600        2.0005011830540163     
   2.9800000000000000       0.32087557091919156      -0.16083476197517810        2.0005011830540163     
   2.9600000000000000       0.31693806384525497      -0.15574421245466527        2.0005011830540163     
   2.9399999999999999       0.31336430589537717      -0.15080859825167475        2.0005011830540163     
   2.9199999999999999       0.30949040275174516      -0.14507422643699502        2.0005011830540163     
   2.8999999999999999       0.30600994096682776      -0.13947882453666502        2.0005011830540163     
   2.8799999999999999       0.30222231391769189      -0.13310540957881997        2.0005011830540163     
   2.8599999999999999       0.29885715614666969      -0.12685502749194474        2.0005011830540163     
   2.8399999999999999       0.29517870007246116      -0.11985035068610145        2.0005011830540163     
   2.8199999999999998       0.29195096689143379      -0.11295287033847566        2.0005011830540163     
   2.8000000000000003       0.28840469598831792      -0.10532773164880493        2.0005011830540163     
   2.7800000000000002       0.28533651784999786       -9.7794123395451515E-002   2.0005011830540163     
   2.7600000000000002       0.28194545986017133       -8.9562343905012595E-002   2.0005011830540163     
   2.7400000000000002       0.27905887236996396       -8.1406666163658284E-002   2.0005011830540163     
   2.7200000000000002       0.27584596092329133       -7.2585076281935806E-002   2.0005011830540163     
   2.7000000000000002       0.27316279873215810       -6.3824460638987612E-002   2.0005011830540163     
   2.6800000000000002       0.27015076429534984       -5.4432873968513394E-002   2.0005011830540163     
   2.6600000000000001       0.26769255411252357       -4.5087495680867437E-002   2.0005011830540163     
   2.6400000000000001       0.26490381405541080       -3.5148668514162928E-002   2.0005011830540163     
   2.6200000000000001       0.26269166729449750       -2.5241702401135102E-002   2.0005011830540163     
   2.6000000000000001       0.26014821559394763       -1.4781278889724695E-002   2.0005011830540163     
   2.5800000000000001       0.25820272117385973       -4.3388406808890466E-003   2.0005011830540163     
   2.5600000000000001       0.25592601828437900        6.6147162110469851E-003   2.0005011830540163     
   2.5400000000000000       0.25426713611188251        1.7563642934650955E-002   2.0005011830540163     
   2.5200000000000000       0.25227799953791635        2.8979134508617048E-002   2.0005011830540163     
   2.5000000000000000       0.25092495520122782        4.0402785570946516E-002   2.0005011830540163     
   2.4800000000000000       0.24924345130952982        5.2246374250682660E-002   2.0005011830540163     
   2.4600000000000000       0.24821463251240819        6.4110306054894581E-002   2.0005011830540163     
   2.4399999999999999       0.24685997012353469        7.6345625697705380E-002   2.0005011830540163     
   2.4199999999999999       0.24617282538659602        8.8612829968104490E-002   2.0005011830540163     
   2.3999999999999999       0.24516325168258174       0.10120110923896539        2.0005011830540163     
   2.3799999999999999       0.24483419183315697       0.11383214091189373        2.0005011830540163     
   2.3599999999999999       0.24418689111369710       0.12673233926124045        2.0005011830540163     
   2.3399999999999999       0.24423119407744795       0.13968545703890667        2.0005011830540163     
   2.3199999999999998       0.24396218988942686       0.15285441275973666        2.0005011830540163     
   2.3000000000000003       0.24439390928616020       0.16608573177574767        2.0005011830540163     
   2.2800000000000002       0.24451797044116913       0.17947832155252741        2.0005011830540163     
   2.2600000000000002       0.24534984847387070       0.19294197753496406        2.0005011830540163     
   2.2400000000000002       0.24588039945542373       0.20651128683621983        2.0005011830540163     
   2.2200000000000002       0.24712378456555897       0.22015961109381504        2.0005011830540163     
   2.2000000000000002       0.24807282081209392       0.23385711470246912        2.0005011830540163     
   2.1800000000000002       0.24973759055570230       0.24764081920212985        2.0005011830540163     
   2.1600000000000001       0.25111559908720282       0.26141657112298011        2.0005011830540163     
   2.1400000000000001       0.25321008866538125       0.27528494287285904        2.0005011830540163     
   2.1200000000000001       0.25502597450062675       0.28908777480537012        2.0005011830540163     
   2.1000000000000001       0.25755691135468473       0.30298887870722924        2.0005011830540163     
   2.0800000000000001       0.25981793014281579       0.31676660622428687        2.0005011830540163     
   2.0600000000000001       0.26279037499887342       0.33064749551228878        2.0005011830540163     
   2.0400000000000000       0.26550207226323186       0.34434713104204706        2.0005011830540163     
   2.0200000000000000       0.26891936698334157       0.35815406438259556        2.0005011830540163     
   2.0000000000000000       0.27208552434755257       0.37172203605126342        2.0005011830540163     
   1.9800000000000000       0.27594924691476008       0.38540070034038654        2.0005011830540163     
   1.9600000000000000       0.27957183565085281       0.39878307569894639        2.0005011830540163     
   1.9399999999999999       0.28388176258406522       0.41227881356011892        2.0005011830540163     
   1.9199999999999999       0.28796090479025110       0.42542152718780940        2.0005011830540163     
   1.9000000000000001       0.29271498125150641       0.43867956814429937        2.0005011830540163     
   1.8800000000000001       0.29724891893318045       0.45152865209632997        2.0005011830540163     
   1.8600000000000001       0.30244323675508322       0.46449434636826281        2.0005011830540163     
   1.8400000000000001       0.30742830904686630       0.47699616241488307        2.0005011830540163     
   1.8200000000000001       0.31305709287169164       0.48961521627239191        2.0005011830540163     
   1.8000000000000000       0.31848772160106043       0.50171668886116483        2.0005011830540163     
   1.7800000000000000       0.32454332328556279       0.51393540045136687        2.0005011830540163     
   1.7600000000000000       0.33041200703998158       0.52558424931445147        2.0005011830540163     
   1.7400000000000000       0.33688490844140195       0.53734974387162071        2.0005011830540163     
   1.7200000000000000       0.34318222526112219       0.54849471519509740        2.0005011830540163     
   1.7000000000000000       0.35006104948047534       0.55975517854037327        2.0005011830540163     
   1.6799999999999999       0.35677566825843565       0.57034627361316370        2.0005011830540163     
   1.6600000000000001       0.36404719937708757       0.58105118285246260        2.0005011830540163     
   1.6400000000000001       0.37116590000589345       0.59103988311827249        2.0005011830540163     
   1.6200000000000001       0.37881511131085499       0.60114023345476419        2.0005011830540163     
   1.6000000000000001       0.38632281357481169       0.61047972090164238        2.0005011830540163     
   1.5800000000000001       0.39433290422733352       0.61992824749217290        2.0005011830540163     
   1.5600000000000001       0.40221270539518972       0.62857361933072453        2.0005011830540163     
   1.5400000000000000       0.41056514545630657       0.63732501313388790        2.0005011830540163     
   1.5200000000000000       0.41879836648790775       0.64523348973682504        2.0005011830540163     
   1.5000000000000000       0.42747295017378129       0.65324460632388981        2.0005011830540163     
   1.4800000000000000       0.43603919041151218       0.66037573142634109        2.0005011830540163     
   1.4600000000000000       0.44501409741093101       0.66760579175485424        2.0005011830540163     
   1.4399999999999999       0.45389129758477442       0.67392162394658017        2.0005011830540163     
   1.4199999999999999       0.46314316223125629       0.68033240613003909        2.0005011830540163     
   1.4000000000000001       0.47230767556479319       0.68579770070727430        2.0005011830540163     
   1.3800000000000001       0.48181166361651723       0.69135372185262234        2.0005011830540163     
   1.3600000000000001       0.49123833478040541       0.69593610213847001        2.0005011830540163     
   1.3400000000000001       0.50096822752296644       0.70060478936618475        2.0005011830540163     
   1.3200000000000001       0.51063047914257187       0.70427490665420289        2.0005011830540163     
   1.3000000000000000       0.52055876449243876       0.70802675646315605        2.0005011830540163     
   1.2800000000000000       0.53042869087757816       0.71075843778872050        2.0005011830540163     
   1.2600000000000000       0.54052666112836778       0.71356716297959966        2.0005011830540163     
   1.2400000000000000       0.55057512885571569       0.71533754597760491        2.0005011830540163     
   1.2200000000000000       0.56081298467516405       0.71718020940426341        2.0005011830540163     
   1.2000000000000000       0.57100973961798851       0.71796986356946824        2.0005011830540163     
   1.1799999999999999       0.58135669987095162       0.71882699804681072        2.0005011830540163     
   1.1599999999999999       0.59167048023667324       0.71862003177437750        2.0005011830540163     
   1.1400000000000001       0.60209489717886078       0.71847574553406468        2.0005011830540163     
   1.1200000000000001       0.61249355208260992       0.71725989838227444        2.0005011830540163     
   1.1000000000000001       0.62296303144113230       0.71610196553328154        2.0005011830540163     
   1.0800000000000001       0.63341364451324178       0.71386868521777636        2.0005011830540163     
   1.0600000000000001       0.64389516994366047       0.71168862073742944        2.0005011830540163     
   1.0400000000000000       0.65436418744098401       0.70843312443623341        2.0005011830540163     
   1.0200000000000000       0.66482424882648039       0.70522624328837313        2.0005011830540163     
   1.0000000000000000       0.67527761169177403       0.70094756290914706        2.0005011830540163     
  0.97999999999999998       0.68568233672847301       0.69671302295925219        2.0005011830540163     
  0.95999999999999996       0.69608561601893548       0.69141403409430591        2.0005011830540163     
  0.94000000000000006       0.70640090451240978       0.68615486256635350        2.0005011830540163     
  0.92000000000000004       0.71671943959799556       0.67984229693657816        2.0005011830540163     
  0.90000000000000002       0.72691109987967850       0.67356540023281408        2.0005011830540163     
  0.88000000000000000       0.73711013879412324       0.66624984149851296        2.0005011830540163     
  0.85999999999999999       0.74714402565282856       0.65896599828073399        2.0005011830540163     
  0.83999999999999997       0.75718886696553289       0.65066186117496960        2.0005011830540163     
  0.82000000000000006       0.76703102047861804       0.64238569868403184        2.0005011830540163     
  0.80000000000000004       0.77688715604379766       0.63311119150217332        2.0005011830540163     
  0.78000000000000003       0.78650394068475993       0.62386114517087687        2.0005011830540163     
  0.76000000000000001       0.79613719861559096       0.61363821572816124        2.0005011830540163     
  0.73999999999999999       0.80549544201010548       0.60343647222098684        2.0005011830540163     
  0.71999999999999997       0.81487212922014973       0.59229073746770522        2.0005011830540163     
  0.70000000000000007       0.82393925992076267       0.58116316135875790        2.0005011830540163     
  0.68000000000000005       0.83302630357272978       0.56912382091975822        2.0005011830540163     
  0.66000000000000003       0.84177048722364756       0.55709986529729283        2.0005011830540163     
  0.64000000000000001       0.85053557442662175       0.54419959927848394        2.0005011830540163     
  0.62000000000000000       0.85892584769425584       0.53131220064017270        2.0005011830540163     
  0.59999999999999998       0.86733756279493790       0.51758705211921519        2.0005011830540163     
  0.57999999999999996       0.87534396444708529       0.50387250999649846        2.0005011830540163     
  0.56000000000000005       0.88337192326831238       0.48936175268752624        2.0005011830540163     
  0.54000000000000004       0.89096562179503391       0.47485959450956755        2.0005011830540163     
  0.52000000000000002       0.89858060218591396       0.45960558616222258        2.0005011830540163     
  0.50000000000000000       0.90573401936826869       0.44435841793984021        2.0005011830540163     
  0.47999999999999998       0.91290808744461849       0.42840644010075352        2.0005011830540163     
  0.46000000000000002       0.91959501729337734       0.41245978357782753        2.0005011830540163     
  0.44000000000000000       0.92630164876474352       0.39585786840762216        2.0005011830540163     
  0.41999999999999998       0.93249737126995103       0.37925998539158196        2.0005011830540163     
  0.40000000000000002       0.93871156727027960       0.36205873029214536        2.0005011830540163     
  0.38000000000000000       0.94439295642399790       0.34486043493585578        2.0005011830540163     
  0.35999999999999999       0.95009135328685501       0.32711280580074570        2.0005011830540163     
  0.34000000000000002       0.95523697886549241       0.30936726566516454        2.0005011830540163     
  0.32000000000000001       0.96039795131157280       0.29112838962024934        2.0005011830540163     
  0.29999999999999999       0.96498817393078051       0.27289091640030072        2.0005011830540163     
  0.28000000000000003       0.96959193116509723       0.25421786495183757        2.0005011830540163     
  0.26000000000000001       0.97360899014918212       0.23554569579678628        2.0005011830540163     
  0.23999999999999999       0.97763766439767485       0.21649725934983724        2.0005011830540163     
  0.22000000000000000       0.98106575803671292       0.19744932975379811        2.0005011830540163     
  0.20000000000000001       0.98450348508687979       0.17808578450495277        2.0005011830540163     
  0.17999999999999999       0.98732884288806166       0.15872249378281550        2.0005011830540163     
  0.16000000000000000       0.99016183423540616       0.13910536202741808        2.0005011830540163     
  0.14000000000000001       0.99237278081048796       0.11948833242619891        2.0005011830540163     
  0.12000000000000000       0.99458938705190392        9.9680137351488826E-002   2.0005011830540163     
  0.10000000000000001       0.99617639731978869        7.9871967876778735E-002   2.0005011830540163     
   8.0000000000000002E-002  0.99776716247623987        5.9935983938389364E-002   2.0005011830540163     
   5.9999999999999998E-002  0.99872290789853191        4.0000000000000001E-002   2.0005011830540163     
   4.0000000000000001E-002  0.99968061439231282        2.0000000000000000E-002   2.0005011830540163     
   2.0000000000000000E-002   1.0000000000000000        0.0000000000000000        2.0005011830540163     
   0.0000000000000000        1.0000000000000000        0.0000000000000000        2.0005011830540163     
