   15.000000000000000        0.0000000000000000        0.0000000000000000        2.0496081940862352     
   14.980000000000000        5.9336397504849876E-003   1.1926322590556104E-002   2.0496081940862352     
   14.960000000000001        5.9916982293553717E-003   7.4423250021138834E-003   2.0496081940862352     
   14.940000000000000        6.3728475293502278E-003   8.4065622397992614E-003   2.0496081940862352     
   14.920000000000000        6.3522358859445125E-003   9.0176666139466996E-003   2.0496081940862352     
   14.900000000000000        6.7656306087106478E-003   9.9637150353632971E-003   2.0496081940862352     
   14.880000000000001        6.7946823634053161E-003   1.0527898657391436E-002   2.0496081940862352     
   14.859999999999999        7.2383118637287681E-003   1.1449812354995684E-002   2.0496081940862352     
   14.840000000000000        7.3162251190855296E-003   1.1962420559296756E-002   2.0496081940862352     
   14.820000000000000        7.7878324312848982E-003   1.2854409109148587E-002   2.0496081940862352     
   14.800000000000001        7.9134973567450556E-003   1.3311041672900384E-002   2.0496081940862352     
   14.780000000000001        8.4105887602412832E-003   1.4167506761119232E-002   2.0496081940862352     
   14.760000000000000        8.5825933705331661E-003   1.4564049651955924E-002   2.0496081940862352     
   14.740000000000000        9.1024496251947817E-003   1.5379620590584904E-002   2.0496081940862352     
   14.720000000000001        9.3190875500074061E-003   1.5712276235197675E-002   2.0496081940862352     
   14.700000000000001        9.8587767463582041E-003   1.6481844137238646E-002   2.0496081940862352     
   14.680000000000000        1.0118056955280511E-002   1.6747160002999410E-002   2.0496081940862352     
   14.660000000000000        1.0674448915116388E-002   1.7465910394156153E-002   2.0496081940862352     
   14.640000000000001        1.0974107346610123E-002   1.7660805685125361E-002   2.0496081940862352     
   14.620000000000001        1.1543889500605619E-002   1.8324249339079373E-002   2.0496081940862352     
   14.600000000000000        1.1881402528920990E-002   1.8446039618327120E-002   2.0496081940862352     
   14.580000000000000        1.2461097189367099E-002   1.9050041413091981E-002   2.0496081940862352     
   14.560000000000000        1.2833696848951531E-002   1.9096460975013423E-002   2.0496081940862352     
   14.540000000000001        1.3419679787872219E-002   1.9637266579986060E-002   2.0496081940862352     
   14.520000000000000        1.3824370661190055E-002   1.9606488409177662E-002   2.0496081940862352     
   14.500000000000000        1.4412890896666825E-002   2.0080748625839279E-002   2.0496081940862352     
   14.480000000000000        1.4846468558576433E-002   1.9971401793035953E-002   2.0496081940862352     
   14.460000000000001        1.5433669245169550E-002   2.0376194386733978E-002   2.0496081940862352     
   14.440000000000000        1.5892740145240232E-002   2.0187378747173433E-002   2.0496081940862352     
   14.420000000000000        1.6474680457861275E-002   2.0520227622957098E-002   2.0496081940862352     
   14.400000000000000        1.6955683111403663E-002   2.0251525698298623E-002   2.0496081940862352     
   14.380000000000001        1.7528361005871369E-002   2.0510417290239249E-002   2.0496081940862352     
   14.359999999999999        1.8027588355056846E-002   2.0161903231687144E-002   2.0496081940862352     
   14.340000000000000        1.8586964082799813E-002   2.0345299992398678E-002   2.0496081940862352     
   14.320000000000000        1.9100586881160942E-002   1.9917545539895255E-002   2.0496081940862352     
   14.300000000000001        1.9642607130132737E-002   2.0024396434969945E-002   2.0496081940862352     
   14.280000000000001        2.0166698197002494E-002   1.9518473805143363E-002   2.0496081940862352     
   14.260000000000000        2.0687320725807069E-002   1.9548221735775875E-002   2.0496081940862352     
   14.240000000000000        2.1217879911863358E-002   1.8965703389658677E-002   2.0496081940862352     
   14.220000000000001        2.1713098539403935E-002   1.8918289485782759E-002   2.0496081940862352     
   14.200000000000001        2.2246078240478993E-002   1.8261244746063353E-002   2.0496081940862352     
   14.180000000000000        2.2711948049133703E-002   1.8137109491724406E-002   2.0496081940862352     
   14.160000000000000        2.3243279102725715E-002   1.7408097998368344E-002   2.0496081940862352     
   14.140000000000001        2.3675941709162762E-002   1.7208179170695472E-002   2.0496081940862352     
   14.120000000000001        2.4201559506672854E-002   1.6410241183100475E-002   2.0496081940862352     
   14.100000000000000        2.4597268251027767E-002   1.6135968606017004E-002   2.0496081940862352     
   14.080000000000000        2.5113138898491580E-002   1.5272612179303527E-002   2.0496081940862352     
   14.060000000000000        2.5468283799765821E-002   1.4925899312924014E-002   2.0496081940862352     
   14.040000000000001        2.5970430160742332E-002   1.4001084395479096E-002   2.0496081940862352     
   14.020000000000000        2.6281562484060064E-002   1.3584316801862511E-002   2.0496081940862352     
   14.000000000000000        2.6766089940235740E-002   1.2602436320692490E-002   2.0496081940862352     
   13.980000000000000        2.7029946220076255E-002   1.2118457066169333E-002   2.0496081940862352     
   13.960000000000001        2.7493067987976735E-002   1.1084315085911130E-002   2.0496081940862352     
   13.940000000000000        2.7706593350786967E-002   1.0536407159459388E-002   2.0496081940862352     
   13.920000000000000        2.8144655196644740E-002   9.4551942199115595E-003   2.0496081940862352     
   13.900000000000000        2.8305025826421595E-002   8.8470600659521711E-003   2.0496081940862352     
   13.880000000000001        2.8714530025640939E-002   7.7243258216391861E-003   2.0496081940862352     
   13.859999999999999        2.8819174617250795E-002   7.0600641040004406E-003   2.0496081940862352     
   13.840000000000000        2.9196803009945611E-002   5.9016874074358742E-003   2.0496081940862352     
   13.820000000000000        2.9243423057181691E-002   5.1857671390725668E-003   2.0496081940862352     
   13.800000000000001        2.9586059056876935E-002   3.9979237269259973E-003   2.0496081940862352     
   13.780000000000001        2.9572647825661227E-002   3.2351559171089309E-003   2.0496081940862352     
   13.760000000000000        2.9877397244351189E-002   2.0242838752941189E-003   2.0496081940862352     
   13.740000000000000        2.9802257286076956E-002   1.2197908623432924E-003   2.0496081940862352     
   13.720000000000001        3.0066467845399378E-002  -7.4459379898221198E-006   2.0496081940862352     
   13.700000000000001        2.9928226911272102E-002  -8.4826328486595302E-004   2.0496081940862352     
   13.680000000000000        3.0149506316536328E-002  -2.0850135734771596E-003   2.0496081940862352     
   13.660000000000000        2.9947131540888954E-002  -2.9565105851791121E-003   2.0496081940862352     
   13.640000000000001        3.0123364002073612E-002  -4.1957756801713365E-003   2.0496081940862352     
   13.620000000000001        2.9856174231055868E-002  -5.0921003400431651E-003   2.0496081940862352     
   13.600000000000000        2.9985535322643184E-002  -6.3267755030717012E-003   2.0496081940862352     
   13.580000000000000        2.9653211474337880E-002  -7.2419063968207544E-003   2.0496081940862352     
   13.560000000000000        2.9734181234026963E-002  -8.4648233112184154E-003   2.0496081940862352     
   13.540000000000001        2.9336774586931683E-002  -9.3926088396676429E-003   2.0496081940862352     
   13.520000000000000        2.9368148761826265E-002  -1.0596578956744380E-002   2.0496081940862352     
   13.500000000000000        2.8906087080674745E-002  -1.1530777567011456E-002   2.0496081940862352     
   13.480000000000000        2.8886986438558141E-002  -1.2708636057419401E-002   2.0496081940862352     
   13.460000000000001        2.8361077859529384E-002  -1.3642957239917862E-002   2.0496081940862352     
   13.440000000000000        2.8290955492307659E-002  -1.4787607280253547E-002   2.0496081940862352     
   13.420000000000000        2.7702390103705732E-002  -1.5715753072204110E-002   2.0496081940862352     
   13.400000000000000        2.7581036660079127E-002  -1.6820210192003086E-002   2.0496081940862352     
   13.380000000000001        2.6931385729412397E-002  -1.7735916923037484E-002   2.0496081940862352     
   13.359999999999999        2.6758932524328132E-002  -1.8793353134070819E-002   2.0496081940862352     
   13.340000000000000        2.6050145338234680E-002  -1.9690433146042106E-002   2.0496081940862352     
   13.320000000000000        2.5827065297724376E-002  -2.0694220574400762E-002   2.0496081940862352     
   13.300000000000001        2.5061463597221043E-002  -2.1566603645741277E-002   2.0496081940862352     
   13.280000000000001        2.4788570008847568E-002  -2.2510357387634041E-002   2.0496081940862352     
   13.260000000000000        2.3968840018760589E-002  -2.3352131592557404E-002   2.0496081940862352     
   13.240000000000000        2.3647283070070170E-002  -2.4229751517044474E-002   2.0496081940862352     
   13.220000000000001        2.2776465138079450E-002  -2.5035203251619873E-002   2.0496081940862352     
   13.200000000000001        2.2407726238182581E-002  -2.5840914477682553E-002   2.0496081940862352     
   13.180000000000000        2.1489202115480489E-002  -2.6604567388283030E-002   2.0496081940862352     
   13.160000000000000        2.1075086008137997E-002  -2.7332959169659790E-002   2.0496081940862352     
   13.140000000000001        2.0112563820150222E-002  -2.8049611724555175E-002   2.0496081940862352     
   13.120000000000001        1.9655188510447810E-002  -2.8695674483609934E-002   2.0496081940862352     
   13.100000000000000        1.8652685482175316E-002  -2.9360435935475923E-002   2.0496081940862352     
   13.080000000000000        1.8154470012982253E-002  -2.9919596196977573E-002   2.0496081940862352     
   13.060000000000000        1.7116293029209445E-002  -3.0527920692818733E-002   2.0496081940862352     
   13.040000000000001        1.6579943158033482E-002  -3.0996073679817084E-002   2.0496081940862352     
   13.020000000000000        1.5510667253740930E-002  -3.1543792285195160E-002   2.0496081940862352     
   13.000000000000000        1.4939159095208734E-002  -3.1917331952098747E-002   2.0496081940862352     
   12.980000000000000        1.3843603985916955E-002  -3.2400682368568849E-002   2.0496081940862352     
   12.960000000000001        1.3240165699791608E-002  -3.2676528660983063E-002   2.0496081940862352     
   12.940000000000000        1.2123370475163806E-002  -3.3092182429171932E-002   2.0496081940862352     
   12.920000000000000        1.1491462094440503E-002  -3.3267805575917457E-002   2.0496081940862352     
   12.900000000000000        1.0358658211183888E-002  -3.3612892571682179E-002   2.0496081940862352     
   12.880000000000001        9.7019497191997775E-003  -3.3686334231598475E-002   2.0496081940862352     
   12.859999999999999        8.5585324410774686E-003  -3.3958464279036961E-002   2.0496081940862352     
   12.840000000000000        7.8808802206028657E-003  -3.3928355383527627E-002   2.0496081940862352     
   12.820000000000000        6.7323786641300043E-003  -3.4125636826196411E-002   2.0496081940862352     
   12.800000000000001        6.0378004548912890E-003  -3.3991211977922098E-002   2.0496081940862352     
   12.780000000000001        4.8898464090425678E-003  -3.4112267068338233E-002   2.0496081940862352     
   12.760000000000000        4.1824949229018723E-003  -3.3873375376797993E-002   2.0496081940862352     
   12.740000000000000        3.0407906198441467E-003  -3.3917352364008647E-002   2.0496081940862352     
   12.720000000000001        2.3249259747769304E-003  -3.3574464619941416E-002   2.0496081940862352     
   12.700000000000001        1.1952109962755689E-003  -3.3541046435535467E-002   2.0496081940862352     
   12.680000000000000        4.7517214117546850E-004  -3.3095258547896793E-002   2.0496081940862352     
   12.660000000000000       -6.3681034810825037E-004  -3.2984668012160663E-002   2.0496081940862352     
   12.640000000000001       -1.3566350360306092E-003  -3.2437700653821837E-002   2.0496081940862352     
   12.620000000000001       -2.4451725316122276E-003  -3.2250702145660462E-002   2.0496081940862352     
   12.600000000000000       -3.1603752866336552E-003  -3.1604896576765365E-002   2.0496081940862352     
   12.580000000000000       -4.2198204624508953E-003  -3.1342794133413676E-002   2.0496081940862352     
   12.560000000000000       -4.9260046100857800E-003  -3.0601104194401908E-002   2.0496081940862352     
   12.540000000000001       -5.9508099072906008E-003  -3.0265736029646446E-002   2.0496081940862352     
   12.520000000000000       -6.6436205811684166E-003  -2.9431716319200354E-002   2.0496081940862352     
   12.500000000000000       -7.6283726604514674E-003  -2.9025445771728931E-002   2.0496081940862352     
   12.480000000000000       -8.3035275494990988E-003  -2.8103236048153131E-002   2.0496081940862352     
   12.460000000000001       -9.2429813985665764E-003  -2.7628938994579685E-002   2.0496081940862352     
   12.440000000000000       -9.8963013152566157E-003  -2.6623244862318325E-002   2.0496081940862352     
   12.420000000000000       -1.0785413802765757E-002  -2.6084293652261139E-002   2.0496081940862352     
   12.400000000000000       -1.1412852862403502E-002  -2.5000363618219487E-002   2.0496081940862352     
   12.380000000000001       -1.2246815530361360E-002  -2.4400607611410458E-002   2.0496081940862352     
   12.359999999999999       -1.2844490732213488E-002  -2.3244206618389770E-002   2.0496081940862352     
   12.340000000000000       -1.3618761620614336E-002  -2.2587949426013963E-002   2.0496081940862352     
   12.320000000000000       -1.4182981624111841E-002  -2.1365328992778498E-002   2.0496081940862352     
   12.300000000000001       -1.4893315924419998E-002  -2.0657302546971693E-002   2.0496081940862352     
   12.280000000000001       -1.5420608817648155E-002  -1.9375167666082754E-002   2.0496081940862352     
   12.260000000000000       -1.6063088155650312E-002  -1.8620503262600036E-002   2.0496081940862352     
   12.240000000000000       -1.6550228018826680E-002  -1.7285976228109151E-002   2.0496081940862352     
   12.220000000000001       -1.7121288172418363E-002  -1.6490172707519776E-002   2.0496081940862352     
   12.200000000000001       -1.7565320245966996E-002  -1.5110754064759773E-002   2.0496081940862352     
   12.180000000000000       -1.8061777109604462E-002  -1.4279643316957530E-002   2.0496081940862352     
   12.160000000000000       -1.8460041384673269E-002  -1.2863170145902323E-002   2.0496081940862352     
   12.140000000000001       -1.8879114999562924E-002  -1.2002880141172482E-002   2.0496081940862352     
   12.120000000000001       -1.9229268058328648E-002  -1.0557481903025809E-002   2.0496081940862352     
   12.100000000000000       -1.9568604535937249E-002  -9.6743974702330308E-003   2.0496081940862352     
   12.080000000000000       -1.9868639479653914E-002  -8.2084496639419930E-003   2.0496081940862352     
   12.060000000000000       -2.0126330655829406E-002  -7.3091712524878776E-003   2.0496081940862352     
   12.040000000000001       -2.0374594970248253E-002  -5.8312471436402970E-003   2.0496081940862352     
   12.020000000000000       -2.0549195638149519E-002  -4.9225478205981495E-003   2.0496081940862352     
   12.000000000000000       -2.0744406858515637E-002  -3.4413685195498864E-003   2.0496081940862352     
   11.980000000000000       -2.0834949440634770E-002  -2.5301494666695179E-003   2.0496081940862352     
   11.960000000000001       -2.0976208491869784E-002  -1.0545326456096256E-003   2.0496081940862352     
   11.940000000000000       -2.0982215024687223E-002  -1.4777743267781673E-004   2.0496081940862352     
   11.920000000000000       -2.1069017126500431E-002   1.3134150173728788E-003   2.0496081940862352     
   11.900000000000000       -2.0990508445698171E-002   2.2086870962265055E-003   2.0496081940862352     
   11.880000000000001       -2.1022751487103405E-002   3.6466021579299947E-003   2.0496081940862352     
   11.859999999999999       -2.0860253516715450E-002   4.5233833899428148E-003   2.0496081940862352     
   11.840000000000000       -2.0838243819710865E-002   5.9292304433540711E-003   2.0496081940862352     
   11.820000000000000       -2.0592790885046734E-002   6.7805723431962521E-003   2.0496081940862352     
   11.800000000000001       -2.0517246292938354E-002   8.1456767964704028E-003   2.0496081940862352     
   11.779999999999999       -2.0190381394482485E-002   8.9647377862022912E-003   2.0496081940862352     
   11.760000000000000       -2.0062431636415211E-002   1.0280594485178939E-002   2.0496081940862352     
   11.740000000000000       -1.9656203640082519E-002   1.1060687298753600E-002   2.0496081940862352     
   11.720000000000001       -1.9477387939732416E-002   1.2319013385406797E-002   2.0496081940862352     
   11.700000000000001       -1.8994345657710264E-002   1.3053651887415129E-002   2.0496081940862352     
   11.680000000000000       -1.8766607570701484E-002   1.4246438777306811E-002   2.0496081940862352     
   11.660000000000000       -1.8209790726521336E-002   1.4929383886680983E-002   2.0496081940862352     
   11.640000000000001       -1.7935470207923281E-002   1.6048948037843649E-002   2.0496081940862352     
   11.620000000000001       -1.7308397299193937E-002   1.6674252450245938E-002   2.0496081940862352     
   11.600000000000000       -1.6990220019334770E-002   1.7713284600275589E-002   2.0496081940862352     
   11.580000000000000       -1.6296873111627669E-002   1.8275336007879561E-002   2.0496081940862352     
   11.560000000000000       -1.5937937055417788E-002   1.9226948562524635E-002   2.0496081940862352     
   11.540000000000001       -1.5182743560898328E-002   1.9720511076872057E-002   2.0496081940862352     
   11.520000000000000       -1.4786502962786970E-002   2.0578283341982414E-002   2.0496081940862352     
   11.500000000000000       -1.3974314477226650E-002   2.0998536834507898E-002   2.0496081940862352     
   11.480000000000000       -1.3544561160789267E-002   2.1756557793843601E-002   2.0496081940862352     
   11.460000000000001       -1.2680629452359387E-002   2.2099134879479794E-002   2.0496081940862352     
   11.440000000000000       -1.2221471660255763E-002   2.2752043233523211E-002   2.0496081940862352     
   11.420000000000000       -1.1311421922847112E-002   2.3013063635481012E-002   2.0496081940862352     
   11.400000000000000       -1.0827260739425710E-002   2.3556084830963091E-002   2.0496081940862352     
   11.380000000000001       -9.8770622420095936E-003   2.3732186879238410E-002   2.0496081940862352     
   11.359999999999999       -9.3725657271025720E-003   2.4161166875504531E-002   2.0496081940862352     
   11.340000000000000       -8.3885000086776143E-003   2.4249535907827222E-002   2.0496081940862352     
   11.320000000000000       -7.8685751770276174E-003   2.4560971444322979E-002   2.0496081940862352     
   11.300000000000001       -6.8572019538656092E-003   2.4559364896045446E-002   2.0496081940862352     
   11.279999999999999       -6.3269647500831345E-003   2.4750430044987184E-002   2.0496081940862352     
   11.260000000000000       -5.2950857181416084E-003   2.4657199033688789E-002   2.0496081940862352     
   11.240000000000000       -4.7598291519909902E-003   2.4725767843264849E-002   2.0496081940862352     
   11.220000000000001       -3.7144498824258397E-003   2.4539875074521992E-002   2.0496081940862352     
   11.200000000000001       -3.1796105034913114E-003   2.4484540130615365E-002   2.0496081940862352     
   11.180000000000000       -2.1279006430475556E-003   2.4205573973332381E-002   2.0496081940862352     
   11.160000000000000       -1.5990235473087627E-003   2.4025660731620168E-002   2.0496081940862352     
   11.140000000000001       -5.4827554791951724E-004   2.3653845334385904E-002   2.0496081940862352     
   11.120000000000001       -3.0978121372257812E-005   2.3349422099598123E-002   2.0496081940862352     
   11.100000000000000        1.0114352654955459E-003   2.2885623443605740E-002   2.0496081940862352     
   11.080000000000000        1.5115006494406554E-003   2.2457506898561477E-002   2.0496081940862352     
   11.060000000000000        2.5381698683695523E-003   2.1903234707551098E-002   2.0496081940862352     
   11.040000000000001        3.0153539704975856E-003   2.1352990921172151E-002   2.0496081940862352     
   11.020000000000000        4.0188768939721916E-003   2.0710396374462661E-002   2.0496081940862352     
   11.000000000000000        4.4675723134296984E-003   2.0040337245133280E-002   2.0496081940862352     
   10.980000000000000        5.4405989494374536E-003   1.9312206465984139E-002   2.0496081940862352     
   10.960000000000001        5.8552791661124794E-003   1.8525381584208162E-002   2.0496081940862352     
   10.940000000000000        6.7905565756199351E-003   1.7715124902292739E-002   2.0496081940862352     
   10.920000000000000        7.1658150799709074E-003   1.6815308844443121E-002   2.0496081940862352     
   10.900000000000000        8.0562322345575903E-003   1.5926945857992109E-002   2.0496081940862352     
   10.880000000000001        8.3868214892638699E-003   1.4918620950886120E-002   2.0496081940862352     
   10.859999999999999        9.2254537968613597E-003   1.3956761440905447E-002   2.0496081940862352     
   10.840000000000000        9.5063237714466762E-003   1.2845096064805136E-002   2.0496081940862352     
   10.820000000000000        1.0286476997336629E-002   1.1814916840517591E-002   2.0496081940862352     
   10.800000000000001        1.0512813015424489E-002   1.0605739365795674E-002   2.0496081940862352     
   10.779999999999999        1.1228066326334427E-002   9.5129571469586803E-003   2.0496081940862352     
   10.760000000000000        1.1395325965484277E-002   8.2127256269328205E-003   2.0496081940862352     
   10.740000000000000        1.2039573826858089E-002   7.0635660947506868E-003   2.0496081940862352     
   10.720000000000001        1.2143522613030222E-002   5.6793338639124146E-003   2.0496081940862352     
   10.700000000000001        1.2711015273250607E-002   4.4804970377803725E-003   2.0496081940862352     
   10.680000000000000        1.2747760915908294E-002   3.0198743906751850E-003   2.0496081940862352     
   10.660000000000000        1.3233143216493225E-002   1.7784965127570539E-003   2.0496081940862352     
   10.640000000000001        1.3199168136136634E-002   2.4960866398143636E-004   2.0496081940862352     
   10.620000000000001        1.3597516393626439E-002  -1.0267792024901312E-003   2.0496081940862352     
   10.600000000000000        1.3489708301197717E-002  -2.6153376524997610E-003   2.0496081940862352     
   10.580000000000000        1.3796565014664032E-002  -3.9188540824558315E-003   2.0496081940862352     
   10.560000000000000        1.3612245311673562E-002  -5.5580679280611096E-003   2.0496081940862352     
   10.540000000000001        1.3823651459457575E-002  -6.8805284009638172E-003   2.0496081940862352     
   10.520000000000000        1.3560601238859262E-002  -8.5610135887833737E-003   2.0496081940862352     
   10.500000000000000        1.3673125939277447E-002  -9.8939802913908248E-003   2.0496081940862352     
   10.480000000000000        1.3329609379950706E-002  -1.1606038364527754E-002   2.0496081940862352     
   10.460000000000001        1.3340376703310288E-002  -1.2940872240456192E-002   2.0496081940862352     
   10.440000000000000        1.2915161665435496E-002  -1.4674547160546642E-002   2.0496081940862352     
   10.420000000000000        1.2821874398702362E-002  -1.6002461899775007E-002   2.0496081940862352     
   10.400000000000000        1.2314250043201070E-002  -1.7747598920641986E-002   2.0496081940862352     
   10.380000000000001        1.2115210224073270E-002  -1.9059716566551511E-002   2.0496081940862352     
   10.359999999999999        1.1525001496558699E-002  -2.0806022817793923E-002   2.0496081940862352     
   10.340000000000000        1.1219127550459113E-002  -2.2093430655662428E-002   2.0496081940862352     
   10.320000000000000        1.0546706388629720E-002  -2.3830537080905149E-002   2.0496081940862352     
   10.300000000000001        1.0133546720192994E-002  -2.5084345460021841E-002   2.0496081940862352     
   10.279999999999999        9.3798398632099211E-003  -2.6801869742982223E-002   2.0496081940862352     
   10.260000000000000        8.8595827731289371E-003  -2.8013270474867295E-002   2.0496081940862352     
   10.240000000000000        8.0260760720710974E-003  -2.9700880576906789E-002   2.0496081940862352     
   10.220000000000001        7.3995558906365753E-003  -3.0861205544554422E-002   2.0496081940862352     
   10.200000000000001        6.4882950405106667E-003  -3.2508683470081942E-002   2.0496081940862352     
   10.180000000000000        5.7569943906868142E-003  -3.3609463077828076E-002   2.0496081940862352     
   10.160000000000000        4.7705820265092520E-003  -3.5206768478879664E-002   2.0496081940862352     
   10.140000000000001        3.9366301518775765E-003  -3.6239789569395935E-002   2.0496081940862352     
   10.120000000000001        2.8782192739117431E-003  -3.7777122798022124E-002   2.0496081940862352     
   10.100000000000000        1.9443863901179434E-003  -3.8734485662210334E-002   2.0496081940862352     
   10.080000000000000        8.1767010629354249E-004  -4.0202349878959778E-002   2.0496081940862352     
   10.060000000000000       -2.1264224135285640E-004  -4.1076523986107560E-002   2.0496081940862352     
   10.040000000000001       -1.4034446446393994E-003  -4.2465785934989612E-002   2.0496081940862352     
   10.020000000000000       -2.5262172102183630E-003  -4.3249664014518137E-002   2.0496081940862352     
   10.000000000000000       -3.7763778344633335E-003  -4.4551613079339913E-002   2.0496081940862352     
   9.9800000000000004       -4.9869912550173350E-003  -4.5238563191804020E-002   2.0496081940862352     
   9.9600000000000009       -6.2912947354385887E-003  -4.6444968355735833E-002   2.0496081940862352     
   9.9399999999999995       -7.5845510118054977E-003  -4.7028883599416663E-002   2.0496081940862352     
   9.9199999999999999       -8.9373191619136864E-003  -4.8132047939014287E-002   2.0496081940862352     
   9.9000000000000004       -1.0307466954381370E-002  -4.8607393449438221E-002   2.0496081940862352     
   9.8800000000000008       -1.1702586805800922E-002  -4.9600205806116154E-002   2.0496081940862352     
   9.8599999999999994       -1.3143350437157246E-002  -4.9962062719102529E-002   2.0496081940862352     
   9.8399999999999999       -1.4574305548890748E-002  -5.0838046205147605E-002   2.0496081940862352     
   9.8200000000000003       -1.6078917582779868E-002  -5.1082152269437651E-002   2.0496081940862352     
   9.8000000000000007       -1.7538822472295365E-002  -5.1835509282028645E-002   2.0496081940862352     
   9.7799999999999994       -1.9100059710679126E-002  -5.1958295825142956E-002   2.0496081940862352     
   9.7599999999999998       -2.0581697238065088E-002  -5.2583949260392185E-002   2.0496081940862352     
   9.7400000000000002       -2.2191919958193831E-002  -5.2582574230956677E-002   2.0496081940862352     
   9.7200000000000006       -2.3687781474224193E-002  -5.3076204610623248E-002   2.0496081940862352     
   9.7000000000000011       -2.5338975703031511E-002  -5.2948581441939306E-002   2.0496081940862352     
   9.6799999999999997       -2.6841303752453222E-002  -5.3306659688060566E-002   2.0496081940862352     
   9.6600000000000001       -2.8525126354857697E-002  -5.3051481750985369E-002   2.0496081940862352     
   9.6400000000000006       -3.0025959707652837E-002  -5.3271297368101156E-002   2.0496081940862352     
   9.6200000000000010       -3.1733786045074396E-002  -5.2888057806305011E-002   2.0496081940862352     
   9.5999999999999996       -3.3225006810942946E-002  -5.2967742257064181E-002   2.0496081940862352     
   9.5800000000000001       -3.4947980707508847E-002  -5.2456749024186684E-002   2.0496081940862352     
   9.5600000000000005       -3.6421363272497960E-002  -5.2395294111775494E-002   2.0496081940862352     
   9.5400000000000009       -3.8150449009115517E-002  -5.1757680057871847E-002   2.0496081940862352     
   9.5199999999999996       -3.9597710518266320E-002  -5.1554951157700368E-002   2.0496081940862352     
   9.5000000000000000       -4.1323746559060084E-002  -5.0792679041401195E-002   2.0496081940862352     
   9.4800000000000004       -4.2736598655242986E-002  -5.0449423054695748E-002   2.0496081940862352     
   9.4600000000000009       -4.4450352796904777E-002  -4.9565285387584826E-002   2.0496081940862352     
   9.4399999999999995       -4.5820554313816882E-002  -4.9083133320728799E-002   2.0496081940862352     
   9.4199999999999999       -4.7512779936266063E-002  -4.8080746981375454E-002   2.0496081940862352     
   9.4000000000000004       -4.8832190232896526E-002  -4.7462211086868641E-002   2.0496081940862352     
   9.3800000000000008       -5.0493683319422715E-002  -4.6346006673559793E-002   2.0496081940862352     
   9.3599999999999994       -5.1754315934304303E-002  -4.5594472121124233E-002   2.0496081940862352     
   9.3399999999999999       -5.3375972521034619E-002  -4.4369678044441196E-002   2.0496081940862352     
   9.3200000000000003       -5.4570048817360384E-002  -4.3489389123888944E-002   2.0496081940862352     
   9.3000000000000007       -5.6142922525586988E-002  -4.2162010472695147E-002   2.0496081940862352     
   9.2799999999999994       -5.7262924992861043E-002  -4.1158051363499280E-002   2.0496081940862352     
   9.2599999999999998       -5.8778284293450632E-002  -3.9734843610430191E-002   2.0496081940862352     
   9.2400000000000002       -5.9817009167856053E-002  -3.8613113786330193E-002   2.0496081940862352     
   9.2200000000000006       -6.1266394024705559E-002  -3.7101551431351916E-002   2.0496081940862352     
   9.2000000000000011       -6.2217002888868139E-002  -3.5868735801530077E-002   2.0496081940862352     
   9.1799999999999997       -6.3592280428133904E-002  -3.4276976084334700E-002   2.0496081940862352     
   9.1600000000000001       -6.4448350451507333E-002  -3.2940510005604745E-002   2.0496081940862352     
   9.1400000000000006       -6.5741769305175793E-002  -3.1277351849380103E-002   2.0496081940862352     
   9.1200000000000010       -6.6497341788925343E-002  -2.9845381176161308E-002   2.0496081940862352     
   9.0999999999999996       -6.7701584765148551E-002  -2.8120219556404591E-002   2.0496081940862352     
   9.0800000000000001       -6.8351211660191674E-002  -2.6601555926886348E-002   2.0496081940862352     
   9.0600000000000005       -6.9459446398712113E-002  -2.4824331889221434E-002   2.0496081940862352     
   9.0400000000000009       -6.9998234472520821E-002  -2.3228403476836305E-002   2.0496081940862352     
   9.0199999999999996       -7.1004161751419645E-002  -2.1409550057124090E-002   2.0496081940862352     
   9.0000000000000000       -7.1427814088308908E-002  -1.9746348046064642E-002   2.0496081940862352     
   8.9800000000000004       -7.2325713458200047E-002  -1.7896732374177354E-002   2.0496081940862352     
   8.9600000000000009       -7.2630567989101127E-002  -1.6176753446049890E-002   2.0496081940862352     
   8.9399999999999995       -7.3415340422752898E-002  -1.4307615341444877E-002   2.0496081940862352     
   8.9199999999999999       -7.3598405193865318E-002  -1.2541800487058812E-002   2.0496081940862352     
   8.9000000000000004       -7.4265612453019159E-002  -1.0664687879472867E-002   2.0496081940862352     
   8.8800000000000008       -7.4324597358239958E-002  -8.8643578750634625E-003   2.0496081940862352     
   8.8599999999999994       -7.4870497795042443E-002  -6.9910594071503247E-003   2.0496081940862352     
   8.8399999999999999       -7.4803842514573074E-002  -5.1678473178539790E-003   2.0496081940862352     
   8.8200000000000003       -7.5225423042562412E-002  -3.3103225081981876E-003   2.0496081940862352     
   8.8000000000000007       -7.5032320949548162E-002  -1.4761036032003875E-003   2.0496081940862352     
   8.7799999999999994       -7.5327324938408852E-002   3.5358903227549268E-004   2.0496081940862352     
   8.7599999999999998       -7.5007742756747417E-002   2.1867695489763885E-003   2.0496081940862352     
   8.7400000000000002       -7.5174693626063216E-002   3.9765460017702125E-003   2.0496081940862352     
   8.7200000000000006       -7.4729386645526988E-002   5.7965470237367357E-003   2.0496081940862352     
   8.7000000000000011       -7.4767606955405325E-002   7.5343724931509343E-003   2.0496081940862352     
   8.6799999999999997       -7.4198129634812038E-002   9.3290323707948021E-003   2.0496081940862352     
   8.6600000000000001       -7.4107755495474395E-002   1.1002996716736078E-002   2.0496081940862352     
   8.6400000000000006       -7.3416467310669475E-002   1.2760209494798124E-002   2.0496081940862352     
   8.6200000000000010       -7.3198457958760205E-002   1.4358602989645470E-002   2.0496081940862352     
   8.5999999999999996       -7.2388524379480956E-002   1.6066395064195462E-002   2.0496081940862352     
   8.5800000000000001       -7.2044666795874512E-002   1.7577783982916192E-002   2.0496081940862352     
   8.5600000000000005       -7.1120055303971891E-002   1.9224390711912391E-002   2.0496081940862352     
   8.5400000000000009       -7.0652963776100766E-002   2.0637692294828695E-002   2.0496081940862352     
   8.5199999999999996       -6.9618434866940249E-002   2.2211634091735964E-002   2.0496081940862352     
   8.5000000000000000       -6.9031545427971616E-002   2.3516190412370897E-002   2.0496081940862352     
   8.4800000000000004       -6.7892638566903640E-002   2.5006347850569564E-002   2.0496081940862352     
   8.4600000000000009       -6.7190198274355600E-002   2.6191998121865578E-002   2.0496081940862352     
   8.4399999999999995       -6.5953212810779593E-002   2.7587685578678467E-002   2.0496081940862352     
   8.4199999999999999       -6.5140263858148473E-002   2.8644836434593861E-002   2.0496081940862352     
   8.4000000000000004       -6.3812234930671757E-002   2.9935873807718595E-002   2.0496081940862352     
   8.3800000000000008       -6.2894593617223743E-002   3.0855567103809101E-002   2.0496081940862352     
   8.3599999999999994       -6.1483263114564458E-002   3.2032349139781882E-002   2.0496081940862352     
   8.3399999999999999       -6.0467493730376617E-002   3.2806326825828819E-002   2.0496081940862352     
   8.3200000000000003       -5.8981276403768844E-002   3.3859889609855157E-002   2.0496081940862352     
   8.3000000000000007       -5.7874660119232028E-002   3.4480655239911687E-002   2.0496081940862352     
   8.2799999999999994       -5.6322604972990450E-002   3.5402739408958522E-002   2.0496081940862352     
   8.2599999999999998       -5.5133103854041104E-002   3.5863615869258417E-002   2.0496081940862352     
   8.2400000000000002       -5.3524850971423212E-002   3.6646726125651806E-002   2.0496081940862352     
   8.2200000000000006       -5.2261067273587321E-002   3.6941909178636878E-002   2.0496081940862352     
   8.1999999999999993       -5.0606800264994013E-002   3.7579369699489995E-002   2.0496081940862352     
   8.1799999999999997       -4.9277931190641278E-002   3.7703976962666773E-002   2.0496081940862352     
   8.1600000000000001       -4.7588325480327723E-002   3.8189982321185645E-002   2.0496081940862352     
   8.1400000000000006       -4.6204113614140292E-002   3.8140097322485272E-002   2.0496081940862352     
   8.1200000000000010       -4.4490280809821058E-002   3.8469758560468234E-002   2.0496081940862352     
   8.0999999999999996       -4.3060960477158509E-002   3.8242469537187844E-002   2.0496081940862352     
   8.0800000000000001       -4.1334389093983306E-002   3.8411855053711398E-002   2.0496081940862352     
   8.0600000000000005       -3.9870628915358919E-002   3.8005288189777539E-002   2.0496081940862352     
   8.0400000000000009       -3.8143121751608472E-002   3.8011459139036800E-002   2.0496081940862352     
   8.0199999999999996       -3.6655963693651546E-002   3.7424805965131855E-002   2.0496081940862352     
   8.0000000000000000       -3.4939572179945561E-002   3.7265845886482178E-002   2.0496081940862352     
   7.9800000000000004       -3.3440367428856518E-002   3.6499384599337215E-002   2.0496081940862352     
   7.9600000000000000       -3.1747323295585370E-002   3.6174423034654242E-002   2.0496081940862352     
   7.9400000000000004       -3.0247665302951858E-002   3.5229533525358112E-002   2.0496081940862352     
   7.9199999999999999       -2.8590309931871422E-002   3.4738763412653403E-002   2.0496081940862352     
   7.9000000000000004       -2.7101965004682944E-002   3.3617935828983883E-002   2.0496081940862352     
   7.8799999999999999       -2.5492676850032637E-002   3.2962624496650703E-002   2.0496081940862352     
   7.8600000000000003       -2.4027512676622325E-002   3.1669461201001031E-002   2.0496081940862352     
   7.8399999999999999       -2.2478633158609918E-002   3.0851954823875295E-002   2.0496081940862352     
   7.8200000000000003       -2.1048545679939815E-002   2.9391165646096840E-002   2.0496081940862352     
   7.7999999999999998       -1.9572303968866448E-002   2.8414887062505213E-002   2.0496081940862352     
   7.7800000000000002       -1.8189143019912292E-002   2.6792277785775760E-002   2.0496081940862352     
   7.7599999999999998       -1.6797580142476398E-002   2.5661717613715239E-002   2.0496081940862352     
   7.7400000000000002       -1.5473074301400925E-002   2.3884171671051547E-002   2.0496081940862352     
   7.7199999999999998       -1.4177967011712487E-002   2.2604872701325076E-002   2.0496081940862352     
   7.7000000000000002       -1.2923648104898055E-002   2.0680326100490223E-002   2.0496081940862352     
   7.6799999999999997       -1.1736432971348815E-002   1.9258860984837711E-002   2.0496081940862352     
   7.6600000000000001       -1.0563560690168871E-002   1.7196270519797576E-002   2.0496081940862352     
   7.6400000000000006       -9.4952588554706209E-003   1.5640212812570914E-002   2.0496081940862352     
   7.6200000000000001       -8.4147459458359039E-003   1.3449517660226232E-002   2.0496081940862352     
   7.6000000000000005       -7.4758890211545186E-003   1.1767406312666711E-002   2.0496081940862352     
   7.5800000000000001       -6.4982275093459947E-003   9.4594831540051310E-003   2.0496081940862352     
   7.5600000000000005       -5.6987850644537484E-003   7.6607806005772909E-003   2.0496081940862352     
   7.5400000000000000       -4.8339739825256130E-003   5.2473924454663366E-003   2.0496081940862352     
   7.5200000000000005       -4.1832830922274803E-003   3.3424364616307213E-003   2.0496081940862352     
   7.5000000000000000       -3.4407581633276773E-003   8.3617539597597833E-004   2.0496081940862352     
   7.4800000000000004       -2.9474554660101813E-003  -1.1638750539127119E-003   2.0496081940862352     
   7.4600000000000000       -2.3360212043132141E-003  -3.7496509412090666E-003   2.0496081940862352     
   7.4400000000000004       -2.0079779213057988E-003  -5.8328756087808881E-003   2.0496081940862352     
   7.4199999999999999       -1.5357425929197791E-003  -8.4841108239720152E-003   2.0496081940862352     
   7.4000000000000004       -1.3800029474296278E-003  -1.0637893540080311E-002   2.0496081940862352     
   7.3799999999999999       -1.0543168276259331E-003  -1.3339908976335340E-002   2.0496081940862352     
   7.3600000000000003       -1.0770402892744202E-003  -1.5551008142253114E-002   2.0496081940862352     
   7.3399999999999999       -9.0443763777266250E-004  -1.8288579698603646E-002   2.0496081940862352     
   7.3200000000000003       -1.1108454032923241E-003  -2.0543203540355069E-002   2.0496081940862352     
   7.2999999999999998       -1.0969905631121341E-003  -2.3300645168157566E-002   2.0496081940862352     
   7.2800000000000002       -1.4913166655468515E-003  -2.5584531356489141E-002   2.0496081940862352     
   7.2599999999999998       -1.6409546722126710E-003  -2.8345782102434748E-002   2.0496081940862352     
   7.2400000000000002       -2.2264020900752018E-003  -3.0644281310231780E-002   2.0496081940862352     
   7.2199999999999998       -2.5433141567824382E-003  -3.3392995895713262E-002   2.0496081940862352     
   7.2000000000000002       -3.3220162711412879E-003  -3.5691158836149380E-002   2.0496081940862352     
   7.1799999999999997       -3.8089804919230743E-003  -3.8410801285918623E-002   2.0496081940862352     
   7.1600000000000001       -4.7819682134035858E-003  -4.0693468748456425E-002   2.0496081940862352     
   7.1400000000000006       -5.4407258005120876E-003  -4.3367408557106787E-002   2.0496081940862352     
   7.1200000000000001       -6.6079006598176865E-003  -4.5619303934845555E-002   2.0496081940862352     
   7.1000000000000005       -7.4391280034840886E-003  -4.8230914237954982E-002   2.0496081940862352     
   7.0800000000000001       -8.7992414684355223E-003  -5.0436738018909140E-002   2.0496081940862352     
   7.0600000000000005       -9.8025282770852467E-003  -5.2969495216809784E-002   2.0496081940862352     
   7.0400000000000000       -1.1353167526450193E-002  -5.5114020893649140E-002   2.0496081940862352     
   7.0200000000000005       -1.2527001273398923E-002  -5.7551605159924780E-002   2.0496081940862352     
   7.0000000000000000       -1.4264581623171685E-002  -5.9619775997660669E-002   2.0496081940862352     
   6.9800000000000004       -1.5606338491959065E-002  -6.1946172091738090E-002   2.0496081940862352     
   6.9600000000000000       -1.7526102633388985E-002  -6.3923198180930230E-002   2.0496081940862352     
   6.9400000000000004       -1.9032045118402886E-002  -6.6122795974635232E-002   2.0496081940862352     
   6.9199999999999999       -2.1128069289221937E-002  -6.7994250989013169E-002   2.0496081940862352     
   6.9000000000000004       -2.2793350571259217E-002  -7.0051945110829128E-002   2.0496081940862352     
   6.8799999999999999       -2.5058557742379441E-002  -7.1803862182874267E-002   2.0496081940862352     
   6.8600000000000003       -2.6877232920475981E-002  -7.3705150180921886E-002   2.0496081940862352     
   6.8399999999999999       -2.9303413040230229E-002  -7.5324116307014688E-002   2.0496081940862352     
   6.8200000000000003       -3.1268457261677665E-002  -7.7055194732550555E-002   2.0496081940862352     
   6.7999999999999998       -3.3846294558613724E-002  -7.8528443120786523E-002   2.0496081940862352     
   6.7800000000000002       -3.5949628048752111E-002  -8.0076300938304160E-002   2.0496081940862352     
   6.7599999999999998       -3.8668735352382938E-002  -8.1391800717065421E-002   2.0496081940862352     
   6.7400000000000002       -4.0901255304774488E-002  -8.2744309454930096E-002   2.0496081940862352     
   6.7199999999999998       -4.3750215301737179E-002  -8.3890852168779562E-002   2.0496081940862352     
   6.7000000000000002       -4.6101834547874303E-002  -8.5036852235675461E-002   2.0496081940862352     
   6.6799999999999997       -4.9068247848935619E-002  -8.6004134567080198E-002   2.0496081940862352     
   6.6600000000000001       -5.1527940185013082E-002  -8.6933517174423033E-002   2.0496081940862352     
   6.6400000000000006       -5.4598480036522359E-002  -8.7712219345213158E-002   2.0496081940862352     
   6.6200000000000001       -5.7154332043231532E-002  -8.8416003493977782E-002   2.0496081940862352     
   6.6000000000000005       -6.0314805475212931E-002  -8.8997862819213333E-002   2.0496081940862352     
   6.5800000000000001       -6.2954074625254014E-002  -8.9468266831303739E-002   2.0496081940862352     
   6.5600000000000005       -6.6189489787610203E-002  -8.9846145920300144E-002   2.0496081940862352     
   6.5400000000000000       -6.8898668594957885E-002  -9.0076653019527192E-002   2.0496081940862352     
   6.5200000000000005       -7.2193307993424313E-002  -9.0244602144076258E-002   2.0496081940862352     
   6.5000000000000000       -7.4958193918572447E-002  -9.0230019619911617E-002   2.0496081940862352     
   6.4800000000000004       -7.8295693223424528E-002  -9.0183332798093402E-002   2.0496081940862352     
   6.4600000000000000       -8.1101464010115976E-002  -8.9919844316467865E-002   2.0496081940862352     
   6.4400000000000004       -8.4464896073327175E-002  -8.9655108691765115E-002   2.0496081940862352     
   6.4199999999999999       -8.7296190154985104E-002  -8.9140319351147593E-002   2.0496081940862352     
   6.4000000000000004       -9.0668153835858481E-002  -8.8655457480669955E-002   2.0496081940862352     
   6.3799999999999999       -9.3509155414213438E-002  -8.7888431248307045E-002   2.0496081940862352     
   6.3600000000000003       -9.6871868779622380E-002  -8.7182735950640008E-002   2.0496081940862352     
   6.3399999999999999       -9.9706397144253153E-002  -8.6164025152972126E-002   2.0496081940862352     
   6.3200000000000003      -0.10304179457775464       -8.5238186605293295E-002   2.0496081940862352     
   6.2999999999999998      -0.10585339720353644       -8.3969853187993437E-002   2.0496081940862352     
   6.2800000000000002      -0.10914322992793787       -8.2825978003447778E-002   2.0496081940862352     
   6.2599999999999998      -0.11191527885804088       -8.1311606320010762E-002   2.0496081940862352     
   6.2400000000000002      -0.11514121834869954       -7.9953228379669894E-002   2.0496081940862352     
   6.2199999999999998      -0.11785700934396179       -7.8197929312828679E-002   2.0496081940862352     
   6.2000000000000002      -0.12100075308534991       -7.6630012171669884E-002   2.0496081940862352     
   6.1799999999999997      -0.12364360699672167       -7.4640418438842254E-002   2.0496081940862352     
   6.1600000000000001      -0.12668698601273601       -7.2869349171804931E-002   2.0496081940862352     
   6.1400000000000006      -0.12924035181231894       -7.0653601714068523E-002   2.0496081940862352     
   6.1200000000000001      -0.13216543938164776       -6.8687176116156018E-002   2.0496081940862352     
   6.1000000000000005      -0.13461299826966303       -6.6254901519639475E-002   2.0496081940862352     
   6.0800000000000001      -0.13740221922133822       -6.4102300622946431E-002   2.0496081940862352     
   6.0600000000000005      -0.13972798921139043       -6.1464579571750888E-002   2.0496081940862352     
   6.0400000000000000      -0.14236422918260874       -5.9136337491963183E-002   2.0496081940862352     
   6.0200000000000005      -0.14455266955590831       -5.6305664302520833E-002   2.0496081940862352     
   6.0000000000000000      -0.14701938358441691       -5.3813627477589450E-002   2.0496081940862352     
   5.9800000000000004      -0.14905549859530254       -5.0803860815468185E-002   2.0496081940862352     
   5.9600000000000000      -0.15133681841220203       -4.8161138749502071E-002   2.0496081940862352     
   5.9400000000000004      -0.15320625962243700       -4.4987443680773564E-002   2.0496081940862352     
   5.9199999999999999      -0.15528709900827797       -4.2208351356487171E-002   2.0496081940862352     
   5.9000000000000004      -0.15697626562621469       -3.8887132936644392E-002   2.0496081940862352     
   5.8799999999999999      -0.15884242319379302       -3.5987125109618510E-002   2.0496081940862352     
   5.8600000000000003      -0.16033855979668110       -3.2535953763361387E-002   2.0496081940862352     
   5.8399999999999999      -0.16197681856807236       -2.9531551400668769E-002   2.0496081940862352     
   5.8200000000000003      -0.16326810959147753       -2.5969080395388908E-002   2.0496081940862352     
   5.7999999999999998      -0.16466633274461412       -2.2877789569530585E-002   2.0496081940862352     
   5.7800000000000002      -0.16574199313220092       -1.9223664933760442E-002   2.0496081940862352     
   5.7599999999999998      -0.16688921530370357       -1.6063888530037027E-002   2.0496081940862352     
   5.7400000000000002      -0.16773957672340836       -1.2338651815182797E-002   2.0496081940862352     
   5.7199999999999998      -0.16862609026947589       -9.1295944563650443E-003   2.0496081940862352     
   5.7000000000000002      -0.16924268231839998       -5.3545787854631247E-003   2.0496081940862352     
   5.6799999999999997      -0.16986011795428127       -2.1161454215960296E-003   2.0496081940862352     
   5.6600000000000001      -0.17023574379435163        1.6866346876609987E-003   2.0496081940862352     
   5.6399999999999997      -0.17057714505525859        4.9339460344869097E-003   2.0496081940862352     
   5.6200000000000001      -0.17070595094483260        8.7419105438817646E-003   2.0496081940862352     
   5.6000000000000005      -0.17076584193702304        1.1977121350253857E-002   2.0496081940862352     
   5.5800000000000001      -0.17064338015000483        1.5767245704866553E-002   2.0496081940862352     
   5.5600000000000005      -0.17041782609010539        1.8969014265516011E-002   2.0496081940862352     
   5.5400000000000000      -0.17004111074376047        2.2717954923552757E-002   2.0496081940862352     
   5.5200000000000005      -0.16952777081705722        2.5864697818353637E-002   2.0496081940862352     
   5.5000000000000000      -0.16889532616241049        2.9548921670008530E-002   2.0496081940862352     
   5.4800000000000004      -0.16809349826671960        3.2618938745843859E-002   2.0496081940862352     
   5.4600000000000000      -0.16720539903107010        3.6214855754062969E-002   2.0496081940862352     
   5.4400000000000004      -0.16611605601171534        3.9186457960596326E-002   2.0496081940862352     
   5.4199999999999999      -0.16497395942128054        4.2670556329825457E-002   2.0496081940862352     
   5.4000000000000004      -0.16359977644447643        4.5522195723334810E-002   2.0496081940862352     
   5.3799999999999999      -0.16220694559630039        4.8871178879086624E-002   2.0496081940862352     
   5.3600000000000003      -0.16055231835265590        5.1581580087212246E-002   2.0496081940862352     
   5.3399999999999999      -0.15891363664852662        5.4772504729759648E-002   2.0496081940862352     
   5.3200000000000003      -0.15698469012522431        5.7320797152437916E-002   2.0496081940862352     
   5.2999999999999998      -0.15510666652621832        6.0331211632304066E-002   2.0496081940862352     
   5.2800000000000002      -0.15291125413541742        6.2697061640453383E-002   2.0496081940862352     
   5.2599999999999998      -0.15080201904366444        6.5505143891759210E-002   2.0496081940862352     
   5.2400000000000002      -0.14834971194558069        6.7668886275604884E-002   2.0496081940862352     
   5.2199999999999998      -0.14601900356962710        7.0253580535814569E-002   2.0496081940862352     
   5.2000000000000002      -0.14332107008125902        7.2196348449121858E-002   2.0496081940862352     
   5.1799999999999997      -0.14078021119281647        7.4537499990479553E-002   2.0496081940862352     
   5.1600000000000001      -0.13784958622712304        7.6241352635543824E-002   2.0496081940862352     
   5.1399999999999997      -0.13511145126972174        7.8319839734474039E-002   2.0496081940862352     
   5.1200000000000001      -0.13196269580493128        7.9767887035512880E-002   2.0496081940862352     
   5.1000000000000005      -0.12904166836880279        8.1565749411590005E-002   2.0496081940862352     
   5.0800000000000001      -0.12569091900307960        8.2742272931212071E-002   2.0496081940862352     
   5.0600000000000005      -0.12260283973516198        8.4242835896944493E-002   2.0496081940862352     
   5.0400000000000000      -0.11906774843784443        8.5133405261661632E-002   2.0496081940862352     
   5.0200000000000005      -0.11582985351084957        8.6321398838301144E-002   2.0496081940862352     
   5.0000000000000000      -0.11212951773749749        8.6912982954553436E-002   2.0496081940862352     
   4.9800000000000004      -0.10876036805719498        8.7774655227365828E-002   2.0496081940862352     
   4.9600000000000000      -0.10491525145149612        8.8055727589196969E-002   2.0496081940862352     
   4.9400000000000004      -0.10143465283640452        8.8578951598065878E-002   2.0496081940862352     
   4.9199999999999999       -9.7466496797224952E-002   8.8539589011358125E-002   2.0496081940862352     
   4.9000000000000004       -9.3895411419479241E-002   8.8713962499139043E-002   2.0496081940862352     
   4.8799999999999999       -8.9827137865749626E-002   8.8345936575072337E-002   2.0496081940862352     
   4.8600000000000003       -8.6187587295656690E-002   8.8162873946643544E-002   2.0496081940862352     
   4.8399999999999999       -8.2043193014983709E-002   8.7459734748669665E-002   2.0496081940862352     
   4.8200000000000003       -7.8358153264392078E-002   8.6912550628031882E-002   2.0496081940862352     
   4.7999999999999998       -7.4162596283069801E-002   8.5869701892009098E-002   2.0496081940862352     
   4.7800000000000002       -7.0455885293818132E-002   8.4953685702845727E-002   2.0496081940862352     
   4.7599999999999998       -6.6234963755910384E-002   8.3568451088894172E-002   2.0496081940862352     
   4.7400000000000002       -6.2531121828973718E-002   8.2280932125614409E-002   2.0496081940862352     
   4.7199999999999998       -5.8311345920143323E-002   8.0552612002526447E-002   2.0496081940862352     
   4.7000000000000002       -5.4635509628334737E-002   7.8893014503690614E-002   2.0496081940862352     
   4.6799999999999997       -5.0443967125792924E-002   7.6822932812189298E-002   2.0496081940862352     
   4.6600000000000001       -4.6821737297715847E-002   7.4792820596206164E-002   2.0496081940862352     
   4.6399999999999997       -4.2685953370814544E-002   7.2384361385733703E-002   2.0496081940862352     
   4.6200000000000001       -3.9143257775892656E-002   6.9987471659545275E-002   2.0496081940862352     
   4.6000000000000005       -3.5091049702254455E-002   6.7246104944365725E-002   2.0496081940862352     
   4.5800000000000001       -3.1654001105831053E-002   6.4488370949263851E-002   2.0496081940862352     
   4.5600000000000005       -2.7713328605234410E-002   6.1421667583216696E-002   2.0496081940862352     
   4.5400000000000000       -2.4408078898639624E-002   5.8311229797691266E-002   2.0496081940862352     
   4.5200000000000005       -2.0606890820969073E-002   5.4928865122672373E-002   2.0496081940862352     
   4.5000000000000000       -1.7459481963922188E-002   5.1476070800018738E-002   2.0496081940862352     
   4.4800000000000004       -1.3825560098115098E-002   4.7789816880910635E-002   2.0496081940862352     
   4.4600000000000000       -1.0861772639567481E-002   4.4007207758897313E-002   2.0496081940862352     
   4.4400000000000004       -7.4225734374450923E-003   4.0030914076939372E-002   2.0496081940862352     
   4.4199999999999999       -4.6677734058428793E-003   3.5933202157895923E-002   2.0496081940862352     
   4.4000000000000004       -1.4502684378375512E-003   3.1682764695053461E-002   2.0496081940862352     
   4.3799999999999999        1.0707465874133333E-003   2.7286796056964453E-002   2.0496081940862352     
   4.3600000000000003        4.0402306085288355E-003   2.2780114765463211E-002   2.0496081940862352     
   4.3399999999999999        6.3033854160339667E-003   1.8104821427709576E-002   2.0496081940862352     
   4.3200000000000003        8.9993261923904683E-003   1.3361746141165863E-002   2.0496081940862352     
   4.2999999999999998        1.0981421007564690E-002   8.4280860721656827E-003   2.0496081940862352     
   4.2800000000000002        1.3379258932779898E-002   3.4703509774025535E-003   2.0496081940862352     
   4.2599999999999998        1.5058120788049816E-002  -1.6987636048061520E-003   2.0496081940862352     
   4.2400000000000002        1.7134415075362751E-002  -6.8476167534711023E-003   2.0496081940862352     
   4.2199999999999998        1.8489046630102222E-002  -1.2227402572983305E-002   2.0496081940862352     
   4.2000000000000002        2.0221628422638062E-002  -1.7542112252802857E-002   2.0496081940862352     
   4.1799999999999997        2.1232353382439076E-002  -2.3106009382007076E-002   2.0496081940862352     
   4.1600000000000001        2.2600474979219569E-002  -2.8559692808256168E-002   2.0496081940862352     
   4.1399999999999997        2.3249079270028322E-002  -3.4279469948056515E-002   2.0496081940862352     
   4.1200000000000001        2.4233558609030485E-002  -3.9843731921094958E-002   2.0496081940862352     
   4.0999999999999996        2.4503426472215442E-002  -4.5689602153568834E-002   2.0496081940862352     
   4.0800000000000001        2.5086786024220275E-002  -5.1334653820214765E-002   2.0496081940862352     
   4.0600000000000005        2.4963030213759053E-002  -5.7275400372270059E-002   2.0496081940862352     
   4.0400000000000000        2.5129629457910505E-002  -6.2970187417294307E-002   2.0496081940862352     
   4.0200000000000005        2.4599214740606862E-002  -6.8973298915871561E-002   2.0496081940862352     
   4.0000000000000000        2.4335375414492311E-002  -7.4685638643477062E-002   2.0496081940862352     
   3.9800000000000000        2.3387234598336543E-002  -8.0717453286976007E-002   2.0496081940862352     
   3.9600000000000000        2.2681357941969207E-002  -8.6414179998480445E-002   2.0496081940862352     
   3.9399999999999999        2.1306499686406168E-002  -9.2440038015633469E-002   2.0496081940862352     
   3.9199999999999999        2.0149174930676413E-002  -9.8087156038508261E-002   2.0496081940862352     
   3.8999999999999999        1.8340782625514102E-002 -0.10407155975529088        2.0496081940862352     
   3.8799999999999999        1.6724886011324568E-002 -0.10963440343054098        2.0496081940862352     
   3.8599999999999999        1.4478407048193455E-002 -0.11554118421808228        2.0496081940862352     
   3.8399999999999999        1.2399190702535576E-002 -0.12098458410799283        2.0496081940862352     
   3.8200000000000003        9.7124155040356173E-003 -0.12677707544022535        2.0496081940862352     
   3.8000000000000003        7.1675855434635517E-003 -0.13206552997700244        2.0496081940862352     
   3.7800000000000002        4.0407157602714754E-003 -0.13770674578618228        2.0496081940862352     
   3.7600000000000002        1.0304990404362991E-003 -0.14280459754423624        2.0496081940862352     
   3.7400000000000002       -2.5337956245296486E-003 -0.14825741502574516        2.0496081940862352     
   3.7200000000000002       -6.0065966426694362E-003 -0.15312903076659296        2.0496081940862352     
   3.7000000000000002       -1.0003133471591600E-002 -0.15835637675185169        2.0496081940862352     
   3.6800000000000002       -1.3933098212787411E-002 -0.16296633036101707        2.0496081940862352     
   3.6600000000000001       -1.8354148804774678E-002 -0.16793137034909378        2.0496081940862352     
   3.6400000000000001       -2.2733208842957570E-002 -0.17224462775917929        2.0496081940862352     
   3.6200000000000001       -2.7568479114686243E-002 -0.17691095667398732        2.0496081940862352     
   3.6000000000000001       -3.2385901562491909E-002 -0.18089306184749099        2.0496081940862352     
   3.5800000000000001       -3.7622524730641378E-002 -0.18522489556846630        2.0496081940862352     
   3.5600000000000001       -4.2864909044379895E-002 -0.18884215659799786        2.0496081940862352     
   3.5400000000000000       -4.8487451838979692E-002 -0.19280452329801268        2.0496081940862352     
   3.5200000000000000       -5.4138740261972892E-002 -0.19602419767052892        2.0496081940862352     
   3.5000000000000000       -6.0129222553789524E-002 -0.19958312798561381        2.0496081940862352     
   3.4800000000000000       -6.6170724352624902E-002 -0.20237360605116766        2.0496081940862352     
   3.4600000000000000       -7.2508652309865862E-002 -0.20549632110248989        2.0496081940862352     
   3.4399999999999999       -7.8919081888203749E-002 -0.20782730678689831        2.0496081940862352     
   3.4199999999999999       -8.5581494708496214E-002 -0.21048240307641417        2.0496081940862352     
   3.3999999999999999       -9.2337023611996957E-002 -0.21232509088118390        2.0496081940862352     
   3.3799999999999999       -9.9298553805101844E-002 -0.21448272108848321        2.0496081940862352     
   3.3599999999999999      -0.10637287655918012      -0.21580996843034067        2.0496081940862352     
   3.3399999999999999      -0.11360582368466798      -0.21744201714945094        2.0496081940862352     
   3.3200000000000003      -0.12097023733452582      -0.21822851110585861        2.0496081940862352     
   3.3000000000000003      -0.12844465502697136      -0.21930876457708226        2.0496081940862352     
   3.2800000000000002      -0.13606815217706961      -0.21953118212314437        2.0496081940862352     
   3.2600000000000002      -0.14375194821967505      -0.22003549103638273        2.0496081940862352     
   3.2400000000000002      -0.15160132329786963      -0.21967265188250110        2.0496081940862352     
   3.2200000000000002      -0.15946037243413466      -0.21957908635481915        2.0496081940862352     
   3.2000000000000002      -0.16750034083449705      -0.21861209752319691        2.0496081940862352     
   3.1800000000000002      -0.17549860993705799      -0.21790109338451955        2.0496081940862352     
   3.1600000000000001      -0.18369193962527575      -0.21631348469607906        2.0496081940862352     
   3.1400000000000001      -0.19179162477170109      -0.21496798025273825        2.0496081940862352     
   3.1200000000000001      -0.20009927986827555      -0.21274582993398486        2.0496081940862352     
   3.1000000000000001      -0.20826095480585036      -0.21075139242019017        2.0496081940862352     
   3.0800000000000001      -0.21664225059543168      -0.20788344208190754        2.0496081940862352     
   3.0600000000000001      -0.22482502601116205      -0.20522838305390415        2.0496081940862352     
   3.0400000000000000      -0.23323779476161671      -0.20170614134008996        2.0496081940862352     
   3.0200000000000000      -0.24139948771022607      -0.19838162031656309        2.0496081940862352     
   3.0000000000000000      -0.24980025462273844      -0.19419945457246759        2.0496081940862352     
   2.9800000000000000      -0.25789756740468694      -0.19019957027749501        2.0496081940862352     
   2.9600000000000000      -0.26624173595671446      -0.18535478563982563        2.0496081940862352     
   2.9399999999999999      -0.27423044368059685      -0.18067665426100726        2.0496081940862352     
   2.9199999999999999      -0.28247248956707538      -0.17516955963100234        2.0496081940862352     
   2.8999999999999999      -0.29030763557650002      -0.16981337956516673        2.0496081940862352     
   2.8799999999999999      -0.29840130840169654      -0.16364733998608061        2.0496081940862352     
   2.8599999999999999      -0.30603740669622742      -0.15761644260779450        2.0496081940862352     
   2.8399999999999999      -0.31393593851930768      -0.15079791763209680        2.0496081940862352     
   2.8199999999999998      -0.32132718225258311      -0.14409880368586836        2.0496081940862352     
   2.8000000000000003      -0.32898350204457649      -0.13663737138380150        2.0496081940862352     
   2.7800000000000002      -0.33608397714057320      -0.12927973266899817        2.0496081940862352     
   2.7600000000000002      -0.34345093016929917      -0.12118809899878520        2.0496081940862352     
   2.7400000000000002      -0.35021483306014617      -0.11318482508661457        2.0496081940862352     
   2.7200000000000002      -0.35724540418298495      -0.10447881841721744        2.0496081940862352     
   2.7000000000000002      -0.36362726263899592       -9.5845988211262556E-002   2.0496081940862352     
   2.6800000000000002      -0.37027480245146638       -8.6544538860817047E-002   2.0496081940862352     
   2.6600000000000001      -0.37622969844633664       -7.7301396886252774E-002   2.0496081940862352     
   2.6400000000000001      -0.38244815120743508       -6.7426501612804057E-002   2.0496081940862352     
   2.6200000000000001      -0.38793194473905385       -5.7595418994196394E-002   2.0496081940862352     
   2.6000000000000001      -0.39367607697249490       -4.7172090449777528E-002   2.0496081940862352     
   2.5800000000000001      -0.39864562974264850       -3.6778510612898843E-002   2.0496081940862352     
   2.5600000000000001      -0.40387125839664068       -2.5834711846939935E-002   2.0496081940862352     
   2.5400000000000000      -0.40828465624123494       -1.4907081055966252E-002   2.0496081940862352     
   2.5200000000000000      -0.41294887527846746       -3.4736452291495995E-003   2.0496081940862352     
   2.5000000000000000      -0.41676564823378343        7.9566718534560855E-003   2.0496081940862352     
   2.4800000000000000      -0.42082705251797220        1.9846136308871769E-002   2.0496081940862352     
   2.4600000000000000      -0.42400839140801927        3.1744955776909167E-002   2.0496081940862352     
   2.4399999999999999      -0.42742729675382907        4.4054174239973529E-002   2.0496081940862352     
   2.4199999999999999      -0.42993626518909661        5.6384606474786159E-002   2.0496081940862352     
   2.3999999999999999      -0.43267492344855291        6.9074761078305291E-002   2.0496081940862352     
   2.3799999999999999      -0.43447666413735780        8.1797338245431825E-002   2.0496081940862352     
   2.3599999999999999      -0.43649947220812857        9.4827204222387315E-002   2.0496081940862352     
   2.3399999999999999      -0.43756140649837050       0.10790002125007436        2.0496081940862352     
   2.3199999999999998      -0.43883510815743709       0.12122611615824959        2.0496081940862352     
   2.3000000000000003      -0.43912712774875778       0.13460498464410503        2.0496081940862352     
   2.2800000000000002      -0.43962100723910569       0.14818172987510461        2.0496081940862352     
   2.2600000000000002      -0.43911565703323574       0.16182034429925427        2.0496081940862352     
   2.2400000000000002      -0.43880172336114459       0.17560023821258428        2.0496081940862352     
   2.2200000000000002      -0.43747437445143678       0.18945035377044478        2.0496081940862352     
   2.2000000000000002      -0.43632753538766916       0.20338415573067853        2.0496081940862352     
   2.1800000000000002      -0.43415654722735558       0.21739577703624413        2.0496081940862352     
   2.1600000000000001      -0.43215477204691671       0.23143270157188761        2.0496081940862352     
   2.1400000000000001      -0.42912164287935750       0.24555428142360897        2.0496081940862352     
   2.1200000000000001      -0.42624611292131653       0.25964220167043356        2.0496081940862352     
   2.1000000000000001      -0.42233561760422639       0.27382084901663895        2.0496081940862352     
   2.0800000000000001      -0.41857086378515640       0.28790650855631211        2.0496081940862352     
   2.0600000000000001      -0.41377117819430326       0.30208820474604492        2.0496081940862352     
   2.0400000000000000      -0.40910520466597139       0.31611743690311583        2.0496081940862352     
   2.0200000000000000      -0.40340801592194808       0.33024725926150483        2.0496081940862352     
   2.0000000000000000      -0.39783240912565265       0.34416521287850588        2.0496081940862352     
   1.9800000000000000      -0.39123301094970281       0.35818756460361767        2.0496081940862352     
   1.9600000000000000      -0.38474303338581423       0.37193893527548244        2.0496081940862352     
   1.9399999999999999      -0.37724040595717345       0.38579778061628761        2.0496081940862352     
   1.9199999999999999      -0.36983507405863403       0.39932704633162841        2.0496081940862352     
   1.9000000000000001      -0.36143194781604032       0.41296614997444731        2.0496081940862352     
   1.8800000000000001      -0.35311409338840544       0.42621781008277371        2.0496081940862352     
   1.8600000000000001      -0.34381699629207985       0.43958097964656045        2.0496081940862352     
   1.8400000000000001      -0.33459331105980922       0.45249979604731572        2.0496081940862352     
   1.8200000000000001      -0.32441259890695417       0.46553112656653045        2.0496081940862352     
   1.8000000000000000      -0.31429366178556145       0.47806236599811130        2.0496081940862352     
   1.7800000000000000      -0.30324353125190029       0.49070648525586580        2.0496081940862352     
   1.7600000000000000      -0.29224381804793276       0.50279616155060447        2.0496081940862352     
   1.7400000000000000      -0.28034230220966277       0.51499847511432895        2.0496081940862352     
   1.7200000000000000      -0.26848017753474251       0.52659359027887576        2.0496081940862352     
   1.7000000000000000      -0.25574912370909747       0.53830052508601567        2.0496081940862352     
   1.6799999999999999      -0.24304681498006792       0.54934930806569038        2.0496081940862352     
   1.6600000000000001      -0.22951184480807077       0.56050855340793637        2.0496081940862352     
   1.6400000000000001      -0.21599539829211536       0.57096069539842886        2.0496081940862352     
   1.6200000000000001      -0.20168585007361467       0.58152144015970186        2.0496081940862352     
   1.6000000000000001      -0.18738506902468621       0.59132832533998769        2.0496081940862352     
   1.5800000000000001      -0.17233392240302522       0.60124149035582874        2.0496081940862352     
   1.5600000000000001      -0.15728228742350231       0.61035642093227549        2.0496081940862352     
   1.5400000000000000      -0.14152607060464320       0.61957488535634819        2.0496081940862352     
   1.5200000000000000      -0.12576064245347146       0.62795329982963832        2.0496081940862352     
   1.5000000000000000      -0.10933932223171811       0.63643212041667196        2.0496081940862352     
   1.4800000000000000       -9.2900627386897347E-002  0.64403180401025617        2.0496081940862352     
   1.4600000000000000       -7.5857482336016108E-002  0.65172842625381322        2.0496081940862352     
   1.4399999999999999       -5.8789381704776073E-002  0.65850971247502144        2.0496081940862352     
   1.4199999999999999       -4.1170858978875909E-002  0.66538417257282345        2.0496081940862352     
   1.4000000000000001       -2.3520400232832236E-002  0.67131013491531155        2.0496081940862352     
   1.3800000000000001       -5.3759565053622116E-003  0.67732525157432655        2.0496081940862352     
   1.3600000000000001        1.2806789400039431E-002  0.68236188441308565        2.0496081940862352     
   1.3400000000000001        3.1424862248851840E-002  0.68748343955100455        2.0496081940862352     
   1.3200000000000001        5.0086979731580189E-002  0.69159982732846370        2.0496081940862352     
   1.3000000000000000        6.9123743488991252E-002  0.69579673477732584        2.0496081940862352     
   1.2800000000000000        8.8209665458326911E-002  0.69896520863095057        2.0496081940862352     
   1.2600000000000000       0.10760773824860570       0.70220967000230905        2.0496081940862352     
   1.2400000000000000       0.12705945289363685       0.70440595104028147        2.0496081940862352     
   1.2200000000000000       0.14675922480312711       0.70667359796916640        2.0496081940862352     
   1.2000000000000000       0.16651649519118858       0.70787692646094114        2.0496081940862352     
   1.1799999999999999       0.18645635593967347       0.70914694850771964        2.0496081940862352     
   1.1599999999999999       0.20645695149715870       0.70934019832025930        2.0496081940862352     
   1.1400000000000001       0.22657352918088436       0.70959545587498674        2.0496081940862352     
   1.1200000000000001       0.24675346806598952       0.70876523355294518        2.0496081940862352     
   1.1000000000000001       0.26698187793685269       0.70799235515569470        2.0496081940862352     
   1.0800000000000001       0.28727567925527236       0.70612908311441713        2.0496081940862352     
   1.0600000000000001       0.30754978144465051       0.70431854667700233        2.0496081940862352     
   1.0400000000000000       0.32789072620536241       0.70141653005068361        2.0496081940862352     
   1.0200000000000000       0.34814339125024463       0.69856272753982485        2.0496081940862352     
   1.0000000000000000       0.36846379090954645       0.69462020430308524        2.0496081940862352     
  0.97999999999999998       0.38862717189327667       0.69072148952207924        2.0496081940862352     
  0.95999999999999996       0.40885864329148752       0.68574066358127361        2.0496081940862352     
  0.94000000000000006       0.42886445337182011       0.68079938276622765        2.0496081940862352     
  0.92000000000000004       0.44893819882875707       0.67478643979661879        2.0496081940862352     
  0.90000000000000002       0.46871799289230309       0.66880894482393138        2.0496081940862352     
  0.88000000000000000       0.48856508419504457       0.66177405071004214        2.0496081940862352     
  0.85999999999999999       0.50805054334974398       0.65477069479367567        2.0496081940862352     
  0.83999999999999997       0.52760220833954108       0.64672797661229420        2.0496081940862352     
  0.82000000000000006       0.54672542593566520       0.63871309245208463        2.0496081940862352     
  0.80000000000000004       0.56591333638032459       0.62968060202014453        2.0496081940862352     
  0.78000000000000003       0.58460710423589979       0.62067246244553009        2.0496081940862352     
  0.76000000000000001       0.60336366365974969       0.61067212253798908        2.0496081940862352     
  0.73999999999999999       0.62156175715820228       0.60069288377470065        2.0496081940862352     
  0.71999999999999997       0.63982038729400248       0.58975041720021570        2.0496081940862352     
  0.70000000000000007       0.65745784802037666       0.57882604497024270        2.0496081940862352     
  0.68000000000000005       0.67515327254637048       0.56697088677443508        2.0496081940862352     
  0.66000000000000003       0.69216668713367169       0.55513106552154801        2.0496081940862352     
  0.64000000000000001       0.70923521136447620       0.54239625866857433        2.0496081940862352     
  0.62000000000000000       0.72556298523351004       0.52967428428241448        2.0496081940862352     
  0.59999999999999998       0.74194277044578660       0.51609635924498298        2.0496081940862352     
  0.57999999999999996       0.75752539514027384       0.50252901573583786        2.0496081940862352     
  0.56000000000000005       0.77315672623306431       0.48814785450131509        2.0496081940862352     
  0.54000000000000004       0.78793703907672796       0.47377527515473217        2.0496081940862352     
  0.52000000000000002       0.80276258429202130       0.45863396023018244        2.0496081940862352     
  0.50000000000000000       0.81668601912562666       0.44349947384517063        2.0496081940862352     
  0.47999999999999998       0.83065108058699855       0.42764412291664566        2.0496081940862352     
  0.46000000000000002       0.84366590838087441       0.41179408580295762        2.0496081940862352     
  0.44000000000000000       0.85671866224684445       0.39527367277373615        2.0496081940862352     
  0.41999999999999998       0.86877622042799463       0.37875728725224045        2.0496081940862352     
  0.40000000000000002       0.88086794550187619       0.36162345045063560        2.0496081940862352     
  0.38000000000000000       0.89192285488424639       0.34449257066572309        2.0496081940862352     
  0.35999999999999999       0.90300814857353584       0.32679940907517685        2.0496081940862352     
  0.34000000000000002       0.91301851683506252       0.30910833498914769        2.0496081940862352     
  0.32000000000000001       0.92305549741054882       0.29091219341129243        2.0496081940862352     
  0.29999999999999999       0.93198310812103802       0.27271745390742091        2.0496081940862352     
  0.28000000000000003       0.94093360228854872       0.25407669802230015        2.0496081940862352     
  0.26000000000000001       0.94874408855791803       0.23543682409547811        2.0496081940862352     
  0.23999999999999999       0.95657380342357845       0.21641160643190721        2.0496081940862352     
  0.22000000000000000       0.96323680531025335       0.19738689549315191        2.0496081940862352     
  0.20000000000000001       0.96991548389298998       0.17803891336600453        2.0496081940862352     
  0.17999999999999999       0.97540478878691161       0.15869118572943841        2.0496081940862352     
  0.16000000000000000       0.98090634830924306       0.13908343223925315        2.0496081940862352     
  0.14000000000000001       0.98520001358269826       0.11947578089721200        2.0496081940862352     
  0.12000000000000000       0.98950266585222646        9.9672290120726564E-002   2.0496081940862352     
  0.10000000000000001       0.99258312315415931        7.9868824944241107E-002   2.0496081940862352     
   8.0000000000000002E-002  0.99566947643311177        5.9934412472120557E-002   2.0496081940862352     
   5.9999999999999998E-002  0.99752361708833903        4.0000000000000001E-002   2.0496081940862352     
   4.0000000000000001E-002  0.99938075893658396        2.0000000000000000E-002   2.0496081940862352     
   2.0000000000000000E-002   1.0000000000000000        0.0000000000000000        2.0496081940862352     
   0.0000000000000000        1.0000000000000000        0.0000000000000000        2.0496081940862352     
