   7.5000000000000000       0.32500154401350989       0.32500154401350989       0.65074670176326999     
   7.5200000000000005       0.30761205457727420       0.34221129224107300       0.65056539674540381     
   7.5400000000000000       0.29031220510617517       0.35944452790694242       0.65050533105859620     
   7.5600000000000005       0.27303474399660171       0.37669883047518815       0.65048297079269279     
   7.5800000000000001       0.25587223028637912       0.39395067157999208       0.65058167312142878     
   7.6000000000000005       0.23875757352054319       0.41119776406558556       0.65071714634761657     
   7.6200000000000001       0.22178202846554804       0.42841575437473040       0.65097164919366690     
   7.6400000000000006       0.20487955113902812       0.44560275144891043       0.65126130996012332     
   7.6600000000000001       0.18813909512268739       0.46273363605736428       0.65166632126743851     
   7.6799999999999997       0.17149659358209626       0.47980695522801525       0.65210423590827682     
   7.7000000000000002       0.15503766261176116       0.49679688324795607       0.65265217101071005     
   7.7199999999999998       0.13870118517820093       0.51370245032544459       0.65323015545747021     
   7.7400000000000002       0.12256836807889229       0.53049718268630341       0.65391118325492681     
   7.7599999999999998       0.10658205499993924       0.54718064189943338       0.65461885427800559     
   7.7800000000000002        9.0817940317136400E-002  0.56372576336685876       0.65542095738988970     
   7.7999999999999998        7.5223873577297540E-002  0.58013269121828626       0.65624579748136103     
   7.8200000000000003        5.9868906789310561E-002  0.59637382570919939       0.65715484604704588     
   7.8399999999999999        4.4706970358625288E-002  0.61244994763263050       0.65808228157886772     
   7.8600000000000003        2.9799321946996051E-002  0.62833297587837422       0.65908212029750635     
   7.8799999999999999        1.5107072994818066E-002  0.64402438473720014       0.66009561251369120     
   7.9000000000000004        6.8251786686320784E-004  0.65949566332602727       0.66116816044050264     
   7.9199999999999999       -1.3504930586905941E-002  0.67474903877490466       0.66224930876885402     
   7.9400000000000004       -2.7413121885638967E-002  0.68975561958884402       0.66337467131242700     
   7.9600000000000000       -4.1063206466232342E-002  0.70451844730621438       0.66450332841127069     
   7.9800000000000004       -5.4424364369910515E-002  0.71900829635591001       0.66565992090690129     
   8.0000000000000000       -6.7507164632920919E-002  0.73322908614681392       0.66681431879538045     
   8.0199999999999996       -8.0293304683654407E-002  0.74715130080128922       0.66797900096330165     
   8.0400000000000009       -9.2781623892029833E-002  0.76077980256606259       0.66913588752051345     
   8.0600000000000005      -0.10496751811905383       0.77408482617275864       0.67028410805558625     
   8.0800000000000001      -0.11683695127476648       0.78707224273846887       0.67141889311455794     
   8.0999999999999996      -0.12840018662695704       0.79971207563227287       0.67252484359579479     
   8.1200000000000010      -0.13962917558171092       0.81201127145010921       0.67361175380337102     
   8.1400000000000006      -0.15055019927817653       0.82393967735858598       0.67464853105799105     
   8.1600000000000001      -0.16112007480946397       0.83550538208182423       0.67566077262137803     
   8.1799999999999997      -0.17138222653565774       0.84667808894747409       0.67660054862923780     
   8.1999999999999993      -0.18127723733661724       0.85746709492118145       0.67751047702461586     
   8.2200000000000006      -0.19086676827615712       0.86784198918019073       0.67832467540503827     
   8.2400000000000002      -0.20007409686971173       0.87781334189537630       0.67910397108347220     
   8.2599999999999998      -0.20898017562457827       0.88735065527607493       0.67976344916807996     
   8.2799999999999994      -0.21748994127392629       0.89646583586754958       0.68038329825925792     
   8.3000000000000007      -0.22570464678759575       0.90512832380041441       0.68085853372151084     
   8.3200000000000003      -0.23350989553598869       0.91335142269900094       0.68128981270673927     
   8.3399999999999999      -0.24102819719506549       0.92110453346353216       0.68155109369174949     
   8.3599999999999994      -0.24812487922761756       0.92840241434936444       0.68176455699432692     
   8.3800000000000008      -0.25494460437731992       0.93521444812130772       0.68178217467130608     
   8.4000000000000004      -0.26133153895603972       0.94155690136562509       0.68174864409506475     
   8.4199999999999999      -0.26745332812316192       0.94739915837061561       0.68149308653954332     
   8.4399999999999995      -0.27313215640319000       0.95275904319839722       0.68118364147496191     
   8.4600000000000009      -0.27855940657661971       0.95760596022499533       0.68062578777884464     
   8.4800000000000004      -0.28353453266647605       0.96195933487987295       0.68001195509090329     
   8.5000000000000000      -0.28827332903967479       0.96578860945585021       0.67912326859548566     
   8.5199999999999996      -0.29255184972091341       0.96911484870161047       0.67817721110823204     
   8.5400000000000009      -0.29661088635270277       0.97190755029196196       0.67692993065851137     
   8.5600000000000005      -0.30020250992443515       0.97418944964141774       0.67562463315824517     
   8.5800000000000001      -0.30359299982369126       0.97593011728468226       0.67399196128624816     
   8.5999999999999996      -0.30650995458475139       0.97715398340635495       0.67230141297812951     
   8.6200000000000010      -0.30924552977096209       0.97783070926703619       0.67025769993839357     
   8.6400000000000006      -0.31150246269676690       0.97798643608272084       0.66815707231019550     
   8.6600000000000001      -0.31359906483158601       0.97759093446162537       0.66567799491194646     
   8.6799999999999997      -0.31521293104383835       0.97667206451311706       0.66314381398334865     
   8.7000000000000011      -0.31668869326860655       0.97519972592393889       0.66020654819117230     
   8.7200000000000006      -0.31767863693363280       0.97320349665461692       0.65721686015734138     
   8.7400000000000002      -0.31855375758410254       0.97065342664372101       0.65380024646507118     
   8.7599999999999998      -0.31894098490969730       0.96758080131007429       0.65033477577915255     
   8.7799999999999994      -0.31923759381175332       0.96395584376681198       0.64641947640009711     
   8.8000000000000007      -0.31904523884274399       0.95981152676584891       0.64245977538033194     
   8.8200000000000003      -0.31878725692161014       0.95511827154255879       0.63802842234065904     
   8.8399999999999999      -0.31804024086084592       0.94991070801313671       0.63355801143400436     
   8.8599999999999994      -0.31725323382099219       0.94415948274681771       0.62859534470476386     
   8.8800000000000008      -0.31597811862500153       0.93790084237583304       0.62359984258981427     
   8.9000000000000004      -0.31468914547862603       0.93110568847705399       0.61809283744655763     
   8.9199999999999999      -0.31291398249571578       0.92381183351482909       0.61256008021397346     
   8.9399999999999995      -0.31115143973421344       0.91599046636327730       0.60649806307075682     
   8.9600000000000009      -0.30890561416724721       0.90768090392601519       0.60041821177900245     
   8.9800000000000004      -0.30669907638244781       0.89885465738601233       0.59379296380564028     
   9.0000000000000000      -0.30401314836891774       0.88955247619649480       0.58715859977326479     
   9.0199999999999996      -0.30139320613906806       0.87974623163928745       0.57996444767048450     
   9.0400000000000009      -0.29829874924737809       0.86947802342977210       0.57277065493314194     
   9.0600000000000005      -0.29529684510686383       0.85872012352222116       0.56500454830956337     
   9.0800000000000001      -0.29182628304998248       0.84751588939539357       0.55724898274009038     
   9.0999999999999996      -0.28847454636165898       0.83583803698648751       0.54891055760732999     
   9.1200000000000010      -0.28466098872752943       0.82373107910099852       0.54059350227007275     
   9.1400000000000006      -0.28099207027232109       0.81116822160800117       0.53168513024729314     
   9.1600000000000001      -0.27686914806470214       0.79819502062428871       0.52280953663316743     
   9.1799999999999997      -0.27291605515489087       0.78478522038909315       0.51333635952978629     
   9.2000000000000011      -0.26851775692871466       0.77098529917854353       0.50390787439586682     
   9.2200000000000006      -0.26431368983917369       0.75676959033149660       0.49387782392035440     
   9.2400000000000002      -0.25967419920116031       0.74218536451714556       0.48390480153662696     
   9.2599999999999998      -0.25525238969678943       0.72720759695005532       0.47332860396010046     
   9.2799999999999994      -0.25040592492505509       0.71188421290980441       0.46282210364608667     
   9.3000000000000007      -0.24579947764297649       0.69619088402161800       0.45171326933117445     
   9.3200000000000003      -0.24078013415885266       0.68017604504493923       0.44068703824593386     
   9.3399999999999999      -0.23602187158065349       0.66381611998246304       0.42906183603379255     
   9.3599999999999994      -0.23086346798203053       0.64715990132853352       0.41753227726390579     
   9.3800000000000008      -0.22598577970464703       0.63018462250027218       0.40540969379489039     
   9.4000000000000004      -0.22072170804303196       0.61293927615915855       0.39339581986602690     
   9.4199999999999999      -0.21575640502692994       0.59540196285250380       0.38079750399178819     
   9.4399999999999995      -0.21041948598023402       0.57762171286111685       0.36832087600989044     
   9.4600000000000009      -0.20539766042051213       0.55957755184160884       0.35527106853633200     
   9.4800000000000004      -0.20002000398052144       0.54131838105238661       0.34235572124386582     
   9.5000000000000000      -0.19497189541065435       0.52282420906816263       0.32888117032479702     
   9.5199999999999996      -0.18958476766840268       0.50414363831061271       0.31555352343549820     
   9.5400000000000009      -0.18453963586773534       0.48525771746534524       0.30168338601567357     
   9.5600000000000005      -0.17917333244177061       0.46621457807840200       0.28797214226731160     
   9.5800000000000001      -0.17415933767679520       0.44699636507169843       0.27373787205031497     
   9.5999999999999996      -0.16884306428882709       0.42765056581815186       0.25967390248879541     
   9.6200000000000010      -0.16388715537492901       0.40816047608335709       0.24510912497952522     
   9.6400000000000006      -0.15864891603479384       0.38857276548611785       0.23072534205866674     
   9.6600000000000001      -0.15377672665979358       0.36887193328153445       0.21586571730155107     
   9.6799999999999997      -0.14864321987728080       0.34910365844511726       0.20119693645080258     
   9.7000000000000011      -0.14387897358093971       0.32925369397565213       0.18608001015292930     
   9.7200000000000006      -0.13887549697605439       0.30936655697474258       0.17116280052962363     
   9.7400000000000002      -0.13424192113102593       0.28942930163677338       0.15582784432230667     
   9.7599999999999998      -0.12939228476693798       0.26948511456701790       0.14070036952548789     
   9.7799999999999994      -0.12491053385667666       0.24952239541970803       0.12518821117802434     
   9.8000000000000007      -0.12023698257118605       0.22958283521379172       0.10989006075703914     
   9.8200000000000003      -0.11592657100933966       0.20965621978510496        9.4242905212213263E-002
   9.8399999999999999      -0.11144971597143417       0.18978258389968999        7.8814917854789904E-002
   9.8599999999999994      -0.10732846065551105       0.16995313643487223        6.3076160006689933E-002
   9.8800000000000008      -0.10306722032375022       0.15020610051101990        4.7560239337860105E-002
   9.9000000000000004       -9.9151193063646392E-002  0.13053414076534212        3.1774269518535042E-002
   9.9199999999999999       -9.5122743672958254E-002  0.11097351935660690        1.6213193483174668E-002
   9.9399999999999995       -9.1426233582521998E-002   9.1518385022660478E-002   4.2519666525956334E-004
   9.9600000000000009       -8.7645969235796942E-002   7.2202896471155645E-002  -1.5137578496982388E-002
   9.9800000000000004       -8.4181455123278362E-002   5.3022710314046567E-002  -3.0881828739489400E-002
   10.000000000000000       -8.0662957514160305E-002   3.4009746835498962E-002  -4.6402368887750400E-002
   10.020000000000000       -7.7441090255423548E-002   1.5161189586943347E-002  -6.2056720589106044E-002
   10.040000000000001       -7.4196107999197097E-002  -3.4934063988628561E-003  -7.7490817379722340E-002
   10.060000000000000       -7.1225702826223272E-002  -2.1955316364148422E-002  -9.3008953467636837E-002
   10.080000000000000       -6.8264140326936382E-002  -4.0197468650921789E-002 -0.10831233027519008     
   10.100000000000000       -6.5552178913701228E-002  -5.8219587865882397E-002 -0.12364798381948867     
   10.120000000000001       -6.2882094647900136E-002  -7.5997194654590136E-002 -0.13877650278575779     
   10.140000000000001       -6.0433736826423202E-002  -9.3528458384587912E-002 -0.15388367308721168     
   10.160000000000000       -5.8061350877362916E-002 -0.11079159132133139      -0.16879354219688858     
   10.180000000000000       -5.5879955768855696E-002 -0.12778320775246493      -0.18362671058791505     
   10.200000000000001       -5.3809666400021106E-002 -0.14448430092267806      -0.19827468966967726     
   10.220000000000001       -5.1896822699854794E-002 -0.16088993485008182      -0.21278903389979278     
   10.240000000000000       -5.0131231713318208E-002 -0.17698396288995583      -0.22713263845716070     
   10.260000000000000       -4.8486796824219372E-002 -0.19275990809367094      -0.24128424454338840     
   10.279999999999999       -4.7026743407982283E-002 -0.20820455263253884      -0.25528194633170898     
   10.300000000000001       -4.5648891073669977E-002 -0.22330989218370176      -0.26902801676756305     
   10.320000000000000       -4.4493493802899360E-002 -0.23806569588775517      -0.28263944005133007     
   10.340000000000000       -4.3378769854501925E-002 -0.25246244968662973      -0.29593849728736826     
   10.359999999999999       -4.2525476474659908E-002 -0.26649295723451633      -0.30912460973582262     
   10.380000000000001       -4.1668862264890784E-002 -0.28014621614403140      -0.32193669387000051     
   10.400000000000000       -4.1113506850344525E-002 -0.29341810152823716      -0.33465999107836542     
   10.420000000000000       -4.0508489915737064E-002 -0.30629614753179851      -0.34694685072531678     
   10.440000000000000       -4.0245356965681156E-002 -0.31877932714593488      -0.35917153338394936     
   10.460000000000001       -3.9884008425349671E-002 -0.33085373902604071      -0.37089680872870207     
   10.480000000000000       -3.9905903429911231E-002 -0.34252147006687156      -0.38258895150265188     
   10.500000000000000       -3.9778961600446354E-002 -0.35376721417109386      -0.39371834858591220     
   10.520000000000000       -4.0077287583796986E-002 -0.36459617795499877      -0.40484605981264288     
   10.540000000000001       -4.0174247264141816E-002 -0.37499168368785818      -0.41534751514142432     
   10.560000000000000       -4.0739086788411129E-002 -0.38496205355405433      -0.42588108650448664     
   10.580000000000000       -4.1048293645999046E-002 -0.39448927330681860      -0.43572492113322214     
   10.600000000000000       -4.1868495739852379E-002 -0.40358476685372963      -0.44563696652422197     
   10.620000000000001       -4.2377245209996847E-002 -0.41222922015884322      -0.45479602880729597     
   10.640000000000001       -4.3440516668974180E-002 -0.42043713563505836      -0.46406161164719800     
   10.660000000000000       -4.4135156763547172E-002 -0.42818793740742700      -0.47251140792378821     
   10.680000000000000       -4.5428157255703344E-002 -0.43549917415447587      -0.48110815627720438     
   10.700000000000001       -4.6294194664565788E-002 -0.44234904695772664      -0.48882696881302162     
   10.720000000000001       -4.7802635064632421E-002 -0.44875810987792369      -0.49673517769520936     
   10.740000000000000       -4.8824843924110448E-002 -0.45470338022979162      -0.50370416927293138     
   10.760000000000000       -5.0533587292331601E-002 -0.46020836832839535      -0.51090688961849018     
   10.779999999999999       -5.1696119989271865E-002 -0.46524894713508280      -0.51711019423894822     
   10.800000000000001       -5.3589284607233778E-002 -0.46985152626156357      -0.52359330807323634     
   10.820000000000000       -5.4875783984811972E-002 -0.47399087354596503      -0.52901810730240006     
   10.840000000000000       -5.6936847859976485E-002 -0.47769623353393431      -0.53477038873113325     
   10.859999999999999       -5.8330560192442475E-002 -0.48094130769668220      -0.53940697330328125     
   10.880000000000001       -6.0542466445658666E-002 -0.48375810417564680      -0.54442013501220921     
   10.900000000000000       -6.2026354553538277E-002 -0.48611929610062243      -0.54826195137694778     
   10.920000000000000       -6.4371617109492490E-002 -0.48805957732483957      -0.55253067641153708     
   10.940000000000000       -6.5928472994367660E-002 -0.48955062971178914      -0.55557435799113364     
   10.960000000000001       -6.8389282003669227E-002 -0.49062974882179866      -0.55909631666542303     
   10.980000000000000       -7.0001838392451041E-002 -0.49126766119765947      -0.56134169966886616     
   11.000000000000000       -7.2560164825751200E-002 -0.49150417439815441      -0.56411755153261589     
   11.020000000000000       -7.4211205028249821E-002 -0.49130909432532338      -0.56556767525347884     
   11.040000000000001       -7.6848903897358073E-002 -0.49072464552865541      -0.56760105612707423     
   11.060000000000000       -7.8521369397838048E-002 -0.48971974659235623      -0.56826214773318773     
   11.080000000000000       -8.1220281076117104E-002 -0.48833893913975723      -0.56955964189996289     
   11.100000000000000       -8.2897376299286937E-002 -0.48655028635763331      -0.56944108580371522     
   11.120000000000001       -8.5639425433549271E-002 -0.48440054248992542      -0.57001218352906891     
   11.140000000000001       -8.7304719147934848E-002 -0.48185694584466926      -0.56912647550739448     
   11.160000000000000       -9.0072010676493189E-002 -0.47896835465048482      -0.56898351613278164     
   11.180000000000000       -9.1709533523245901E-002 -0.47570121150045230      -0.56734620244514933     
   11.200000000000001       -9.4484445339535858E-002 -0.47210636612256518      -0.56650430338238689     
   11.220000000000001       -9.6078783002264606E-002 -0.46814949329560540      -0.56413390521291074     
   11.240000000000000       -9.8844054830392603E-002 -0.46388331822457296      -0.56261087723973602     
   11.260000000000000      -0.10038043639142460      -0.45927277464656419      -0.55952880086555845     
   11.279999999999999      -0.10311925446893805      -0.45437234397527571      -0.55734505019665648     
   11.300000000000001      -0.10458363552931603      -0.44914624472673775      -0.55357548335845530     
   11.320000000000000      -0.10727971272324879      -0.44365059227941933      -0.55075390103679223     
   11.340000000000000      -0.10865885289758213      -0.43784891501098083      -0.54632369605837128     
   11.359999999999999      -0.11129650391221566      -0.43179883729551305      -0.54288953527923067     
   11.380000000000001      -0.11257803834501867      -0.42546322196566361      -0.53782807955118017     
   11.400000000000000      -0.11514224971361416      -0.41890107492854245      -0.53380882159544130     
   11.420000000000000      -0.11631475430077406      -0.41207461785487726      -0.52814789610246748     
   11.440000000000000      -0.11879124888856928      -0.40504410844361588      -0.52357310561597648     
   11.460000000000001      -0.11984429892588637      -0.39777115168151950      -0.51734673224834415     
   11.480000000000000      -0.12221959470769603      -0.39031712523963602      -0.51224790266041464     
   11.500000000000000      -0.12314381672779977      -0.38264304231992546      -0.50549218110664806     
   11.520000000000000      -0.12540527964040118      -0.37481126685478716      -0.49990257103245278     
   11.540000000000001      -0.12619239623954884      -0.36678224592418163      -0.49265550610274805     
   11.560000000000000      -0.12832828694644519      -0.35861919429774347      -0.48660996762128023     
   11.580000000000000      -0.12897115444352575      -0.35028201971306289      -0.47891128789865012     
   11.600000000000000      -0.13097066888744544      -0.34183465081000264      -0.47244608763987339     
   11.620000000000001      -0.13146330769871303      -0.33323648423868840      -0.46433705639864825     
   11.640000000000001      -0.13331661135509390      -0.32455202416549128      -0.45748969041009152     
   11.660000000000000      -0.13365422900950683      -0.31574018624142863      -0.44901290977882002     
   11.680000000000000      -0.13535248479200981      -0.30686591060368618      -0.44182191317305164     
   11.700000000000001      -0.13553149155333222      -0.29788766417835860      -0.43302112255084368     
   11.720000000000001      -0.13706688135991671      -0.28887068247194780      -0.42552587496080863     
   11.740000000000000      -0.13708489846271418      -0.27977301848680075      -0.41644574472263762     
   11.760000000000000      -0.13845063838775734      -0.27066006162177764      -0.40868627261160001     
   11.779999999999999      -0.13830649893487351      -0.26148948860835480      -0.39937219415886183     
   11.800000000000001      -0.13949684820903316      -0.25232670056245970      -0.39138897104560977     
   11.820000000000000      -0.13919059081784554      -0.24312903875253675      -0.38188684427323732     
   11.840000000000000      -0.14020085457263931      -0.23396177332427948      -0.37372058994117169     
   11.859999999999999      -0.13973370989615289      -0.22478195432304571      -0.36407660920181162     
   11.880000000000001      -0.14056023588435818      -0.21565457792261519      -0.35576808896256312     
   11.900000000000000      -0.13993460617080464      -0.20653645086404931      -0.34602852861164168     
   11.920000000000000      -0.14057477560659687      -0.19749215224395347      -0.33761835368994786     
   11.940000000000000      -0.13979420749746888      -0.18847829730918797      -0.32782935429297411     
   11.960000000000001      -0.14024642021152489      -0.17955890509579350      -0.31935778438972728     
   11.980000000000000      -0.13931557101270933      -0.17069045523264012      -0.30956514066490715     
   12.000000000000000      -0.13957922514715304      -0.16193626407490189      -0.30107188973966587     
   12.020000000000000      -0.13850382284086052      -0.15325273571008624      -0.29132084129492258     
   12.040000000000001      -0.13857928933676106      -0.14470234181300046      -0.28284488758786752     
   12.060000000000000      -0.13736608663312655      -0.13624147529829847      -0.27317991349180398     
   12.080000000000000      -0.13725467878914202      -0.12793162205623382      -0.26475931477824005     
   12.100000000000000      -0.13591140154554507      -0.11972923253589883      -0.25522393297957180     
   12.120000000000001      -0.13561533995010913      -0.11169466692530401      -0.24689564801785144     
   12.140000000000001      -0.13415063031329455      -0.10378450625522166      -0.23753222059755399     
   12.160000000000000      -0.13367300347436409       -9.6057846587546028E-002 -0.22933193769389129     
   12.180000000000000      -0.13209635812522647       -8.8471476876775021E-002 -0.22018148289895073     
   12.200000000000001      -0.13144107914094405       -8.1083092451112407E-002 -0.21214345647025060     
   12.220000000000001      -0.12976278304425720       -7.3849771734187455E-002 -0.20324546843770172     
   12.240000000000000      -0.12893454267485613       -6.6827674865511985E-002 -0.19540236440652234     
   12.260000000000000      -0.12716559875619907       -5.9974255349425125E-002 -0.18679464144163835     
   12.280000000000001      -0.12616981527202667       -5.3344006182640902E-002 -0.17917739224598347     
   12.300000000000001      -0.12432187046159678       -4.6894845446150094E-002 -0.17089587446934365     
   12.320000000000000      -0.12316463665419748       -4.0679469898906223E-002 -0.16353354441447071     
   12.340000000000000      -0.12124990475205884       -3.4656355354052426E-002 -0.15561216153942872     
   12.359999999999999      -0.11993793250481373       -2.8876276462715716E-002 -0.14853182315956903     
   12.380000000000001      -0.11796911433434412       -2.3298363319554035E-002 -0.14100235310471232     
   12.400000000000000      -0.11650967715617959       -1.7971346193245280E-002 -0.13422897513986468     
   12.420000000000000      -0.11449987848203347       -1.2855109099138635E-002 -0.12712091412070189     
   12.440000000000000      -0.11290075241218921       -7.9962196166827627E-003 -0.12067726164784021     
   12.460000000000001      -0.11086340010595905       -3.3554180714397857E-003 -0.11401770632852477     
   12.480000000000000      -0.10913280339974776        1.0230046141880100E-003 -0.10792425351801628     
   12.500000000000000      -0.10708156034067966        5.1773470361796475E-003 -0.10173779573775431     
   12.520000000000000      -0.10522809234560276        9.0657041914521310E-003  -9.6012651634900803E-002
   12.540000000000001      -0.10317677154521832        1.2725306850781196E-002  -9.0321286155174707E-002
   12.560000000000000      -0.10120935117375497        1.6116740128426472E-002  -8.4980133813950351E-002
   12.580000000000000       -9.9171829612069648E-002   1.9276058669774245E-002  -7.9803179462190135E-002
   12.600000000000000       -9.7099633811987066E-002   2.2166436492737016E-002  -7.4859228683859150E-002
   12.620000000000001       -9.5089766469229245E-002   2.4822642709627099E-002  -7.0213263197080739E-002
   12.640000000000001       -9.2922169084421941E-002   2.7210533283709162E-002  -6.5677217050844297E-002
   12.660000000000000       -9.0953703645806655E-002   2.9363481741826757E-002  -6.1576025849466975E-002
   12.680000000000000       -8.8700215050549952E-002   3.1250112974590530E-002  -5.7456061076022205E-002
   12.700000000000001       -8.6786707752795567E-002   3.2902294701801081E-002  -5.3910600123948077E-002
   12.720000000000001       -8.4456915629962506E-002   3.4291501369511951E-002  -5.0212361446256529E-002
   12.740000000000000       -8.2611648706947469E-002   3.5447984983914951E-002  -4.7230734278759061E-002
   12.760000000000000       -8.0215160326306184E-002   3.6346143550311107E-002  -4.3957342567848542E-002
   12.780000000000001       -7.8451061497619753E-002   3.7014504258547486E-002  -4.1544791494279656E-002
   12.800000000000001       -7.5997447833895157E-002   3.7430455808751185E-002  -3.8696865661943976E-002
   12.820000000000000       -7.4327012264151907E-002   3.7620692765057501E-002  -3.6855777076127701E-002
   12.840000000000000       -7.1825754276227588E-002   3.7565654574672494E-002  -3.4431469491377695E-002
   12.859999999999999       -7.0260969414991714E-002   3.7290097146536624E-002  -3.3161393149218205E-002
   12.880000000000001       -6.7721406787575711E-002   3.6777563459645432E-002  -3.1156438301671807E-002
   12.900000000000000       -6.6273680479705138E-002   3.6050766998086542E-002  -3.0454120353372072E-002
   12.920000000000000       -6.3704963107122814E-002   3.5096399638180079E-002  -2.8861896414874209E-002
   12.940000000000000       -6.2385055341421615E-002   3.3935031399404174E-002  -2.8721325908611459E-002
   12.960000000000001       -5.9796097810080814E-002   3.2556540884020338E-002  -2.7532928774621632E-002
   12.980000000000000       -5.8614056450485508E-002   3.0979256794225016E-002  -2.7945397279966065E-002
   13.000000000000000       -5.6013495752138515E-002   2.9196274666984233E-002  -2.7149726605054058E-002
   13.020000000000000       -5.4978596570405380E-002   2.7223587663200901E-002  -2.8103900538195514E-002
   13.040000000000001       -5.2374753252769184E-002   2.5057530795820154E-002  -2.7687757215688398E-002
   13.060000000000000       -5.1495444554936667E-002   2.2711671512670745E-002  -2.9169762385028733E-002
   13.080000000000000       -4.8896287489698605E-002   2.0185599164204603E-002  -2.9117956859833663E-002
   13.100000000000000       -4.8180139600630285E-002   1.7490369769138415E-002  -3.1111474690043557E-002
   13.120000000000001       -4.5593254521533122E-002   1.4628834219986160E-002  -3.1406945436252026E-002
   13.140000000000001       -4.5046914362776087E-002   1.1609456227800191E-002  -3.3893320271801919E-002
   13.160000000000000       -4.2479476298519538E-002   8.4383478317863227E-003  -3.4517261713181376E-002
   13.180000000000000       -4.2108627264713462E-002   5.1213047528776302E-003  -3.7475618548950845E-002
   13.200000000000001       -3.9567376963009764E-002   1.6676922718426360E-003  -3.8407617651145060E-002
   13.220000000000001       -3.9376704271329645E-002  -1.9194320323963913E-003  -4.1814989588257911E-002
   13.240000000000000       -3.6867928681791423E-002  -5.6274649306450051E-003  -4.3033170306706781E-002
   13.260000000000000       -3.6861090337585785E-002  -9.4561512976845258E-003  -4.6864634986499079E-002
   13.280000000000001       -3.4390607192382204E-002  -1.3389672485584909E-002  -4.8345809713997892E-002
   13.300000000000001       -3.4570210682455367E-002  -1.7430634009882411E-002  -5.2574633942219166E-002
   13.320000000000000       -3.2143357185034048E-002  -2.1560031391201887E-002  -5.4294461064872859E-002
   13.340000000000000       -3.2510941978103738E-002  -2.5783382589063455E-002  -5.8892252802061215E-002
   13.359999999999999       -3.0132567581913676E-002  -3.0078533733564280E-002  -6.0825399442334081E-002
   13.380000000000001       -3.0688593483827020E-002  -3.4453960413486924E-002  -6.5762266304944347E-002
   13.400000000000000       -2.8363056715073724E-002  -3.8884402436681453E-002  -6.7882575305710208E-002
   13.420000000000000       -2.9106898094569966E-002  -4.3381331378995587E-002  -7.3127288696175435E-002
   13.440000000000000       -2.6838067345752583E-002  -4.7916430176037042E-002  -7.5407948880250458E-002
   13.460000000000001       -2.7768013215090898E-002  -5.2504197735462159E-002  -8.0928112842808375E-002
   13.480000000000000       -2.5559271409584562E-002  -5.7113315690423841E-002  -8.3341831568495284E-002
   13.500000000000000       -2.6672531313380907E-002  -6.1761334449587778E-002  -8.9104055451406136E-002
   13.520000000000000       -2.4526784315789758E-002  -6.6413995758148700E-002  -9.1623232476134756E-002
   13.540000000000001       -2.5819499951092898E-002  -7.1091918379079314E-002  -9.7593306469896085E-002
   13.560000000000000       -2.3739188573666126E-002  -7.5757971143836755E-002 -0.10019020813114515     
   13.580000000000000       -2.5206451034807537E-002  -8.0435850587774846E-002 -0.10633328074648801     
   13.600000000000000       -2.3193566467023207E-002  -8.5085624870889470E-002 -0.10898021347180088     
   13.620000000000001       -2.4829438980249155E-002  -8.9734070184334866E-002 -0.11526097002062151     
   13.640000000000001       -2.2885541446864745E-002  -9.4338531231803649E-002 -0.11793045218663885     
   13.660000000000000       -2.4683087432344156E-002  -9.8928858128305180E-002 -0.12431329333353286     
   13.680000000000000       -2.2809327864912205E-002 -0.10345975401367005      -0.12697822450750018     
   13.700000000000001       -2.4760644137545192E-002 -0.10796412951629396      -0.13342744396914383     
   13.720000000000001       -2.2957788625711874E-002 -0.11239413248879958      -0.13606127058519188     
   13.740000000000000       -2.5054043521363957E-002 -0.11678571293725032      -0.14254123106937008     
   13.760000000000000       -2.3322500293311645E-002 -0.12108855380014824      -0.14511810761590016     
   13.780000000000001       -2.5553976483785493E-002 -0.12534161556891613      -0.15159341411137278     
   13.800000000000001       -2.3893825150036841E-002 -0.12949221045751422      -0.15408835893493272     
   13.820000000000000       -2.6249966888366522E-002 -0.13358227277693407      -0.16052402848740804     
   13.840000000000000       -2.4660989669921141E-002 -0.13755684175285937      -0.16291307335235250     
   13.859999999999999       -2.7130454187532110E-002 -0.14146078107332147      -0.16927470049043125     
   13.880000000000001       -2.5612168838021050E-002 -0.14523695800101943      -0.17153503307219767     
   13.900000000000000       -2.8182881597021852E-002 -0.14893311339148249      -0.17778895008004875     
   13.920000000000000       -2.6734575719298496E-002 -0.15249004661493787      -0.17989904861283074     
   13.940000000000000       -2.9393789206729717E-002 -0.15595831574007352      -0.18601247988334679     
   13.960000000000001       -2.8014555657110644E-002 -0.15927675913180650      -0.18795223923004850     
   13.980000000000000       -3.0748911393436110E-002 -0.16249868440724752      -0.19389344897306354     
   14.000000000000000       -2.9437684461691364E-002 -0.16556107841751661      -0.19564429743639938     
   14.020000000000000       -3.2233277883222347E-002 -0.16851992299948129      -0.20138273006096838     
   14.040000000000001       -3.0988869933410840E-002 -0.17131046539099834      -0.20292773630914415     
   14.060000000000000       -3.3831317797745758E-002 -0.17399127871470046      -0.20843414884660402     
   14.080000000000000       -3.2652456054103295E-002 -0.17649598472671837      -0.20975811838486008     
   14.100000000000000       -3.5526966009070203E-002 -0.17888565736713943      -0.21500470437013472     
   14.120000000000001       -3.4412329172376875E-002 -0.18109240911219412      -0.21609426505023013     
   14.140000000000001       -3.7303771122398549E-002 -0.18317971680064524      -0.22105476933227219     
   14.160000000000000       -3.6252025505561773E-002 -0.18507830175719542      -0.22189844545539428     
   14.180000000000000       -3.9145004404828591E-002 -0.18685393844734000      -0.22654826946349130     
   14.200000000000001       -3.8154839281782850E-002 -0.18843607697172651      -0.22713654409773071     
   14.220000000000001       -4.1033768981110018E-002 -0.18989267690900924      -0.23145284114826919     
   14.240000000000000       -4.0103930850516126E-002 -0.19115203875024137      -0.23177820634935548     
   14.260000000000000       -4.2953108624261133E-002 -0.19228418755868229      -0.23573996663722677     
   14.280000000000001       -4.2082434098824895E-002 -0.19321639741920357      -0.23579696133026509     
   14.300000000000001       -4.4886115479720080E-002 -0.19402063227892799      -0.23938508631004057     
   14.320000000000000       -4.4073562523183167E-002 -0.19462326452344278      -0.23917032166019309     
   14.340000000000000       -4.6816036076359140E-002 -0.19509806357081566      -0.24236768758414190     
   14.359999999999999       -4.6060713323260234E-002 -0.19537062624310644      -0.24187985975510437     
   14.380000000000001       -4.8726374996045867E-002 -0.19551638738262367      -0.24467137019772542     
   14.400000000000000       -4.8027568904123713E-002 -0.19546029574680432      -0.24391126046813139     
   14.420000000000000       -5.0600995595354130E-002 -0.19527930511963676      -0.24628388772973808     
   14.440000000000000       -4.9958195196864771E-002 -0.19489784499712356      -0.24525435000882526     
   14.460000000000001       -5.2424217198333560E-002 -0.19439423540515069      -0.24719716535352257     
   14.480000000000000       -5.1837136234479331E-002 -0.19369251663153919      -0.24590310120817158     
   14.500000000000000       -5.4180908207763924E-002 -0.19287221626752366      -0.24740729395390271     
   14.520000000000000       -5.3649504449757197E-002 -0.19185711664423147      -0.24585561532907468     
   14.540000000000001       -5.5856574613836613E-002 -0.19072778852824951      -0.24691450086897634     
   14.560000000000000       -5.5381066194729191E-002 -0.18940788869197719      -0.24511408075227348     
   14.580000000000000       -5.7437443413505866E-002 -0.18797886126102242      -0.24572309764695818     
   14.600000000000000       -5.7018322016670606E-002 -0.18636437093952821      -0.24368470899510492     
   14.620000000000001       -5.8910540490602382E-002 -0.18464656028116705      -0.24384140533440876     
   14.640000000000001       -5.8548581263516149E-002 -0.18274923644633320      -0.24157764864455059     
   14.660000000000000       -6.0263762545948937E-002 -0.18075506070811656      -0.24128165793433731     
   14.680000000000000       -5.9960030631552676E-002 -0.17858811817657536      -0.23880687790580490     
   14.700000000000001       -6.1485942707905430E-002 -0.17633140472046396      -0.23805988479035498     
   14.720000000000001       -6.1241796310158796E-002 -0.17390941978794888      -0.23539007658259659     
   14.740000000000000       -6.2566909496728926E-002 -0.17140530569305015      -0.23419577276557169     
   14.760000000000000       -6.2383999421875523E-002 -0.16874411342097961      -0.23134847841499478     
   14.780000000000001       -6.3497538860577685E-002 -0.16600893996829183      -0.22971250919170044     
   14.800000000000001       -6.3377804500940577E-002 -0.16312552576972109      -0.22670670480387745     
   14.820000000000000       -6.4269799046639792E-002 -0.16017672756917120      -0.22463660666425542     
   14.840000000000000       -6.4215460799314603E-002 -0.15708911376600948      -0.22149258104802602     
   14.859999999999999       -6.4876788117431347E-002 -0.15394510320875879      -0.21899771085327421     
   14.880000000000001       -6.4890336255872136E-002 -0.15067223125296592      -0.21573693630947505     
   14.900000000000000       -6.5312763969490886E-002 -0.14735227899060896      -0.21282839258514283     
   14.920000000000000       -6.5396944011539476E-002 -0.14391388805884955      -0.20947338860475892     
   14.940000000000000       -6.5573166759210683E-002 -0.14043800022573125      -0.20616392552945997     
   14.960000000000001       -6.5730961400436730E-002 -0.13685450290961795      -0.20273811619369583     
   14.980000000000000       -6.5654633688088188E-002 -0.13324329581492966      -0.19904205089497054     
   15.000000000000000       -6.5889241394232717E-002 -0.12953565163750530      -0.19556961680290780     
   15.020000000000000       -6.5555006146972780E-002 -0.12581022466012884      -0.19150273060016110     
   15.040000000000001       -6.5869816523665317E-002 -0.12199981215358717      -0.18800845617811821     
   15.060000000000000       -6.5273329265631327E-002 -0.11818161957480004      -0.18358789043678977     
   15.080000000000000       -6.5671895347230599E-002 -0.11429010765466323      -0.18009700750711100     
   15.100000000000000       -6.4809843959890159E-002 -0.11040083016183988      -0.17534115478822129     
   15.120000000000001       -6.5295851582136480E-002 -0.10645004952890946      -0.17187918329387464     
   15.140000000000001       -6.4165971613456080E-002 -0.10251146611730344      -0.16680757449875827     
   15.160000000000000       -6.4743206056476141E-002  -9.8523281410756919E-002 -0.16340016129374049     
   15.180000000000000       -6.3344291575018932E-002  -9.4557142400393229E-002 -0.15803334951507911     
   15.200000000000001       -6.4016601683962698E-002  -9.0553325813489169E-002 -0.15470610613917107     
   15.220000000000001       -6.2348511693145245E-002  -8.6581227684233555E-002 -0.14906554793635698     
   15.240000000000000       -6.3119771703228494E-002  -8.2583334738304079E-002 -0.14584388829619904     
   15.260000000000000       -6.1183432151549491E-002  -7.8626597468423765E-002 -0.13995182311560714     
   15.280000000000001       -6.2057501462408821E-002  -7.4655845621324421E-002 -0.13686080199241021     
   15.300000000000001       -5.9854902905357756E-002  -7.0735393193439897E-002 -0.13074013045135827     
   15.320000000000000       -6.0835584066286676E-002  -6.6812543935513974E-002 -0.12780428374884412     
   15.340000000000000       -5.8369775054753222E-002  -6.2948788648933551E-002 -0.12147844549595468     
   15.359999999999999       -5.9460770237476541E-002  -5.9094033713000302E-002 -0.11872163313039606     
   15.380000000000001       -5.6735846525719613E-002  -5.5306764913183502E-002 -0.11221448498480519     
   15.400000000000000       -5.7940712774786594E-002  -5.1539617195269741E-002 -0.10965973730241668     
   15.420000000000000       -5.4961802458311192E-002  -4.7847894999784125E-002 -0.10299543235992918     
   15.440000000000000       -5.6283906020867802E-002  -4.4187084754460253E-002 -0.10066480094543866     
   15.460000000000001       -5.3057150730815732E-002  -4.0609139320474608E-002  -9.3867669321428093E-002
   15.480000000000000       -5.4499620777373158E-002  -3.7072516158960601E-002  -9.1782083035590281E-002
   15.500000000000000       -5.1032153073205654E-002  -3.3625653000277429E-002  -8.4876514892346475E-002
   15.520000000000000       -5.2597835129005115E-002  -3.0230094181160811E-002  -8.3055641945605385E-002
   15.540000000000001       -4.8897752245272666E-002  -2.6930606003262643E-002  -7.6065973426110309E-002
   15.560000000000000       -5.0589161657897175E-002  -2.3691931464964414E-002  -7.4528090260760668E-002
   15.580000000000000       -4.6665495773715093E-002  -2.0555016944769099E-002  -6.7478492921721700E-002
   15.600000000000000       -4.8484771546681078E-002  -1.7487911486049262E-002  -6.6240360635975479E-002
   15.620000000000001       -4.4347456758110700E-002  -1.4527601379296906E-002  -5.9154734940575160E-002
   15.640000000000001       -4.6296316082261049E-002  -1.1645544349362769E-002  -5.8231483945133222E-002
   15.660000000000000       -4.1956152268106277E-002  -8.8746352630441998E-003  -5.1133357340591455E-002
   15.680000000000000       -4.4035846082698574E-002  -6.1898380764820521E-003  -5.0538380891903156E-002
   15.700000000000001       -3.9504459863243017E-002  -3.6198341967405446E-003  -4.3450810958843011E-002
   15.720000000000001       -4.1715729776683655E-002  -1.1431859408007566E-003  -4.3195668163475615E-002
   15.740000000000000       -3.7005532772592616E-002   1.2157510414387400E-003  -3.6141151283483525E-002
   15.760000000000000       -3.9348569668811888E-002   3.4747296884294039E-003  -3.6235480115203743E-002
   15.780000000000001       -3.4472714273806167E-002   5.6138222609444554E-003  -2.9235866060160574E-002
   15.800000000000001       -3.6947118924320010E-002   7.6470166308153491E-003  -2.9687306875748352E-002
   15.820000000000000       -3.1919451810287984E-002   9.5589046092543067E-003  -2.2763719677756318E-002
   15.840000000000000       -3.4524197804076791E-002   1.1359635045685768E-002  -2.3577849659544889E-002
   15.860000000000001       -2.9359211381040501E-002   1.3038400095078940E-002  -1.6750615073876454E-002
   15.880000000000001       -3.2092610674536982E-002   1.4601442286844592E-002  -1.7930893966861990E-002
   15.900000000000000       -2.6805392730340341E-002   1.6042623772271634E-002  -1.1219473792616156E-002
   15.920000000000000       -2.9665064108105411E-002   1.7364220399310109E-002  -1.2767201242047945E-002
   15.940000000000000       -2.4271245853873011E-002   1.8564822572482719E-002  -6.1901347164167488E-003
   15.960000000000001       -2.7254086577013288E-002   1.9642686295929569E-002  -8.1044194484033386E-003
   15.980000000000000       -2.1769789324368460E-002   2.0601176873900975E-002  -1.6792718809434909E-003
   16.000000000000000       -2.4871950228486168E-002   2.1434484750429913E-002  -3.9570129041495887E-003
   16.020000000000000       -1.9313730923253846E-002   2.2150784991328609E-002   2.2996683324693129E-003
   16.039999999999999       -2.2530595210797116E-002   2.2740164440464110E-002  -3.3621160884543468E-004
   16.059999999999999       -1.6915391045498360E-002   2.3215630868795304E-002   5.7365104474718636E-003
   16.080000000000002       -2.0241556998894086E-002   2.3563137368997015E-002   2.7500198259762837E-003
   16.100000000000001       -1.4586629322814860E-002   2.3800535349403830E-002   8.6243735224844145E-003
   16.120000000000001       -1.8015897144814400E-002   2.3909622084429042E-002   5.2969936435596169E-003
   16.140000000000001       -1.2338774885861244E-002   2.3913091487591902E-002   1.0959675210491970E-002
   16.160000000000000       -1.5864137852222310E-002   2.3788571208660032E-002   7.3032909221633999E-003
   16.180000000000000       -1.0182560659226132E-002   2.3563584456005888E-002   1.2742116413385325E-002
   16.199999999999999       -1.3796200746308563E-002   2.3211583867381116E-002   8.7707342978393943E-003
   16.219999999999999       -8.1280620539735376E-003   2.2764896682226792E-002   1.3974646807193495E-002
   16.240000000000002       -1.1821350180167505E-002   2.2192803697774214E-002   9.7043417695541877E-003
   16.260000000000002       -6.1846403915603370E-003   2.1532398929234114E-002   1.4663411623875969E-002
   16.280000000000001       -9.9481413868209839E-003   2.0748803185074674E-002   1.0112262034380882E-002
   16.300000000000001       -4.3608913602355597E-003   1.9883828107303287E-002   1.4817680181541861E-002
   16.320000000000000       -8.1843737525068103E-003   1.8898455150697834E-002   1.0005691904950835E-002
   16.340000000000000       -2.6645987708021146E-003   1.7839152673636022E-002   1.4449756757446952E-002
   16.359999999999999       -6.5370494519126666E-003   1.6662792280485193E-002   9.3987764617847851E-003
   16.379999999999999       -1.1026938430940302E-003   1.5420426539050276E-002   1.3574874496297719E-002
   16.399999999999999       -5.0123376499463567E-003   1.4064855641739793E-002   8.3084926889359766E-003
   16.420000000000002        3.1877978207106870E-004   1.2651632458198357E-002   1.2211073139722854E-002
   16.440000000000001       -3.6155444376240265E-003   1.1129533191803122E-002   6.7545174320541067E-003
   16.460000000000001        1.5946951481270837E-003   9.5585159307480481E-003   1.0379061450734367E-002
   16.480000000000000       -2.3510886319684922E-003   7.8833893287107645E-003   4.7590806030150508E-003
   16.500000000000000        2.7208650858579664E-003   6.1684106855189429E-003   8.1020652891223791E-003
   16.520000000000000       -1.2224835316821505E-003   4.3544865757233339E-003   2.3468046341909030E-003
   16.539999999999999        3.6940592333957432E-003   2.5100568574989396E-003   5.4056623695544603E-003
   16.559999999999999       -2.3232468203234253E-004   5.7220052608938899E-004  -4.5546874215258331E-004
   16.580000000000002        4.5120149306231141E-003  -1.3865870011774296E-003   2.3176048032949974E-003
   16.600000000000001        6.1771633589630256E-004  -3.4329707978917141E-003  -3.6188632483365379E-003
   16.620000000000001        5.1734419838227619E-003  -5.4905369109529770E-003  -1.1323694134413973E-003
   16.640000000000001        1.3268921144311801E-003  -7.6296019966688583E-003  -7.1126631503569300E-003
   16.660000000000000        5.6780213343858152E-003  -9.7699802726609261E-003  -4.9127347467421050E-003
   16.680000000000000        1.8953736873621473E-003  -1.1985538567499562E-002  -1.0904517431560339E-002
   16.699999999999999        6.0263977027646210E-003  -1.4192475300555179E-002  -8.9903850429690294E-003
   16.719999999999999        2.3242389539012949E-003  -1.6468097205417018E-002  -1.4960651757892811E-002
   16.740000000000002        6.2201663154058204E-003  -1.8725151884433130E-002  -1.3330847713271084E-002
   16.760000000000002        2.6154553914283321E-003  -2.1044266935997830E-002  -1.9246086906675956E-002
   16.780000000000001        6.2618538579117932E-003  -2.3334912688445588E-002  -1.7898503849170636E-002
   16.800000000000001        2.7718572245120092E-003  -2.5680909891988006E-002  -2.3724862303919157E-002
   16.820000000000000        6.1548938319440647E-003  -2.7988633304771936E-002  -2.2656812910578795E-002
   16.840000000000000        2.7971172509356828E-003  -3.0344960559837878E-002  -2.8360263296431432E-002
   16.859999999999999        5.9035965262037382E-003  -3.2653360297697422E-002  -2.7568540612627063E-002
   16.879999999999999        2.6957135571246855E-003  -3.5003622342858157E-002  -3.3115050774478870E-002
   16.899999999999999        5.5131138430142956E-003  -3.7296505997552389E-002  -3.2595988630919941E-002
   16.920000000000002        2.4728913852938546E-003  -3.9624560314870785E-002  -3.7951691758452102E-002
   16.940000000000001        4.9893992514171460E-003  -4.1886038934313960E-002  -3.7701224746240013E-002
   16.960000000000001        2.1346204426381365E-003  -4.4176089071666688E-002  -4.2832589568905489E-002
   16.980000000000000        4.3391631651076247E-003  -4.6390668837150643E-002  -4.2846312059253981E-002
   17.000000000000000        1.6875479688227405E-003  -4.8627354627051096E-002  -4.7720312213309489E-002
   17.020000000000000        3.5698240688419734E-003  -5.0780025168577388E-002  -4.7993535923287783E-002
   17.039999999999999        1.1389479017523746E-003  -5.2948509345475292E-002  -5.2577817644777730E-002
   17.059999999999999        2.6894557399988871E-003  -5.5024828209862368E-002  -5.3105627268573000E-002
   17.080000000000002        4.9666650298523288E-004  -5.7110878953903557E-002  -5.7368674577695185E-002
   17.100000000000001        1.7067309326652667E-003  -5.9097051767580629E-002  -5.8145981024323778E-002
   17.120000000000001       -2.3093517690220123E-004  -6.1087120731322539E-002  -6.2057277582368273E-002
   17.140000000000001        6.3086190983039931E-004  -6.2970076629376287E-002  -6.3078868385317996E-002
   17.160000000000000       -1.0350415962946664E-003  -6.4851372034778837E-002  -6.6609055225245628E-002
   17.180000000000000       -5.2846177507084782E-004  -6.6618833959709467E-002  -6.7869641717048443E-002
   17.199999999999999       -1.9064453733770056E-003  -6.8379388385668594E-002  -7.0990670072634834E-002
   17.219999999999999       -1.7611378329994796E-003  -7.0019937893217962E-002  -7.2484930947641163E-002
   17.240000000000002       -2.8356118682486406E-003  -7.1648670408766005E-002  -7.5170209433792087E-002
   17.260000000000002       -3.0567177059305744E-003  -7.3151806653908372E-002  -7.6892830355251934E-002
   17.280000000000001       -3.8127452663572758E-003  -7.4638578988755089E-002  -7.9117365783420338E-002
   17.300000000000001       -4.4044745130232751E-003  -7.5994771602252958E-002  -8.1063074726133888E-002
   17.320000000000000       -4.8278557276776705E-003  -7.7330438084368430E-002  -8.2803605873552816E-002
   17.340000000000000       -5.7934720392451081E-003  -7.8531173688980549E-002  -8.4967203930609983E-002
   17.359999999999999       -5.8708271632101228E-003  -7.9707624718175066E-002  -8.6202327620069477E-002
   17.379999999999999       -7.2126343272320842E-003  -8.0745446873411050E-002  -8.8578715041290793E-002
   17.400000000000002       -6.9314852002832217E-003  -8.1755645740135760E-002  -8.9289003929227465E-002
   17.420000000000002       -8.6508154337827780E-003  -8.2624188145156666E-002  -9.1873201199595633E-002
   17.440000000000001       -7.9996649007953967E-003  -8.3462201044766787E-002  -9.2041312714068554E-002
   17.460000000000001       -1.0096868915714341E-002  -8.4156213870377777E-002  -9.4828476522422045E-002
   17.480000000000000       -9.0652778018804354E-003  -8.4817233004643292E-002  -9.4439252438879351E-002
   17.500000000000000       -1.1539716615803093E-002  -8.5332602267076577E-002  -9.7424686430149593E-002
   17.520000000000000       -1.0118377856480265E-002  -8.5812961966530529E-002  -9.6465242621468536E-002
   17.539999999999999       -1.2968416328135736E-002  -8.6146721897624304E-002  -9.9644402869496107E-002
   17.559999999999999       -1.1149225861882042E-002  -8.6443907740175560E-002  -9.8104208817338875E-002
   17.580000000000002       -1.4372227933330237E-002  -8.6594246150368315E-002 -0.10147270399950301     
   17.600000000000001       -1.2148351977341928E-002  -8.6706897093218521E-002  -9.9343651706281025E-002
   17.620000000000001       -1.5740677607659896E-002  -8.6673153765257444E-002 -0.10289723800553259     
   17.640000000000001       -1.3106615947372181E-002  -8.6601057348310570E-002 -0.10017369999991781     
   17.660000000000000       -1.7063619726023379E-002  -8.6383715540476427E-002 -0.10390827080402260     
   17.680000000000000       -1.4015264664998946E-002  -8.6127796259879194E-002 -0.10058714698769565     
   17.699999999999999       -1.8331296096828095E-002  -8.5728467437616404E-002 -0.10449871749926960     
   17.719999999999999       -1.4865986729174933E-002  -8.5290768427585470E-002 -0.10057947063814676     
   17.740000000000002       -1.9534392187064736E-002  -8.4712170381467167E-002 -0.10466415755211106     
   17.760000000000002       -1.5650963672414593E-002  -8.4095828580910678E-002 -0.10014883727133503     
   17.780000000000001       -2.0664090017999022E-002  -8.3341757126647167E-002 -0.10440283371845072     
   17.800000000000001       -1.6362917558456997E-002  -8.2550972144067022E-002  -9.9296088916671854E-002
   17.820000000000000       -2.1712117435840960E-002  -8.1626266636553230E-002 -0.10371563491253465     
   17.840000000000000       -1.6995154675189559E-002  -8.0666263562108056E-002  -9.8024714567145080E-002
   17.859999999999999       -2.2670793487304778E-002  -7.9576766490110404E-002 -0.10260606324516901     
   17.879999999999999       -1.7541605075011901E-002  -7.8453752937324012E-002  -9.6340805635875909E-002
   17.900000000000002       -2.3533069656970391E-002  -7.7206263898134314E-002 -0.10108018558010338     
   17.920000000000002       -1.7996857743103327E-002  -7.5927381589375911E-002  -9.4252996013261897E-002
   17.940000000000001       -2.4292566751617301E-002  -7.4529605973421079E-002  -9.9146570042042012E-002
   17.960000000000001       -1.8356191203490149E-002  -7.3102877212782788E-002  -9.1772387212220127E-002
   17.980000000000000       -2.4943607246035539E-002  -7.1563369956619258E-002  -9.6816207996670262E-002
   18.000000000000000       -1.8615599403198138E-002  -6.9997639361014066E-002  -8.8912459174711175E-002
   18.020000000000000       -2.5481242935033257E-002  -6.8325744153195769E-002  -9.4102422106184691E-002
   18.039999999999999       -1.8771812745921625E-002  -6.6630616037261906E-002  -8.5688967394312296E-002
   18.059999999999999       -2.5901277767255388E-002  -6.4836400385116677E-002  -9.1020761142628095E-002
   18.080000000000002       -1.8822314178343066E-002  -6.3022172217701108E-002  -8.2119827086643102E-002
   18.100000000000001       -2.6200285767806978E-002  -6.1116358803966826E-002  -8.7588882315405153E-002
   18.120000000000001       -1.8765350264292185E-002  -5.9193951173476665E-002  -7.8224985211519063E-002
   18.140000000000001       -2.6375623988332843E-002  -5.7187845949922135E-002  -8.3826421938278814E-002
   18.160000000000000       -1.8599937214138752E-002  -5.5168729492571185E-002  -7.4026281217395934E-002
   18.180000000000000       -2.6425440454942599E-002  -5.3074146973089265E-002  -7.9754855324552398E-002
   18.199999999999999       -1.8325861868963799E-002  -5.0970266731963976E-002  -6.9547297439639361E-002
   18.219999999999999       -2.6348677115988321E-002  -4.8799452960089439E-002  -7.5397346856677844E-002
   18.240000000000002       -1.7943677670952691E-002  -4.6623150653946455E-002  -6.4813200139057725E-002
   18.260000000000002       -2.6145067823000172E-002  -4.4388704329288785E-002  -7.0778591227905807E-002
   18.280000000000001       -1.7454695682899504E-002  -4.2152639018043246E-002  -5.9850572215716324E-002
   18.300000000000001       -2.5815131408876028E-002  -3.9867431272684870E-002  -6.5924646898537692E-002
   18.320000000000000       -1.6860970750517037E-002  -3.7584498911628683E-002  -5.4687238675041994E-002
   18.340000000000000       -2.5360159957510734E-002  -3.5261592231127147E-002  -6.0862762847644906E-002
   18.359999999999999       -1.6165282931220663E-002  -3.2944844608024812E-002  -4.9352085958445785E-002
   18.379999999999999       -2.4782202388263064E-002  -3.0597411392263098E-002  -5.5621199732596230E-002
   18.400000000000002       -1.5371114342020003E-002  -2.8259974940627895E-002  -4.3874876278969806E-002
   18.420000000000002       -2.4084043506815440E-002  -2.5901216197414281E-002  -5.0229046593259045E-002
   18.440000000000001       -1.4482621606937423E-002  -2.3556211175493440E-002  -3.8286058123690701E-002
   18.460000000000001       -2.3269178700920597E-002  -2.1199275834551258E-002  -4.4716034255206899E-002
   18.480000000000000       -1.3504604110813586E-002  -1.8859736352901391E-002  -3.2616574098713727E-002
   18.500000000000000       -2.2341784485092189E-002  -1.6517641679774969E-002  -3.9112346596641437E-002
   18.520000000000000       -1.2442468291305280E-002  -1.4196437050843183E-002  -2.6897667299536739E-002
   18.539999999999999       -2.1306685122337639E-002  -1.1881990629345312E-002  -3.3448430846999361E-002
   18.559999999999999       -1.1302188224187035E-002  -9.5917485002762117E-003  -2.1160687389368663E-002
   18.580000000000002       -2.0169315573415419E-002  -7.3174722385062887E-003  -2.7754808081410651E-002
   18.600000000000001       -1.0090262778603807E-002  -5.0705039535572658E-003  -1.5436897560701936E-002
   18.620000000000001       -1.8935681044701551E-002  -2.8485605523300523E-003  -2.2061885064372833E-002
   18.640000000000001       -8.8136696385682466E-003  -6.5678917391401195E-004  -9.7572835411639299E-003
   18.660000000000000       -1.7612313424459573E-002   1.5010885222265188E-003  -1.6399768578329258E-002
   18.680000000000000       -7.4798165046461194E-003   3.6261971246249187E-003  -4.1523657835383834E-003
   18.699999999999999       -1.6206224914025319E-002   5.7087734946417359E-003  -1.0798083348440237E-002
   18.719999999999999       -6.0964898053326748E-003   7.7562761004717571E-003   1.3479840479660552E-003
   18.740000000000002       -1.4724859175055980E-002   9.7528764563685807E-003  -5.2857946439104336E-003
   18.760000000000002       -4.6718012610112575E-003   1.1712414131899881E-002   6.7147212174066134E-003
   18.780000000000001       -1.3176040326479777E-002   1.3612984419859246E-002   1.0896340098179259E-004
   18.800000000000001       -3.2141326545360722E-003   1.5474840001036808E-002   1.1919799645468653E-002
   18.820000000000000       -1.1567920135058387E-002   1.7270002170610338E-002   5.3590527462560808E-003
   18.840000000000000       -1.7320791713407481E-003   1.9025153281885882E-002   1.6936336235652907E-002
   18.859999999999999       -9.9089237514948039E-003   2.0706256028532505E-002   1.0438488735077465E-002
   18.879999999999999       -2.3439167850524187E-004   2.2346423358218393E-002   2.1738766859505040E-002
   18.900000000000002       -8.2076943497519615E-003   2.3905587974856618E-002   1.5322588815523187E-002
   18.920000000000002        1.2700816836089298E-003   2.5423278558513670E-002   2.6302993119440510E-002
   18.940000000000001       -6.4730370306775344E-003   2.6853439663456612E-002   1.9988111858111536E-002
   18.960000000000001        2.7724542217308109E-003   2.8241984959027740E-002   3.0606519069951134E-002
   18.980000000000000       -4.7138623521530507E-003   2.9536925900503774E-002   2.4413387295975357E-002
   19.000000000000000        4.2638593471786279E-003   3.0790514472142833E-002   3.4628577144706192E-002
   19.020000000000000       -2.9391298468143955E-003   3.1944897243370754E-002   2.8578433382831791E-002
   19.039999999999999        5.7355087984864422E-003   3.3058601904978835E-002   3.8350242607849569E-002
   19.059999999999999       -1.1577918849498910E-003   3.4067991438252301E-002   3.2465063935949730E-002
   19.080000000000002        7.1787500623478355E-003   3.5037790742423428E-002   4.1754535922200547E-002
   19.100000000000001        6.2126176548693796E-004   3.5898673485656729E-002   3.6056983006698427E-002
   19.120000000000001        8.5851226335110636E-003   3.6721467478831302E-002   4.4826512504613981E-002
   19.140000000000001        2.3892583376590041E-003   3.7431264193315258E-002   3.9339866999491914E-002
   19.160000000000000        9.9464127639010379E-003   3.8104884393232535E-002   4.7553339418960304E-002
   19.180000000000000        4.1375950892854072E-003   3.8661957146727620E-002   4.2301433840526870E-002
   19.199999999999999        1.1254706363006399E-002   3.9185170733549025E-002   4.9924358639548742E-002
   19.219999999999999        5.8578906285884046E-003   3.9588824098096040E-002   4.4931498880155026E-002
   19.240000000000002        1.2502439725367314E-002   3.9961332345621929E-002   5.1931136601825037E-002
   19.260000000000002        7.5420342345201372E-003   4.0211808844362235E-002   4.7222017296507622E-002
   19.280000000000001        1.3682447776729705E-002   4.0434239852380920E-002   5.3567499842308054E-002
   19.300000000000001        9.1822328787998474E-003   4.0532709734043361E-002   4.9167112852587742E-002
   19.320000000000000        1.4788009547986350E-002   4.0606605556823709E-002   5.4829556615464597E-002
   19.340000000000000        1.0771055674771554E-002   4.0555151010154028E-002   5.0763092943944259E-002
   19.359999999999999        1.5812890605279486E-002   4.0482949309225441E-002   5.5715704461039475E-002
   19.379999999999999        1.2301475497166692E-002   4.0284543262297363E-002   5.2008449958709194E-002
   19.400000000000002        1.6751382185462748E-002   4.0069553643756854E-002   5.6226623780723732E-002
   19.420000000000002        1.3766907537393293E-002   3.9728033324640359E-002   5.2903849055718932E-002
   19.440000000000001        1.7598336808370127E-002   3.9374408552097430E-002   5.6365257567456500E-002
   19.460000000000001        1.5161244580828912E-002   3.8894444017565054E-002   5.3452102549114221E-002
   19.480000000000000        1.8349200160868766E-002   3.8407146321309343E-002   5.6136777513594263E-002
   19.500000000000000        1.6478888815620582E-002   3.7794204188983750E-002   5.3658131168753717E-002
   19.520000000000000        1.9000039072320771E-002   3.7178966919859960E-002   5.5548536805157450E-002
   19.539999999999999        1.7714780006533159E-002   3.6439269566265330E-002   5.3528912544467823E-002
   19.559999999999999        1.9547565426688597E-002   3.5702554468917999E-002   5.4610009987894163E-002
   19.580000000000002        1.8864419892277721E-002   3.4843034981156332E-002   5.3073417338179239E-002
   19.600000000000001        1.9989155882918372E-002   3.3991985385611163E-002   5.3332720366527239E-002
   19.620000000000001        1.9923892690326583E-002   3.3020238577693671E-002   5.2302533520759878E-002
   19.640000000000001        2.0322867302256423E-002   3.2062628830538328E-002   5.1730155470822881E-002
   19.660000000000000        2.0889881619312663E-002   3.0986858656643468E-002   5.1228979359760417E-002
   19.680000000000000        2.0547447808621683E-002   2.9931040133246333E-002   4.9817671190634079E-002
   19.699999999999999        2.1759681375548571E-002   2.8760003849230886E-002   4.9867205749441146E-002
   19.719999999999999        2.0662343435897026E-002   2.7614847906376975E-002   4.7612385246425963E-002
   19.740000000000002        2.2531206526808980E-002   2.6357797347643729E-002   4.8233288575471253E-002
   19.760000000000002        2.0667700343838340E-002   2.5132635591587106E-002   4.5133060721630563E-002
   19.780000000000001        2.3202995813133925E-002   2.3799255949823631E-002   4.6344811862912214E-002
   19.800000000000001        2.0564362612059319E-002   2.2503818207978178E-002   4.2399980438171128E-002
   19.820000000000000        2.3774212370853053E-002   2.1104164701259968E-002   4.4220742507341884E-002
   19.840000000000000        2.0353865649058705E-002   1.9748515096511179E-002   3.9434813006338706E-002
   19.859999999999999        2.4244639922140467E-002   1.8292947936759521E-002   4.1881297434936376E-002
   19.879999999999999        2.0038425280346172E-002   1.6887419471637730E-002   3.6260471424640367E-002
   19.900000000000002        2.4614674998019496E-002   1.5386537540395285E-002   3.9347804077758737E-002
   19.920000000000002        1.9620922606228507E-002   1.3941665604073259E-002   3.2900965144030757E-002
   19.940000000000001        2.4885315287687799E-002   1.2406239251992229E-002   3.6642555085202380E-002
   19.960000000000001        1.9104884745577668E-002   1.0932694466241519E-002   2.9381246543897035E-002
   19.980000000000000        2.5058144231174403E-002   9.3735978535621003E-003   3.3788658221329572E-002
   20.000000000000000        1.8494461606765111E-002   7.8821186744289194E-003   2.5727052794138703E-002
