   7.5000000000000000       0.66092209151780301       0.66092209151780301        1.3513104737997745     
   7.5200000000000005       0.65275246378551954       0.66900123960331570        1.3510414735191776     
   7.5400000000000000       0.64468082683788797       0.67712824799593008        1.3509777206822362     
   7.5600000000000005       0.63655230185726230       0.68527537684353035        1.3507790290690094     
   7.5800000000000001       0.62853699050748346       0.69345831585404138        1.3507825723220130     
   7.6000000000000005       0.62047219402263298       0.70164852452333626        1.3506537127532718     
   7.6200000000000001       0.61253542793614613       0.70986200956259793        1.3507232026154878     
   7.6400000000000006       0.60455639420926632       0.71806961720493634        1.3506625458842438     
   7.6600000000000001       0.59671973622461993       0.72628763756749926        1.3507955727874059     
   7.6799999999999997       0.58884783034585719       0.73448639057654774        1.3508004512493772     
   7.7000000000000002       0.58113211072722115       0.74268241468441742        1.3509935592649511     
   7.7199999999999998       0.57338795452508029       0.75084559372979143        1.3510602834328198     
   7.7400000000000002       0.56581319909045635       0.75899267788609925        1.3513089903844930     
   7.7599999999999998       0.55821660093541714       0.76709320820200333        1.3514328717451232     
   7.7800000000000002       0.55080196334431231       0.77516410835015603        1.3517316955989362     
   7.7999999999999998       0.54337185211833028       0.78317467276456898        1.3519070755267208     
   7.8200000000000003       0.53613555058156392       0.79114195873074822        1.3522495669161965     
   7.8399999999999999       0.52888991406499752       0.79903511290424323        1.3524698515214961     
   7.8600000000000003       0.52184917271712050       0.80687128458597890        1.3528486322308158     
   7.8799999999999999       0.51480500062248025       0.81461957391549344        1.3531063329491544     
   7.9000000000000004       0.50797599577412800       0.82229717886660569        1.3535131401441283     
   7.9199999999999999       0.50114922763296132       0.82987325649841270        1.3537999198395725     
   7.9400000000000004       0.49454703909642955       0.83736500835086691        1.3542256558039203     
   7.9600000000000000       0.48795251718176647       0.84474175373874982        1.3545323801290969     
   7.9800000000000004       0.48159108483834739       0.85202065089511891        1.3549671672327710     
   8.0000000000000000       0.47524251228055620       0.85917128833436496        1.3552839609584437     
   8.0199999999999996       0.46913459803275231       0.86621073236052870        1.3557172015553240     
   8.0400000000000009       0.46304450226149463       0.87310894892587809        1.3560335095544978     
   8.0600000000000005       0.45720165748733743       0.87988286207247701        1.3564539504791437     
   8.0800000000000001       0.45138135910670457       0.88650292438861800        1.3567586030244971     
   8.0999999999999996       0.44581389770709984       0.89298586567155791        1.3571544043317512     
   8.1200000000000010       0.44027348488506368       0.89930273494813617        1.3574356863408807     
   8.1400000000000006       0.43499046198853331       0.90547001422316065        1.3577944939082298     
   8.1600000000000001       0.42973877041570846       0.91145945899262415        1.3580402177489748     
   8.1799999999999997       0.42474796677820942       0.91728724846659448        1.3583492393397651     
   8.1999999999999993       0.41979256522468122       0.92292595447241454        1.3585468207877578     
   8.2200000000000006       0.41510047733548566       0.92839139710443719        1.3587929051537577     
   8.2400000000000002       0.41044765880829098       0.93365707379936624        1.3589294420765468     
   8.2599999999999998       0.40605949468632530       0.93873838805824039        1.3590991606610643     
   8.2799999999999994       0.40171427316416219       0.94360987118719031        1.3591615139876896     
   8.3000000000000007       0.39763395380288380       0.94828645164778080        1.3592412447756288     
   8.3200000000000003       0.39360006649892643       0.95274380140756010        1.3592161212975296     
   8.3399999999999999       0.38983023289185098       0.95699631468746815        1.3591921343463531     
   8.3599999999999994       0.38611014797027648       0.96102090897592618        1.3590661708850156     
   8.3800000000000008       0.38265217362381410       0.96483138453525008        1.3589247150608095     
   8.4000000000000004       0.37924710327092398       0.96840600682521971        1.3586845635296445     
   8.4199999999999999       0.37610111208635011       0.97175792217607038        1.3584119539652737     
   8.4399999999999995       0.37301103081312220       0.97486684357474562        1.3580443668479170     
   8.4600000000000009       0.37017592019541307       0.97774520347341565        1.3576270726357136     
   8.4800000000000004       0.36739958822506774       0.98037425855536253        1.3571189884003068     
   8.5000000000000000       0.36487305725309360       0.98276566777850505        1.3565437200298405     
   8.5199999999999996       0.36240804882490352       0.98490232381016007        1.3558823479988409     
   8.5400000000000009       0.36018663129520984       0.98679505314686522        1.3551361440511285     
   8.5600000000000005       0.35802936769443933       0.98842847235199049        1.3543090482487989     
   8.5800000000000001       0.35610846982965588       0.98981251747606713        1.3533793608617593     
   8.5999999999999996       0.35425425693329338       0.99093361202511321        1.3523745423668050     
   8.6200000000000010       0.35262819952618807       0.99180074494605708        1.3512493209928629     
   8.6400000000000006       0.35107126963511404       0.99240222438738823        1.3500552983314775     
   8.6600000000000001       0.34973333438057019       0.99274603721420729        1.3487230713169120     
   8.6799999999999997       0.34846689209107568       0.99282244810166365        1.3473289584419146     
   8.7000000000000011       0.34740937184087117       0.99263838889082046        1.3457789119688084     
   8.7200000000000006       0.34642564369210233       0.99218614639977387        1.3441744933833832     
   8.7400000000000002       0.34563989635141296       0.99147154689673134        1.3423965473287613     
   8.7599999999999998       0.34493018397041164       0.99048895825957861        1.3405723499286042     
   8.7799999999999994       0.34440668974049510       0.98924305338262519        1.3385572302114754     
   8.8000000000000007       0.34396142619312270       0.98773033301420710        1.3365045914366924     
   8.8200000000000003       0.34368984785175516       0.98595427196922369        1.3342438984422036     
   8.8399999999999999       0.34349865689595371       0.98391354819291799        1.3319550303501251     
   8.8599999999999994       0.34346790279590089       0.98161039714823273        1.3294413030406647     
   8.8800000000000008       0.34351966072354556       0.97904571047406030        1.3269093519326087     
   8.9000000000000004       0.34371795017973922       0.97622044676541997        1.3241361272785024     
   8.9199999999999999       0.34400084992475682       0.97313773971240070        1.3213552285374222     
   8.9399999999999995       0.34441578065291145       0.96979723758909586        1.3183170959246040     
   8.9600000000000009       0.34491739783644909       0.96620433608492029        1.3152824237462628     
   8.9800000000000004       0.34553601509966042       0.96235734404903217        1.3119750740449101     
   9.0000000000000000       0.34624337567787977       0.95826393048082315        1.3086828857726980     
   9.0199999999999996       0.34705224279325414       0.95392104031224900        1.3051031547791125     
   9.0400000000000009       0.34795189196982512       0.94933861834245270        1.3015508295816316     
   9.0600000000000005       0.34893716182447909       0.94451222594256268        1.2976967355755165     
   9.0800000000000001       0.35001523388802419       0.93945407724373586        1.2938828072365050     
   9.0999999999999996       0.35116272111277963       0.93415833547007010        1.2897535824270316     
   9.1200000000000010       0.35240500985940648       0.92863946857122659        1.2856777660488765     
   9.1400000000000006       0.35370026330926502       0.92289023227431910        1.2812738817154443     
   9.1600000000000001       0.35509229271187226       0.91692732374950325        1.2769370941703555     
   9.1799999999999997       0.35652066790478365       0.91074208726055605        1.2722602793374684     
   9.2000000000000011       0.35804776269400995       0.90435341552708692        1.2676646533340410     
   9.2200000000000006       0.35959449386358666       0.89775124288164254        1.2627179068542009     
   9.2400000000000002       0.36124184969009066       0.89095661491100386        1.2578667985215928     
   9.2599999999999998       0.36289212111370200       0.88395806312874414        1.2526543944752220     
   9.2799999999999994       0.36464487396782302       0.87677873440708898        1.2475523844021468     
   9.3000000000000007       0.36638389023888029       0.86940577018134113        1.2420798707592504     
   9.3200000000000003       0.36822718481163980       0.86186435828892771        1.2367327584603820     
   9.3399999999999999       0.37004023973382733       0.85414026847113700        1.2310069489846596     
   9.3599999999999994       0.37195929641259512       0.84626066068058181        1.2254217408026378     
   9.3800000000000008       0.37383184020424182       0.83820995697480327        1.2194507002148964     
   9.4000000000000004       0.37581202040716610       0.83001721229659742        1.2136355907016847     
   9.4199999999999999       0.37772972491582196       0.82166553060681102        1.2074286131555170     
   9.4399999999999995       0.37975659448124566       0.81318577673707593        1.2013929600122788     
   9.4600000000000009       0.38170541612176967       0.80455977163571879        1.1949605409708455     
   9.4800000000000004       0.38376480648223055       0.79582009728541236        1.1887148336605025     
   9.5000000000000000       0.38573104662622926       0.78694733209476386        1.1820686352986816     
   9.5199999999999996       0.38780911351123210       0.77797567520150157        1.1756244574797976     
   9.5400000000000009       0.38977947607140828       0.76888450820041898        1.1687772677707731     
   9.5600000000000005       0.39186275549882404       0.75970954054351791        1.1621472537350830     
   9.5800000000000001       0.39382440146867503       0.75042900783031430        1.1551129394144639     
   9.5999999999999996       0.39589986280132927       0.74108001658659628        1.1483107247431481     
   9.6200000000000010       0.39784046152849056       0.73163971214453394        1.1411041783766822     
   9.6400000000000006       0.39989555739013438       0.72214647893667061        1.1341443450621203     
   9.6600000000000001       0.40180333438050403       0.71257643246151448        1.1267814264749156     
   9.6799999999999997       0.40382604724379612       0.70296911046225652        1.1196794427850003     
   9.7000000000000011       0.40568982831319633       0.69329966352151784        1.1121769151406071     
   9.7200000000000006       0.40766871359153245       0.68360865318590569        1.1049490705315990     
   9.7400000000000002       0.40947796520204932       0.67387033428676235        1.0973245313782656     
   9.7599999999999998       0.41140219069685940       0.66412615829033939        1.0899878667893903     
   9.7799999999999994       0.41314705633597060       0.65434955743768597        1.0822596744180299     
   9.8000000000000007       0.41500643791143554       0.64458273540180888        1.0748319083065128     
   9.8200000000000003       0.41667777039353249       0.63479837872948552        1.0670191037903565     
   9.8399999999999999       0.41846280377140666       0.62503930231499272        1.0595185542891139     
   9.8599999999999994       0.42005219336318933       0.61527752737188357        1.0516407795984233     
   9.8800000000000008       0.42175408195144221       0.60555633631967376        1.0440862832001032     
   9.9000000000000004       0.42325388024481297       0.59584716858813769        1.0361636958066369     
   9.9199999999999999       0.42486455893501324       0.58619362827961374        1.0285745229969692     
   9.9399999999999995       0.42626789841340901       0.57656665949657959        1.0206277074019654     
   9.9600000000000009       0.42778005330307267       0.56701004059847271        1.0130234756823762     
   9.9800000000000004       0.42908086256952993       0.55749430943956635        1.0050733523185573     
   10.000000000000000       0.43048794658689704       0.54806327018638845       0.99747393707255516     
   10.020000000000000       0.43168096124440192       0.53868714586068056       0.98954166904492080     
   10.040000000000001       0.43297720567420100       0.52940961751406879       0.98196711271487147     
   10.060000000000000       0.43405797487098502       0.52020068680157172       0.97407401085686995     
   10.080000000000000       0.43523839680058951       0.51110376280908110       0.96654443090728692     
   10.100000000000000       0.43620328547478632       0.50208872105498370       0.95871185763812106     
   10.120000000000001       0.43726369120062969       0.49319855041164046       0.95124735378854286     
   10.140000000000001       0.43810987808009144       0.48440309697062733       0.94349662626396924     
   10.160000000000000       0.43904686253419395       0.47574478226479311       0.93611718747874906     
   10.180000000000000       0.43977233396808957       0.46719352086571064       0.92846948053162559     
   10.200000000000001       0.44058327624397559       0.45879102146670231       0.92119489225557560     
   10.220000000000001       0.44118681596300852       0.45050736594246921       0.91367114162366958     
   10.240000000000000       0.44186987103901482       0.44238340676102744       0.90652089375139933     
   10.260000000000000       0.44235104596058267       0.43438949256116560       0.89914170008853089     
   10.279999999999999       0.44290513273654591       0.42656547878543583       0.89213489615159092     
   10.300000000000001       0.44326427494980830       0.41888208065906812       0.88492043031408041     
   10.320000000000000       0.44368906073021641       0.41137801883838832       0.87807569836360200     
   10.340000000000000       0.44392724581379023       0.40402447504419881       0.87104560845727441     
   10.359999999999999       0.44422312738666009       0.39685890086084646       0.86438101411078649     
   10.380000000000001       0.44434214922840837       0.38985304422744660       0.85755433477445853     
   10.400000000000000       0.44451023070430956       0.38304295726276738       0.85108729688400853     
   10.420000000000000       0.44451257300835167       0.37640105338841368       0.84448236127353793     
   10.440000000000000       0.44455464059806477       0.36996185915460134       0.83822957065818016     
   10.460000000000001       0.44444344527867580       0.36369855199935958       0.83186392558085398     
   10.480000000000000       0.44436193920089700       0.35764401147178182       0.82584126725011764     
   10.500000000000000       0.44414097187628498       0.35177227655830939       0.81973159188248435     
   10.520000000000000       0.44393895559850743       0.34611446340585822       0.81395407115866569     
   10.540000000000001       0.44361256840951313       0.34064556880710889       0.80811609976196563     
   10.560000000000000       0.44329369543568420       0.33539483447980822       0.80259777268812471     
   10.580000000000000       0.44286678742520991       0.33033830973337713       0.79704622171436001     
   10.600000000000000       0.44243526585293863       0.32550325652760281       0.79180013011186601     
   10.620000000000001       0.44191324115131603       0.32086686957733657       0.78654863007041187     
   10.640000000000001       0.44137379622926076       0.31645433175966342       0.78158674158487129     
   10.660000000000000       0.44076252029878571       0.31224407398572879       0.77664777401445506     
   10.680000000000000       0.44012035522135451       0.30825910701688236       0.77198092746206559     
   10.700000000000001       0.43942610941984506       0.30447918637594601       0.76736576732611406     
   10.720000000000001       0.43868686460148176       0.30092506423674531       0.76300362362402285     
   10.740000000000000       0.43791629932990866       0.29757790649445109       0.75872228741892633     
   10.760000000000000       0.43708601040499662       0.29445612707621016       0.75467328635319575     
   10.779999999999999       0.43624609710800022       0.29154238507495533       0.75073448618910565     
   10.800000000000001       0.43533115190481531       0.28885268355776783       0.74700580924260773     
   10.820000000000000       0.43442913419527096       0.28637125442406014       0.74341691312518454     
   10.840000000000000       0.43343622893341749       0.28411162452790734       0.74001445255526144     
   10.859999999999999       0.43247957311310004       0.28205967468553217       0.73678145106440407     
   10.880000000000001       0.43141566807353371       0.28022639764142920       0.73370978538669862     
   10.900000000000000       0.43041201332144718       0.27859939545944773       0.73083726491499446     
   10.920000000000000       0.42928428823650833       0.27718707651105318       0.72809964091559465     
   10.940000000000000       0.42824139673453532       0.27597883237948662       0.72559076359512464     
   10.960000000000001       0.42705720614241899       0.27498044458994203       0.72318908495828693     
   10.980000000000000       0.42598291340468458       0.27418315818101163       0.72104557536972080     
   11.000000000000000       0.42474974220851447       0.27359009328541539       0.71898039797315372     
   11.020000000000000       0.42365190787626061       0.27319440772463621       0.71720253669597467     
   11.040000000000001       0.42237732734242805       0.27299653373565347       0.71547307059011900     
   11.060000000000000       0.42126378670029341       0.27299159637500148       0.71405969461746333     
   11.080000000000000       0.41995541112401613       0.27317732161784825       0.71266381266962697     
   11.100000000000000       0.41883392758648180       0.27355085107287386       0.71161232267586816     
   11.120000000000001       0.41749937184470493       0.27410719429641373       0.71054657582464387     
   11.140000000000001       0.41637759065311375       0.27484555338063554       0.70985295023860773     
   11.160000000000000       0.41502442885595486       0.27575821956376112       0.70911258926892140     
   11.180000000000000       0.41390983221703209       0.27684649372712961       0.70877140507074121     
   11.200000000000001       0.41254555765901207       0.27809995517407549       0.70835040878529676     
   11.220000000000001       0.41144542154524261       0.27952203602783465       0.70835486891052934     
   11.240000000000000       0.41007740814665988       0.28109961832273145       0.70824597853960669     
   11.260000000000000       0.40899876096729793       0.28283829181077785       0.70858794574057860     
   11.279999999999999       0.40763422638430535       0.28472226418069230       0.70878270539917920     
   11.300000000000001       0.40658380972326341       0.28675930293761542       0.70945274238073508     
   11.320000000000000       0.40522978029261475       0.28893097255464911       0.70994154535021647     
   11.340000000000000       0.40421401189607553       0.29124723197313207       0.71092896096530578     
   11.359999999999999       0.40287728956718355       0.29368704170995341       0.71170110154605415     
   11.380000000000001       0.40190222874960313       0.29626255922521860       0.71299400280609804     
   11.400000000000000       0.40058936014257540       0.29895018836473719       0.71403773345858568     
   11.420000000000000       0.39966067576482339       0.30176428545127215       0.71562308308441813     
   11.440000000000000       0.39837792347860174       0.30467875284011342       0.71692567654839223     
   11.460000000000001       0.39750086463649037       0.30771013920610102       0.71878935576001768     
   11.480000000000000       0.39625418091620790       0.31082990833313345       0.72033717181568468     
   11.500000000000000       0.39543355046157025       0.31405678779083518       0.72246404803315323     
   11.520000000000000       0.39422855331883627       0.31735987326627974       0.72424260454420553     
   11.540000000000001       0.39346868431883048       0.32076005075215092       0.72661660364785807     
   11.560000000000000       0.39231063618295131       0.32422412565977532       0.72861065150416227     
   11.580000000000000       0.39161537140638353       0.32777511487630223       0.73121483428033596     
   11.600000000000000       0.39050916036863104       0.33137761847087555       0.73340843583819826     
   11.620000000000001       0.38988183487097178       0.33505674962303977       0.73622507821641547     
   11.640000000000001       0.38883195856798103       0.33877499484758566       0.73860168881663146     
   11.660000000000000       0.38827538542944134       0.34255952195044465       0.74161236548637066     
   11.680000000000000       0.38728593759579233       0.34637080225285405       0.74415491761489283     
   11.700000000000001       0.38680239684944995       0.35023800949295303       0.74734058859436203     
   11.720000000000001       0.38587705655350690       0.35411970442915353       0.75003157823740474     
   11.740000000000000       0.38546828732310173       0.35804701107131848       0.75337267795340201     
   11.760000000000000       0.38461031088437592       0.36197669019240081       0.75619425268825979     
   11.779999999999999       0.38427750673413913       0.36594175353481190       0.75967078111523256     
   11.800000000000001       0.38348972230487882       0.36989727806820866       0.76260482947004282     
   11.820000000000000       0.38323352978669101       0.37387809396249067       0.76619644486795280     
   11.840000000000000       0.38251833456516110       0.37783771581240128       0.76922468647811715     
   11.859999999999999       0.38233885493155173       0.38181271628165186       0.77291079926264539     
   11.880000000000001       0.38169821495966350       0.38575517389132852       0.77601487534868996     
   11.900000000000000       0.38159500899476273       0.38970332139747654       0.77977474262377400     
   11.920000000000000       0.38103046147837727       0.39360793203560618       0.78293630631504363     
   11.940000000000000       0.38100255738295430       0.39750880996813259       0.78674912659666596     
   11.960000000000001       0.38051521545945016       0.40135555802325223       0.78994993262743129     
   11.980000000000000       0.38056111971076667       0.40518945700396375       0.79379494028902209     
   12.000000000000000       0.38015167957534773       0.40895907789452668       0.79701693359831527     
   12.020000000000000       0.38026939066771481       0.41270707751764640       0.80087349257200802     
   12.040000000000001       0.37993814095755141       0.41638113685083300       0.80409889534573864     
   12.060000000000000       0.38012516591535184       0.42002518250401644       0.80794659162007765     
   12.080000000000000       0.37987199923902332       0.42358615014354184       0.81115798832366071     
   12.100000000000000       0.38012537278055891       0.42710912458336181       0.81497672078706118     
   12.120000000000001       0.37994979926949224       0.43054044331522329       0.81815714074891510     
   12.140000000000001       0.38026610548742973       0.43392623270008018       0.82192720993923596     
   12.160000000000000       0.38016726823612590       0.43721238121521000       0.82506020705990690     
   12.180000000000000       0.38054266464859632       0.44044593532929832       0.82876240139378865     
   12.200000000000001       0.38051935690147082       0.44357248527332810       0.83183213057213778     
   12.220000000000001       0.38094960071706518       0.44663987170711161       0.83544780964323384     
   12.240000000000000       0.38100028465174485       0.44959353857969492       0.83843909952992912     
   12.260000000000000       0.38148076108180923       0.45248199066509187       0.84195027408270584     
   12.280000000000001       0.38160358803174055       0.45525067838434369       0.84484869579211863     
   12.300000000000001       0.38212934047453523       0.45794863671634228       0.84823810399740784     
   12.320000000000000       0.38232217242781391       0.46052147569770663       0.85103003543177036     
   12.340000000000000       0.38288793434129020       0.46301862310824610       0.85428121511162747     
   12.359999999999999       0.38314836654775514       0.46538600174138078       0.85695390057590237     
   12.380000000000001       0.38374859482097351       0.46767329162585108       0.86005125704842200     
   12.400000000000000       0.38407397933577925       0.46982688106767895       0.86259286186052553     
   12.420000000000000       0.38470288896333399       0.47189655899913246       0.86552173109995323     
   12.440000000000000       0.38509035895252458       0.47382933123592397       0.86792139092874532     
   12.460000000000001       0.38574195881180517       0.47567494983688441       0.87066809776238097     
   12.480000000000000       0.38618845344377362       0.47738118900289717       0.87291596245492820     
   12.500000000000000       0.38685658297144687       0.47899761607929869       0.87546787354575972     
   12.520000000000000       0.38735887271764213       0.48047292305393113       0.87755514523569422     
   12.540000000000001       0.38803723927944267       0.48185634303006764       0.87990071662832803     
   12.560000000000000       0.38859195144822622       0.48309763336953959       0.88181968194848215     
   12.580000000000000       0.38927416819493210       0.48424554209674031       0.88394850098552435     
   12.600000000000000       0.38987781252411990       0.48525103738977637       0.88569255724026408     
   12.620000000000001       0.39055743652651354       0.48616223043472928       0.88759537868676541     
   12.640000000000001       0.39120643066279348       0.48693144320445164       0.88915905387235505     
   12.660000000000000       0.39187700111941276       0.48760599775544228       0.89082783011702082     
   12.680000000000000       0.39256769581652579       0.48813971006153078       0.89220679671183667     
   12.700000000000001       0.39322277213009182       0.48857896062224759       0.89363470194530681     
   12.720000000000001       0.39395147600234581       0.48887919654818851       0.89482578442550453     
   12.740000000000000       0.39458467552389798       0.48908570461896089       0.89600723272792937     
   12.760000000000000       0.39534767919721553       0.48915569685877652       0.89700840879813315     
   12.780000000000001       0.39595271444112606       0.48913321483404804       0.89793906610032481     
   12.800000000000001       0.39674631395038368       0.48897736562110977       0.89874946166286018     
   12.820000000000000       0.39731702908858418       0.48873079515943985       0.89942625157735578     
   12.840000000000000       0.39813754837739984       0.48835463180668448       0.90004612949727303     
   12.859999999999999       0.39866795482721684       0.48788997695548597       0.90046723304745357     
   12.880000000000001       0.39951176721458354       0.48730010230144899       0.90089797580395947     
   12.900000000000000       0.39999607814158494       0.48662441768290055       0.90106282511086189     
   12.920000000000000       0.40085962662871555       0.48582845576132122       0.90130691145854036     
   12.940000000000000       0.40129229019378110       0.48494979014829043       0.90121617747587113     
   12.960000000000001       0.40217210649422153       0.48395632742054895       0.90127715327114366     
   12.980000000000000       0.40254783768270636       0.48288366305186914       0.90093272768925536     
   13.000000000000000       0.40344055986906879       0.48170218556103456       0.90081517106862152     
   13.020000000000000       0.40375437074926845       0.48044537356393352       0.90022014253749250     
   13.040000000000001       0.40465675942082202       0.47908620038670047       0.89992962366415097     
   13.060000000000000       0.40490398768900859       0.47765589269057257       0.89908824851372970     
   13.080000000000000       0.40581294057572659       0.47613010607870904       0.89863128413794557     
   13.100000000000000       0.40598927625567593       0.47453768421862413       0.89754895180133087     
   13.120000000000001       0.40690184118612333       0.47285705683472723       0.89693295490729841     
   13.140000000000001       0.40700335136224819       0.47111455805504110       0.89561614827799185     
   13.160000000000000       0.40791673753483304       0.46929147771829605       0.89484937311575430     
   13.180000000000000       0.40793988900972111       0.46741151879643095       0.89330562409456360     
   13.200000000000001       0.40885147651921955       0.46545891116268906       0.89239710691966956     
   13.220000000000001       0.40879315629845298       0.46345461038053187       0.89063494742955351     
   13.240000000000000       0.40970050388232687       0.46138585998731335       0.88959444329543658     
   13.260000000000000       0.40955803740187152       0.45927075768273090       0.88762335206361609     
   13.280000000000001       0.41045888838357580       0.45709962779370622       0.88646126803201664     
   13.300000000000001       0.41023005540771584       0.45488760592737892       0.88429161345789065     
   13.320000000000000       0.41112234182694535       0.45262815761248126       0.88301893861094694     
   13.340000000000000       0.41080538995757920       0.45033335878561725       0.88066191805563532     
   13.359999999999999       0.41168723489007775       0.44799986967221250       0.87929015070941396     
   13.380000000000001       0.41128089064119283       0.44563661602875604       0.87675772655809758     
   13.400000000000000       0.41215060872331355       0.44324349915623279       0.87529879909123409     
   13.420000000000000       0.41165408612744697       0.44082621159891167       0.87260363195267143     
   13.440000000000000       0.41251018231301656       0.43838793480373950       0.87106983367541913     
   13.460000000000001       0.41192318903951686       0.43593105294681267       0.86822521309418743     
   13.480000000000000       0.41276435562863412       0.43346205919754327       0.86662911159240186     
   13.500000000000000       0.41208709660640508       0.43097996247039311       0.86364888465834377     
   13.520000000000000       0.41291220859754868       0.42849459156235337       0.86200324605378809     
   13.540000000000001       0.41214538714768068       0.42600152186725626       0.85890174429993404     
   13.560000000000000       0.41295349597581416       0.42351393387483471       0.85721945287268375     
   13.580000000000000       0.41209831247198281       0.42102392018935603       0.85401141785745582     
   13.600000000000000       0.41288863820618021       0.41854802105994765       0.85230539547816431     
   13.620000000000001       0.41194678629287224       0.41607480635956307       0.84900590344999149     
   13.640000000000001       0.41271870837727553       0.41362417601744050       0.84728902926927008     
   13.660000000000000       0.41169236878771903       0.41118114687729473       0.84391341531186359     
   13.680000000000000       0.41244541541930901       0.40876897018808578       0.84219844615111250     
   13.700000000000001       0.41133724744638600       0.40636908940432231       0.83876222820554425     
   13.720000000000001       0.41207108369207307       0.40400809033145818       0.83706172008823743     
   13.740000000000000       0.41088421437642242       0.40166383288245888       0.83358052324371701     
   13.760000000000000       0.41159862914025191       0.39936621214606194       0.83190675449842622     
   13.780000000000001       0.41033664025018041       0.39708950479232019       0.82839623593729639     
   13.800000000000001       0.41103153220899602       0.39486688131863701       0.82676113229371906     
   13.820000000000000       0.40969844509665027       0.39266904611698189       0.82323690726774001     
   13.840000000000000       0.41037380772929183       0.39053240254278926       0.82165196935471130     
   13.859999999999999       0.40897406615677362       0.38842410452643378       0.81812953855926818     
   13.880000000000001       0.40962997199778067       0.38638373699797340       0.81660577219927100     
   13.900000000000000       0.40816842303547751       0.38437493624849667       0.81310045089977234     
   13.920000000000000       0.40880500728930641       0.38244040872859525       0.81164830057792559     
   13.940000000000000       0.40728688039659616       0.38054031703967395       0.80817514982847249     
   13.960000000000001       0.40790432405248600       0.37872042030990899       0.80680443569542482     
   13.980000000000000       0.40633520845816884       0.37693746261548233       0.80337819597389037     
   14.000000000000000       0.40693372104900699       0.37524017813273047       0.80209805472163209     
   14.020000000000000       0.40531954155527172       0.37358195884452722       0.79873308228774598     
   14.040000000000001       0.40589934370610087       0.37201442758313313       0.79755191221517918     
   14.060000000000000       0.40424633504552893       0.37048770195421332       0.79426211847912642     
   14.080000000000000       0.40480764095867211       0.36905619833649483       0.79318752904040668     
   14.100000000000000       0.40312232083869887       0.36766684893886775       0.78998632320899009     
   14.120000000000001       0.40366532086288998       0.36637675992789193       0.78902508931235693     
   14.140000000000001       0.40195446183629868       0.36512977830348070       0.78592532455804331     
   14.160000000000000       0.40247930526664805       0.36398558770316547       0.78508334585617934     
   14.180000000000000       0.40074990557001477       0.36288506121858632       0.78209726923149447     
   14.200000000000001       0.40125668382416557       0.36189033919735480       0.78137953461658849     
   14.220000000000001       0.39951593732873691       0.36093944310429776       0.77851874091247097     
   14.240000000000000       0.40000466764216092       0.36009684092989847       0.77792929840024061     
   14.260000000000000       0.39825993306341645       0.35929783560451556       0.77520468812228249     
   14.280000000000001       0.39873054284347553       0.35860908554937959       0.77474662027940577     
   14.300000000000001       0.39698931235661866       0.35796331885613236       0.77216836189052029     
   14.320000000000000       0.39744162433082186       0.35742923920489927       0.77184376692938139     
   14.340000000000000       0.39571149173965586       0.35693715390294922       0.76942126348150153     
   14.359999999999999       0.39614521002848258       0.35655765896673403       0.76923124211508176     
   14.380000000000001       0.39443383863458487       0.35621880505033693       0.76697310236618010     
   14.400000000000000       0.39484853587335267       0.35599292006603767       0.76691775048442590     
   14.420000000000000       0.39316362619118239       0.35580597190462471       0.76483176457058222     
   14.440000000000000       0.39355873181876577       0.35573185267226032       0.76491017176790665     
   14.460000000000001       0.39190798928034282       0.35569463079113095       0.76300329147351031     
   14.480000000000000       0.39228277910511877       0.35576958787793450       0.76321354542532593     
   14.500000000000000       0.39067388189521624       0.35587908519685557       0.76149186906793553     
   14.520000000000000       0.39102746904048319       0.35609961251379557       0.76183106572250681     
   14.540000000000001       0.38946803619993864       0.35635202483840689       0.76029982764255122     
   14.560000000000000       0.38979936352226724       0.35671383237306264       0.76076408716313471     
   14.580000000000000       0.38829692345303102       0.35710459291296998       0.75942765178267257     
   14.600000000000000       0.38860475751761092       0.35760264338235048       0.76001214014404572     
   14.620000000000001       0.38716671701858313       0.35812646105022644       0.75887400053336407     
   14.640000000000001       0.38744964370569823       0.35875501021831158       0.75957295664661917     
   14.660000000000000       0.38608325766328910       0.35940591144632278       0.75863573751269386     
   14.680000000000000       0.38633967946962017       0.36015855183389095       0.75944250572271488     
   14.700000000000001       0.38505202132132460       0.36092992562741494       0.75870797070958118     
   14.720000000000001       0.38528015640892010       0.36179963332620341       0.75961503848111955     
   14.740000000000000       0.38407808949210565       0.36268427926016633       0.75908410164920304     
   14.760000000000000       0.38427597252664802       0.36366346354963397       0.76008314223004436     
   14.780000000000001       0.38316612241822129       0.36465364239995418       0.75975588355954793     
   14.800000000000001       0.38333160722668708       0.36573419785297295       0.76083780338307694     
   14.820000000000000       0.38232033517240710       0.36682168454458897       0.76071348812576622     
   14.840000000000000       0.38245109923847670       0.36799504529829180       0.76186847869041463     
   14.859999999999999       0.38154447676345565       0.36917118384213932       0.76194558037470239     
   14.880000000000001       0.38163802756709814       0.37042837970197201       0.76316317431442393     
   14.900000000000000       0.38084181235152853       0.37168413978607190       0.76343940119060205     
   14.920000000000000       0.38089549554719226       0.37301585382483560       0.76470853222881718     
   14.940000000000000       0.38021510864360153       0.37434188871939766       0.76518085692474602     
   14.960000000000001       0.38022611805939077       0.37573851602876124       0.76648992338418365     
   14.980000000000000       0.37966662251982292       0.37712522146190880       0.76715461552679831     
   15.000000000000000       0.37963201194805146       0.37857692871149812       0.76849154704947464     
   15.020000000000000       0.37919809292154810       0.38001450237085693       0.76934420859417674     
   15.040000000000001       0.37911478965918427       0.38151128782961674       0.77069653570948238     
   15.060000000000000       0.37881073601181664       0.38298978914560872       0.77173213870791557     
   15.080000000000000       0.37867555609762571       0.38452154282163620       0.77308706487246748     
   15.100000000000000       0.37850524359922211       0.38603095269081139       0.77429999139940398     
   15.120000000000001       0.37831490868296641       0.38758751624926718       0.77564446712007529     
   15.140000000000001       0.37828178479655111       0.38911779636040805       0.77702855107216962     
   15.160000000000000       0.37803294056446979       0.39068902248437104       0.77834934971355307     
   15.180000000000000       0.37814001086641585       0.39223017391632381       0.77989792018662230     
   15.200000000000001       0.37782924693643921       0.39380598478253992       0.78118171505617096     
   15.220000000000001       0.37807906318741202       0.39534810555075178       0.78288764100342956     
   15.240000000000000       0.37770293437725339       0.39691855010105509       0.78412108330169428     
   15.260000000000000       0.37809758425628093       0.39845189133953396       0.78597681917302675     
   15.280000000000001       0.37765263311771691       0.40000720103923854       0.78714661639275674     
   15.300000000000001       0.37819373162416831       0.40152222151604766       0.78914424845463971     
   15.320000000000000       0.37767651212755432       0.40305286430273540       0.79023724281108154     
   15.340000000000000       0.37836519464851737       0.40454028298010641       0.79236853584818168     
   15.359999999999999       0.37777229689292269       0.40603701511990264       0.79337178232366590     
   15.380000000000001       0.37860921392645319       0.40748786148449123       0.79562822642637587     
   15.400000000000000       0.37793728974279589       0.40894177706800594       0.79652907001521855     
   15.420000000000000       0.37892260326080601       0.41034743897265757       0.79890192716243724     
   15.440000000000000       0.37816839256806623       0.41175001679920953       0.79968807890727800     
   15.460000000000001       0.37930177399627923       0.41310228557472550       0.80216842906056995     
   15.480000000000000       0.37846213176432053       0.41444543319113375       0.80282804047847967     
   15.500000000000000       0.37974276155074060       0.41573654580481822       0.80540682691224186     
   15.520000000000000       0.37881468521749012       0.41701264048382636       0.80592856241819621     
   15.540000000000001       0.38024125395526548       0.41823531854096430       0.80859663602062481     
   15.560000000000000       0.37922191114106157       0.41943724500417651       0.80896974296724311     
   15.580000000000000       0.38079262220647891       0.42058473040888344       0.81171790525859833     
   15.600000000000000       0.37967937856427758       0.42170591511976241       0.81193228122424310     
   15.620000000000001       0.38139195222592642       0.42277200223278116       0.81475132585211163     
   15.640000000000001       0.38018239926283903       0.42380644410670970       0.81479758282454151     
   15.660000000000000       0.38203407821372620       0.42478550825953404       0.81767833531034873     
   15.680000000000000       0.38072606091701211       0.42572780566003843       0.81754786042996030     
   15.700000000000001       0.38271361717765656       0.42661482790713001       0.82048121595687040     
   15.720000000000001       0.38130526127686082       0.42746020181994321       0.82016622850207388     
   15.740000000000000       0.38342500441408628       0.42825078983362114       0.82314318755143723     
   15.760000000000000       0.38191474311050755       0.42899510313324507       0.82263679186881378     
   15.780000000000001       0.38416252971384074       0.42968550816893991       0.82564849353041958     
   15.800000000000001       0.38254912970891369       0.43032528091557654       0.82494472763382976     
   15.820000000000000       0.38492037406417262       0.43091241079842962       0.82798248043427702     
   15.840000000000000       0.38320296071969162       0.43144483152647750       0.82707636001996820     
   15.860000000000001       0.38569264661748920       0.43192625963357850       0.83013167013331168     
   15.880000000000001       0.38387072808284772       0.43234919261621274       0.82901922778215442     
   15.900000000000000       0.38647342169836707       0.43272316285199774       0.83208382450754248     
   15.920000000000000       0.38454691184315548       0.43303515134948223       0.83076214387064429     
   15.940000000000000       0.38725677562263860       0.43330057913481690       0.83382800228276843     
   15.960000000000001       0.38522601561699882       0.43350084465710553       0.83229524707282510     
   15.980000000000000       0.38803682310594234       0.43365731397520485       0.83535460777251835     
   16.000000000000000       0.38590260149601563       0.43374575161183992       0.83361004541010697     
   16.020000000000000       0.38880775304402676       0.43379350817636336       0.83665543132422870     
   16.039999999999999       0.38657132417562379       0.43377067806862202       0.83469945111577137     
   16.059999999999999       0.38956386345330984       0.43371061870082606       0.83772368131746622     
   16.080000000000002       0.38722696410353946       0.43357773375236208       0.83555780706959915     
   16.100000000000001       0.39029959536758191       0.43341139207505708       0.83855400761195598     
   16.120000000000001       0.38786445945157944       0.43317030201779655       0.83618090461537897     
   16.140000000000001       0.39100956549531690       0.43289983059385267       0.83914251639331061     
   16.160000000000000       0.38847893672338041       0.43255300254556311       0.83656599273776000     
   16.180000000000000       0.39168859745173545       0.43218115160780246       0.83948677641445424     
   16.199999999999999       0.38906573982103687       0.43173164727640334       0.83671177862499468     
   16.219999999999999       0.39233175139045395       0.43126174021375330       0.83958581668039312     
   16.240000000000002       0.38962045740504109       0.43071318992103130       0.83661841969371098     
   16.260000000000002       0.39293435187121495       0.43014909570272020       0.83944011567301569     
   16.280000000000001       0.39013894839417590       0.42950566941652152       0.83628750720060052     
   16.300000000000001       0.39349201381272636       0.42885177215179354       0.83905158226069632     
   16.320000000000000       0.39061736546511533       0.42811814773092566       0.83572204161359154     
   16.340000000000000       0.39400066639295062       0.42737931357614517       0.83842352848432522     
   16.359999999999999       0.39105217642531453       0.42656064244603925       0.83492639996136531     
   16.379999999999999       0.39445657477320561       0.42574218408407405       0.83756063445676698     
   16.399999999999999       0.39144018334724956       0.42484405457369467       0.83390629542477301     
   16.420000000000002       0.39485635953705994       0.42395169350207546       0.83646890565640231     
   16.440000000000001       0.39177853936708301       0.42298009208352355       0.83266872947651804     
   16.460000000000001       0.39519701375013933       0.42201991895796320       0.83515562293704804     
   16.480000000000000       0.39206476306630417       0.42098118963968156       0.83122193691615542     
   16.500000000000000       0.39547591756250383       0.41995962292814726       0.83362928561602390     
   16.520000000000000       0.39229675037070932       0.41886042506054111       0.82957532418585145     
   16.539999999999999       0.39569085029111511       0.41778416827006076       0.83189954803913602     
   16.559999999999999       0.39247278391715645       0.41663143302867833       0.82773940138815039     
   16.580000000000002       0.39583999993597618       0.41550743077250479       0.82997715005575878     
   16.600000000000001       0.39259153985473633       0.41430831658864192       0.82572570846009696     
   16.620000000000001       0.39592197009971175       0.41314370976520987       0.82787384186878565     
   16.640000000000001       0.39265209206327473       0.41190555697691744       0.82354673598825778     
   16.660000000000000       0.39593578429654402       0.41070763733423510       0.82560230375284283     
   16.680000000000000       0.39265391378827497       0.40943792233219606       0.82121584117630109     
   16.699999999999999       0.39588088765271912       0.40821408669190595       0.82317606115965991     
   16.719999999999999       0.39259687670746934       0.40692037583453139       0.81874715950072918     
   16.740000000000002       0.39575714601635775       0.40567808024887625       0.82060939575176572     
   16.760000000000002       0.39248124745995250       0.40436798381925865       0.81615551261097896     
   16.780000000000001       0.39556484251034058       0.40311469793160182       0.81791725292459183     
   16.800000000000001       0.39230768168432639       0.40179582440568362       0.81345631304731514     
   16.820000000000000       0.39530467157709637       0.40053898628110679       0.81511514639255389     
   16.840000000000000       0.39207721562731773       0.39921889717161302       0.81066546636367665     
   16.859999999999999       0.39497773057896113       0.39796586885848528       0.81221906042669079     
   16.879999999999999       0.39179125539882215       0.39665203439286084       0.80779927125283013     
   16.899999999999999       0.39458550903203438       0.39541005846916821       0.80924535033988776     
   16.920000000000002       0.39145156396323572       0.39410981435202658       0.80487431827781675     
   16.940000000000001       0.39412987556507512       0.39288597170176365       0.80621064182063318     
   16.960000000000001       0.39106024597014855       0.39160647720323083       0.80190738781675341     
   16.980000000000000       0.39361306270790453       0.39040764625830582       0.80313172971759661     
   17.000000000000000       0.39061973053991739       0.38915584385922086       0.79891534782751794     
   17.020000000000000       0.39303764962593279       0.38798866153121453       0.80002547687514958     
   17.039999999999999       0.39013275213128301       0.38677123834447708       0.79591505203483170     
   17.059999999999999       0.39240654292872712       0.38564206285829772       0.79690871361427318     
   17.080000000000002       0.38960232962892799       0.38446541403282941       0.79292323913472451     
   17.100000000000001       0.39172295569094401       0.38338028986087425       0.79379813844417924     
   17.120000000000001       0.38903174379866817       0.38225048416077284       0.78995643360043188     
   17.140000000000001       0.39099038483341675       0.38121510924177876       0.79071022057755125     
   17.160000000000000       0.38842451326678012       0.38013785697836744       0.78703084865954098     
   17.180000000000000       0.39021258702062239       0.37915755238975024       0.78766110480657503     
   17.199999999999999       0.38778436918771969       0.37813817586847065       0.78416229199472087     
   17.219999999999999       0.38939355323818708       0.37721785810476216       0.78466651927812336     
   17.240000000000002       0.38711522877118570       0.37626126473232441       0.78136607469985808     
   17.260000000000002       0.38853748222041828       0.37540542072537542       0.78174168668462229     
   17.280000000000001       0.38642116784505165       0.37451607890536054       0.77865692399990749     
   17.300000000000001       0.38764875290308459       0.37372874390442562       0.77890123936243660     
   17.320000000000000       0.38570639263514511       0.37291066183175220       0.77604890021652395     
   17.340000000000000       0.38673189608080016       0.37219540024349818       0.77615913876229237     
   17.359999999999999       0.38497521094615778       0.37145210768991577       0.77355531843266467     
   17.379999999999999       0.38579156545132237       0.37081199695991662       0.77352859972636656     
   17.400000000000002       0.38423200293011173       0.37014653012408233       0.77118867527805590     
   17.420000000000002       0.38483250823093351       0.36958414772258835       0.77102201997454611     
   17.440000000000001       0.38348119162979410       0.36899903719944760       0.76896058122391064     
   17.460000000000001       0.38385953552575608       0.36851645075525358       0.76865091516808171     
   17.480000000000000       0.38272721348441019       0.36801371266048072       0.76688169873977863     
   17.500000000000000       0.38287749264341531       0.36761247326769259       0.76642585988274536     
   17.520000000000000       0.38197448898337677       0.36719360353394676       0.76496168662807240     
   17.539999999999999       0.38189122952789162       0.36687474223745148       0.76435643478577120     
   17.559999999999999       0.38122739365174929       0.36654071408033334       0.76320915081299634     
   17.580000000000002       0.38090557149775101       0.36630474152693643       0.76245118027167957     
   17.600000000000001       0.38049022954722128       0.36605600605982314       0.76163160182038003     
   17.620000000000001       0.37992529046417994       0.36590291528343982       0.76071755677163433     
   17.640000000000001       0.37976719744401510       0.36573940524202231       0.76023541914370063     
   17.660000000000000       0.37895507680047685       0.36566867753308868       0.75916191190967375     
   17.680000000000000       0.37906236987333608       0.36558981405245206       0.75902582264947338     
   17.699999999999999       0.37799951202885751       0.36560042784397878       0.75778945463710135     
   17.719999999999999       0.37837966518339683       0.36560513021364466       0.75800685113254040     
   17.740000000000002       0.37706304248366707       0.36569557289915838       0.75660423643385544     
   17.760000000000002       0.37772282277442948       0.36578227120466461       0.75718134808881388     
   17.780000000000001       0.37614995410243773       0.36595055378676244       0.75560913962301501     
   17.800000000000001       0.37709537965561446       0.36611720433024270       0.75655095472997769     
   17.820000000000000       0.37526434848770718       0.36636087878273521       0.75480587280201861     
   17.840000000000000       0.37650064846152170       0.36660498215962400       0.75611611022178860     
   17.859999999999999       0.37441012037318105       0.36692116137132197       0.75419497335187757     
   17.879999999999999       0.37594169705556540       0.36723978306587335       0.75587605908519728     
   17.900000000000002       0.37359093661778664       0.36762516322007377       0.75377581694397167     
   17.920000000000002       0.37542132983717430       0.36801495656887612       0.75582886565774987     
   17.940000000000001       0.37281021684043697       0.36846584179961317       0.75354663392309829     
   17.960000000000001       0.37494207085793890       0.36892307315981632       0.75597143547191314     
   17.980000000000000       0.37207111579701341       0.36943540231399624       0.75350453240557647     
   18.000000000000000       0.37450614883999772       0.36995597826158533       0.75629954336727045     
   18.020000000000000       0.37137650758924423       0.37052535358531918       0.75364552789261163     
   18.039999999999999       0.37411548417746077       0.37110484995852744       0.75680786811525680     
   18.059999999999999       0.37072897178288616       0.37172656751633987       0.75396457916201043     
   18.080000000000002       0.37377167798876765       0.37236026011025514       0.75749003329836739     
   18.100000000000001       0.37013078149997614       0.37302934173743163       0.75445563016591377     
   18.120000000000001       0.37347600327469321       0.37371223844804285       0.75833865415088109     
   18.140000000000001       0.36958389353700000       0.37442346502923218       0.75511165762868682     
   18.160000000000000       0.37322939822326112       0.37515033923862684       0.75934539003519297     
   18.180000000000000       0.36908994054771782       0.37589828509996176       0.75592472400766098     
   18.199999999999999       0.37303246168923893       0.37666371008914551       0.76050100219710615     
   18.219999999999999       0.36865022531613412       0.37744277828659728       0.75688603545019628     
   18.240000000000002       0.37288545086222225       0.37824116245849460       0.76179541641500559     
   18.260000000000002       0.36826571713184647       0.37904562074196618       0.75798600435375585     
   18.280000000000001       0.37278828112365392       0.37987124343455464       0.76321779013186752     
   18.300000000000001       0.36793705026678181       0.38069526066534748       0.75921431611140300     
   18.320000000000000       0.37274052807958724       0.38154230833362657       0.76475658363576327     
   18.340000000000000       0.36766452453922333       0.38237999113236937       0.76055999960354970     
   18.359999999999999       0.37274143174261126       0.38324259367791708       0.76639963483389928     
   18.379999999999999       0.36744810793817706       0.38408802308083656       0.76201150097798498     
   18.400000000000002       0.37278990282324936       0.38496029010908511       0.76813423714748574     
   18.420000000000002       0.36728744126850382       0.38580755801258365       0.76355676024424213     
   18.440000000000001       0.37288453107836161       0.38668361480061453       0.76994722003989169     
   18.460000000000001       0.36718184476502969       0.38752685997751207       0.76518329019539788     
   18.480000000000000       0.37302359565171672       0.38840088293909281       0.77182503167869432     
   18.500000000000000       0.36713032661204653       0.38923432641451172       0.76687825716037072     
   18.520000000000000       0.37320507733002301       0.39010057785426777       0.77375382322342157     
   18.539999999999999       0.36713159329332334       0.39091855743499110       0.76862856308284311     
   18.559999999999999       0.37342667262638657       0.39177141938994636       0.77571953422503737     
   18.580000000000002       0.36718406168703999       0.39256842314808715       0.77042092841901255     
   18.600000000000001       0.37368580959246006       0.39340243012230480       0.77770797862055630     
   18.620000000000001       0.36728587280996289       0.39417312864226584       0.77224197534555439     
   18.640000000000001       0.37397966525053217       0.39498299904888567       0.77970493080658088     
   18.660000000000000       0.36743490710579502       0.39572227625576745       0.77407831077135958     
   18.680000000000000       0.37430518452752121       0.39650294239034978       0.78169621127901667     
   18.699999999999999       0.36762880116398811       0.39720592478815536       0.77591660865184209     
   18.719999999999999       0.37465910056435420       0.39795256116778982       0.78366777133268162     
   18.740000000000002       0.36786496574744088       0.39861464532688301       0.77774369111276875     
   18.760000000000002       0.37503795626654957       0.39932269524097941       0.78560577632394990     
   18.780000000000001       0.36814060500049933       0.39993957338621522       0.77954660790164088     
   18.800000000000001       0.37543812695505857       0.40060477351715762       0.78749668701186981     
   18.820000000000000       0.36845273670251616       0.40117245708084576       0.78131271369853006     
   18.840000000000000       0.37585584397055083       0.40179086006568054       0.78932733850826431     
   18.859999999999999       0.36879821342698388       0.40230570108296515       0.78302974283483229     
   18.879999999999999       0.37628721907941154       0.40287369590096112       0.79108501638509288     
   18.900000000000002       0.36917374446194418       0.40333240613924742       0.78468588098760894     
   18.920000000000002       0.37672826952577410       0.40384673622436301       0.79275752950766010     
   18.940000000000001       0.36957591834400627       0.40424640395296935       0.78626983343878321     
   18.960000000000001       0.37717494357093573       0.40470418294496796       0.79433327918498742     
   18.980000000000000       0.37000122585589590       0.40504228726618174       0.78777088951243357     
   19.000000000000000       0.37762314635953720       0.40544101232920304       0.79580132425367045     
   19.020000000000000       0.37044608333602669       0.40571543500722401       0.78917898282950660     
   19.039999999999999       0.37806876595092337       0.40605299765999497       0.79715144173864561     
   19.059999999999999       0.37090685614812319       0.40626203239983932       0.79048474704740757     
   19.080000000000002       0.37850769935411555       0.40653672681726932       0.79837418276332661     
   19.100000000000001       0.37137988215941448       0.40667908596140773       0.79167956678179008     
   19.120000000000001       0.37893587840587289       0.40688961472298196       0.79946092341236086     
   19.140000000000001       0.37186149507738203       0.40696443334926435       0.79275562343941641     
   19.160000000000000       0.37934929533330042       0.40710991062533686       0.80040391028258395     
   19.180000000000000       0.37234804749743711       0.40711674804548742       0.79370593572389558     
   19.199999999999999       0.37974402784544220       0.40719670022815946       0.80119630049144153     
   19.219999999999999       0.37283593351721578       0.40713553890172571       0.79452439461026469     
   19.240000000000002       0.38011626360218331       0.40714990270241580       0.80183219594695976     
   19.260000000000002       0.37332161077736681       0.40702114459643091       0.79520579261951818     
   19.280000000000001       0.38046232391360024       0.40697026264739294       0.80230667171910708     
   19.300000000000001       0.37380162179377635       0.40677472308707174       0.79574584726014785     
   19.320000000000000       0.38077868652855118       0.40665933709889929       0.80261579838881281     
   19.340000000000000       0.37427261445201920       0.40639823616934900       0.79614121854021880     
   19.359999999999999       0.38106200737782353       0.40621947771086192       0.80275665828787357     
   19.379999999999999       0.37473136154148456       0.40589442928396069       0.79638952049036482     
   19.400000000000002       0.38130914114440173       0.40565380826466990       0.80272735558010999     
   19.420000000000002       0.37517477921396414       0.40526680673887561       0.79648932667498817     
   19.440000000000001       0.38151716054144902       0.40496619768745334       0.80252702017138855     
   19.460000000000001       0.37559994425953819       0.40451960254126362       0.79644016970579234     
   19.480000000000000       0.38168337418726855       0.40416122878595945       0.80215580547310883     
   19.500000000000000       0.37600411010122237       0.40365774705799612       0.79624253480823803     
   19.520000000000000       0.38180534297580815       0.40324416292672938       0.80161488008036463     
   19.539999999999999       0.37638472141905160       0.40268682974687658       0.79589784752744663     
   19.559999999999999       0.38188089485112253       0.40222090091568274       0.80090641346193181     
   19.580000000000002       0.37673942732394872       0.40161305822233156       0.79540845569520480     
   19.600000000000001       0.38190813790454364       0.40109794035094204       0.80003355579436397     
   19.620000000000001       0.37706609301185168       0.40044321393909754       0.79477760581390577     
   19.640000000000001       0.38188547172407156       0.39988232974156218       0.79900041210650286     
   19.660000000000000       0.37736280983902881       0.39918460479533940       0.79400941404622372     
   19.680000000000000       0.38181159693660494       0.39858161970179412       0.79781201093354204     
   19.699999999999999       0.37762790377027755       0.39784501497257269       0.79310883203092875     
   19.719999999999999       0.38168552289501329       0.39720381154539769       0.79647426771110497     
   19.740000000000002       0.37785994216267155       0.39643265234364611       0.79208160777529879     
   19.760000000000002       0.38150657347366268       0.39575730361735212       0.79499394316956340     
   19.780000000000001       0.37805773885863098       0.39495609379176816       0.79093424190286432     
   19.800000000000001       0.38127439094771187       0.39425083571098074       0.79337859701674252     
   19.820000000000000       0.37822035757329403       0.39342422879316485       0.78967393956167808     
   19.840000000000000       0.38098893794331029       0.39269343192695966       0.79163653722316862     
   19.859999999999999       0.37834711357234241       0.39184620162327827       0.78830855832262559     
   19.879999999999999       0.38065049745758639       0.39109434233693646       0.78977676524793083     
   19.900000000000002       0.37843757364756925       0.39023135255156099       0.78684655241953871     
   19.920000000000002       0.38025967095901969       0.38946298381845645       0.78780891756490878     
   19.940000000000001       0.37849155440844651       0.38858915839274988       0.78529691370272814     
   19.960000000000001       0.37981737459032128       0.38780888042963113       0.78574320386849150     
   19.980000000000000       0.37850911891873168       0.38692917278313771       0.78366910969509695     
   20.000000000000000       0.37932483350726853       0.38614160369147288       0.78359034235485270     
