   2.0000000000000000E-002   1.0000000000000000        2.0000000000000000E-002
   4.0000000000000001E-002  0.99960000000000004        4.0000000000000001E-002
   5.9999999999999998E-002  0.99920015996800005        7.9984003200000001E-002
   8.0000000000000002E-002  0.99840128006389761       0.11990401921023999     
  0.10000000000000001       0.99760368143733891       0.15969611218421559     
  0.12000000000000000       0.99640768036375760       0.19942444844842794     
  0.14000000000000001       0.99521487616852167       0.23889739909249247     
  0.16000000000000000       0.99362494308227889       0.27830710441856943     
  0.17999999999999999       0.99204074807401554       0.31733488029430734     
  0.20000000000000001       0.99006133051746437       0.35630025234698848     
  0.22000000000000000       0.98809080610808386       0.39475852440926829     
  0.23999999999999999       0.98572759289526657       0.43315561170583960     
  0.26000000000000001       0.98337702709161690       0.47092225076636263     
  0.28000000000000003       0.98063692622673937       0.50862934692326456     
  0.29999999999999999       0.97791380867134914       0.54558491062558667     
  0.32000000000000001       0.97480492039980782       0.58248303864231277     
  0.34000000000000002       0.97171791262580587       0.61851124676967151     
  0.35999999999999999       0.96824949774012081       0.65448463118567413     
  0.38000000000000000       0.96480839877403402       0.68947282717909997     
  0.40000000000000002       0.96099084231845167       0.72440935199924461     
  0.41999999999999998       0.95720654978541309       0.75824894862976722     
  0.44000000000000000       0.95305132032352768       0.79204059898378587     
  0.46000000000000002       0.94893578722940253       0.82462750619862124     
  0.47999999999999998       0.94445539185880423       0.85717079177954125     
  0.50000000000000000       0.94002157924276286       0.88840582482749553     
  0.52000000000000002       0.93522951455936343       0.91960218324265619     
  0.54000000000000004       0.93049134022841640       0.94939144927808494     
  0.56000000000000005       0.92540203946065214       0.97914762754355145     
  0.57999999999999996       0.92037432303453848        1.0074028890105253     
  0.59999999999999998       0.91500309958403026        1.0356313015248964     
  0.62000000000000000       0.90970150409455264        1.0622703147331654     
  0.64000000000000001       0.90406449173495829        1.0888893761793499     
  0.66000000000000003       0.89850546203833059        1.1138362036006861     
  0.68000000000000005       0.89261955203800625        1.1387706353435783     
  0.70000000000000007       0.88682025031197920        1.1619559302804983     
  0.71999999999999997       0.88070302575862780        1.1851370389539968     
  0.73999999999999999       0.87468126436804294        1.2064983013621124     
  0.76000000000000001       0.86835093198474389        1.2278642284699737     
  0.78000000000000003       0.86212510400971176        1.2473460308496753     
  0.80000000000000004       0.85560042376156620        1.2668419723406334     
  0.82000000000000006       0.84918943149164039        1.2843961547528526     
  0.83999999999999997       0.84248964429071471        1.3019745496706641     
  0.85999999999999999       0.83591282599622974        1.3175603830744773     
  0.88000000000000000       0.82905757981952388        1.3331810705274145     
  0.90000000000000002       0.82233463511766158        1.3467653877836177     
  0.92000000000000004       0.81534390985845839        1.3603957316248338     
  0.94000000000000006       0.80849482399659911        1.3719530256587129     
  0.95999999999999996       0.80138885537376447        1.3835680064182054     
  0.97999999999999998       0.79443382275626040        1.3930804951859441     
   1.0000000000000000       0.78723302560885855        1.4026627689459306     
   1.0200000000000000       0.78019237289553423        1.4101204270017953     
   1.0400000000000000       0.77291726419149986        1.4176603510595762     
   1.0600000000000001       0.76581137329693605        1.4230609076745850     
   1.0800000000000001       0.75848249518451161        1.4285565329897587     
   1.1000000000000001       0.75133172650650937        1.4319054369263264     
   1.1200000000000001       0.74396956973571304        1.4353624675019299     
   1.1400000000000001       0.73679418593926660        1.4366728187023541     
   1.1599999999999999       0.72941911397781711        1.4381045382014763     
   1.1799999999999999       0.72223920465745362        1.4373969868004217     
   1.2000000000000000       0.71487137882134855        1.4368241528504353     
   1.2200000000000000       0.70770678635982820        1.4341267660721215     
   1.2400000000000000       0.70036609227316782        1.4315774728572366     
   1.2600000000000000       0.69323633920829397        1.4269255705061594     
   1.2800000000000000       0.68594231489997837        1.4224350803948591     
   1.3000000000000000       0.67886653310365552        1.4158710397938805     
   1.3200000000000001       0.67163829904027628        1.4094815848902589     
   1.3400000000000001       0.66463516100499953        1.4010546162610873     
   1.3600000000000001       0.65749135234962608        1.3928151709075045     
   1.3800000000000001       0.65057900486730869        1.3825810643252432     
   1.4000000000000001       0.64353770624295892        1.3725470897173342     
   1.4199999999999999       0.63673370674944074        1.3605679349021949     
   1.4399999999999999       0.62981238977386211        1.3488010971054356     
   1.4600000000000000       0.62313364561962614        1.3351449774401833     
   1.4800000000000000       0.61634910946463883        1.3217128402192306     
   1.5000000000000000       0.60981182035824144        1.3064535024997541     
   1.5200000000000000       0.60318013557235550        1.2914291964869717     
   1.5400000000000000       0.59679973942790288        1.2746456980248662     
   1.5600000000000001       0.59033619524527625        1.2581075678621665     
   1.5800000000000001       0.58412731764901149        1.2398839026617328     
   1.6000000000000001       0.57784637299112562        1.2219151338494585     
   1.6200000000000001       0.57182278048490498        1.2023398396764244     
   1.6400000000000001       0.56573801884367403        1.1830280669538991     
   1.6600000000000001       0.55991257620487844        1.1621938151988813     
   1.6799999999999999       0.55403666457735623        1.1416307143628857     
   1.7000000000000000       0.54842129625569369        1.1196338846786027     
   1.7200000000000000       0.54276594828119040        1.0979147498179116     
   1.7400000000000000       0.53737160413299401        1.0748549915749459     
   1.7600000000000000       0.53194754756335172        1.0520782997607276     
   1.7800000000000000       0.52678417300346370        1.0280580824218228     
   1.8000000000000000       0.52160112161657879        1.0043250479447881     
   1.8200000000000001       0.51667763228684449       0.97944920250190648     
   1.8400000000000001       0.51174426233236314       0.95486332278729102     
   1.8600000000000001       0.50706852336425368       0.92923857643869323     
   1.8800000000000001       0.50239245460882975       0.90390517179924079     
   1.9000000000000001       0.49797126453588569       0.87763967806550580     
   1.9199999999999999       0.49355904595358524       0.85166542747042662     
   1.9399999999999999       0.48939812530734894       0.82486829395850958     
   1.9600000000000000       0.48525522543884148       0.79836076900287223     
   1.9800000000000000       0.48135921003984528       0.77114158502598973     
   2.0000000000000000       0.47749001202205615       0.74420878428016402     
   2.0200000000000000       0.47386245095538160       0.71667715052858072     
   2.0400000000000000       0.47027025220141538       0.68942703643128933     
   2.0600000000000001       0.46691361044445978       0.66169209886510982     
   2.0800000000000001       0.46360062693196402       0.63423213929654543     
   2.1000000000000001       0.46051629258046295       0.60640212939662796     
   2.1200000000000001       0.45748366768530180       0.57883884603019864     
   2.1400000000000001       0.45467196370248203       0.55102062949761743     
   2.1600000000000001       0.45191978149374484       0.52345915498052520     
   2.1800000000000002       0.44937998188683015       0.49575779091898958     
   2.2000000000000002       0.44690728477892377       0.46830143687341313     
   2.2200000000000002       0.44463763508719750       0.44081974942315061     
   2.2400000000000002       0.44244244572516384       0.41356958719173686     
   2.2600000000000002       0.44044018768450660       0.38640775150805662     
   2.2800000000000002       0.43851953491986972       0.35946220749023478     
   2.3000000000000003       0.43678093515023331       0.33271735187585066     
   2.3199999999999998       0.43513088394670385       0.30617181921570086     
   2.3399999999999999       0.43365126649143942       0.27993764512348951     
   2.3599999999999999       0.43226695158277018       0.25388411341611072     
   2.3799999999999999       0.43104073411218080       0.22825053493892308     
   2.3999999999999999       0.42991639721845443       0.20277723952105697     
   2.4199999999999999       0.42893713069445782       0.17783004387812468     
   2.4399999999999999       0.42806616108816287       0.15302113616083410     
   2.4600000000000000       0.42732657267259505       0.12884166657686685     
   2.4800000000000000       0.42670155087206973       0.10477690676398603     
   2.5000000000000000       0.42619358984798739        8.1441769017904619E-002
   2.5200000000000000       0.42580633420323638        5.8196242434424193E-002
   2.5400000000000000       0.42552122066663484        3.5777036230482367E-002
   2.5600000000000001       0.42536283659119595        1.3420894360670170E-002
   2.5800000000000001       0.42529111265988956       -8.0160294538467111E-003
   2.6000000000000001       0.42535204425238582       -2.9417802247301193E-002
   2.6200000000000001       0.42548362752943225       -4.9811557725887586E-002
   2.6400000000000001       0.42575371131971940       -7.0199350962420679E-002
   2.6600000000000001       0.42607795034073753       -8.9494705608085201E-002
   2.6800000000000002       0.42654647088817566      -0.10881446222505461     
   2.7000000000000002       0.42705220227522644      -0.12696199742511641     
   2.7200000000000002       0.42770794934058515      -0.14516536552142967     
   2.7400000000000002       0.42838355637997594      -0.16212160838899872     
   2.7600000000000002       0.42921488338784053      -0.17916606474773314     
   2.7800000000000002       0.43004835574528211      -0.19489359103110082     
   2.8000000000000003       0.43104323925057125      -0.21074253613175725     
   2.8199999999999998       0.43202223353457242      -0.22521004399402020     
   2.8399999999999999       0.43316833340491118      -0.23983286836481527     
   2.8599999999999999       0.43428023428813517      -0.25301522297702461     
   2.8799999999999999       0.43556495431334813      -0.26638734487704224     
   2.8999999999999999       0.43679693592187907      -0.27826559390839478     
   2.9199999999999999       0.43820748456277236      -0.29036846846786929     
   2.9399999999999999       0.43954657184483398      -0.30092982869532636     
   2.9600000000000000       0.44107002283570956      -0.31175092877919658     
   2.9800000000000000       0.44250315262433498      -0.32098874417582418     
   3.0000000000000000       0.44412650514731089      -0.33052151337037344     
   3.0200000000000000       0.44564058663575917      -0.33843518516603854     
   3.0400000000000000       0.44735082478993360      -0.34667896342030807     
   3.0600000000000001       0.44893279914426365      -0.35327385275954470     
   3.0800000000000001       0.45071695043903254      -0.36023377534167600     
   3.1000000000000001       0.45235384927915023      -0.36552107929095362     
   3.1200000000000001       0.45419904188853399      -0.37120794984408367     
   3.1400000000000001       0.45587804437718854      -0.37520455162378297     
   3.1600000000000001       0.45777156290080689      -0.37963469022599539     
   3.1800000000000002       0.45948005118938651      -0.38236298466054403     
   3.2000000000000002       0.46140939067569542      -0.38555805190809367     
   3.2200000000000002       0.46313500346621611      -0.38704574720036633     
   3.2400000000000002       0.46508792146473638      -0.38903254544238269     
   3.2600000000000002       0.46681860545907605      -0.38931244248507690     
   3.2800000000000002       0.46878317188054280      -0.39012269544066880     
   3.3000000000000003       0.47050723090068791      -0.38923244597739454     
   3.3200000000000003       0.47247187547726988      -0.38890255806200580     
   3.3399999999999999       0.47417801705404605      -0.38688440310376404     
   3.3599999999999999       0.47613157420595092      -0.38545519988027482     
   3.3799999999999999       0.47780895344833324      -0.38235568986836899     
   3.3999999999999999       0.47974070437815741      -0.37987214111934114     
   3.4199999999999999       0.48137896495071697      -0.37574183940311995     
   3.4399999999999999       0.48327867680272751      -0.37225276639332555     
   3.4600000000000000       0.48486798885498994      -0.36714593766008913     
   3.4800000000000000       0.48672595079305897      -0.36270370622266435     
   3.5000000000000000       0.48825704570143191      -0.35667799157721858     
   3.5200000000000000       0.49006410177648357      -0.35133819271211641     
   3.5400000000000000       0.49152830357686350      -0.34445427315451960     
   3.5600000000000001       0.49327588227234398      -0.33827539287412234     
   3.5800000000000001       0.49466513567943715      -0.33059664296587726     
   3.6000000000000001       0.49634527604137840      -0.32363972315944745     
   3.6200000000000001       0.49765217096906395      -0.31523185670054882     
   3.6400000000000001       0.49925754524567562      -0.30756014881648647     
   3.6600000000000001       0.50047533776129716      -0.29849085837819844     
   3.6800000000000002       0.50199927049558646      -0.29016947174072866     
   3.7000000000000002       0.50312190015977321      -0.28050806391166327     
   3.7200000000000002       0.50455838369734929      -0.27160361049656595     
   3.7400000000000002       0.50558048725973637      -0.26142063870254162     
   3.7600000000000002       0.50692419365259911      -0.25200087619487466     
   3.7800000000000002       0.50784111509252594      -0.24136777294620748     
   3.8000000000000003       0.50908740439816413      -0.23150124789175552     
   3.8200000000000003       0.50989520131798305      -0.22048995829518214     
   3.8399999999999999       0.51104012631140860      -0.21024565113672902     
   3.8599999999999999       0.51173557270832193      -0.19892826948325187     
   3.8799999999999999       0.51277588004264840      -0.18837524324293398     
   3.8999999999999999       0.51335646550291825      -0.17682365444774753     
   3.9199999999999999       0.51428959337165114      -0.16603070877795620     
   3.9399999999999999       0.51475351874849307      -0.15431623640454151     
   3.9600000000000000       0.51557759111975177      -0.14335156868241974     
   3.9800000000000000       0.51592376077314095      -0.13154463123022161     
   4.0000000000000000       0.51663757828248524      -0.12047550631510320     
   4.0200000000000005       0.51686558897538948      -0.10864528338931287     
   4.0400000000000000       0.51746861657969812       -9.7537713598885301E-002
   4.0600000000000005       0.51757874314082142       -8.5751823512168715E-002
   4.0800000000000001       0.51807109465069345       -7.4670260302146241E-002
   4.0999999999999996       0.51806427252859988       -6.2994450582148379E-002
   4.1200000000000001       0.51844669215095029       -5.2001489336295774E-002
   4.1399999999999997       0.51832449699836869       -4.0499341529911359E-002
   4.1600000000000001       0.51859833803420907       -2.9655440782866461E-002
   4.1799999999999997       0.51836296247433811       -1.8388090859123383E-002
   4.2000000000000002       0.51853016332911250       -7.7513071841574140E-003
   4.2199999999999998       0.51818439106780001        3.2228172573405475E-003
   4.2400000000000002       0.51824744874304218        1.3597077559161917E-002
   4.2599999999999998       0.51779462620175354        2.4222502167373480E-002
   4.2800000000000002       0.51775656744719767        3.4281713540642800E-002
   4.2999999999999998       0.51720057310167789        4.4506143177639977E-002
   4.3200000000000003       0.51706492341626087        5.4200872517389601E-002
   4.3399999999999999       0.51641013503470057        6.3975397414852017E-002
   4.3600000000000003       0.51618088571310494        7.3259496179716624E-002
   4.3799999999999999       0.51543214569541451        8.2538777506005884E-002
   4.4000000000000004       0.51511371912389892        9.1369553528197242E-002
   4.4199999999999999       0.51427629815035680       0.10011198769955024     
   4.4400000000000004       0.51387351156158756       0.10845035609390004     
   4.4600000000000000       0.51295307076464058       0.11661821728036713     
   4.4800000000000004       0.51247109866605911       0.12442882997036422     
   4.5000000000000000       0.51147365054341221       0.13198839036577806     
   4.5200000000000005       0.51091798603734317       0.13923974386144367     
   4.5400000000000000       0.50984985432766827       0.14616137140632418     
   4.5600000000000005       0.50922626954389505       0.15282589258633542     
   4.5800000000000001       0.50809404828852478       0.15908412595260837     
   4.6000000000000005       0.50740855415142561       0.16513823572070224     
   4.6200000000000001       0.50621906616627577       0.17071183648682767     
   4.6399999999999997       0.50547787171884595       0.17613599128960430     
   4.6600000000000001       0.50423812670054402       0.18100797335357793     
   4.6799999999999997       0.50344759820672802       0.18578668466279011     
   4.7000000000000002       0.50216475069552968       0.18994432105790574     
   4.7199999999999998       0.50133137074027478       0.19406615303459446     
   4.7400000000000002       0.50001267815984274       0.19750096042825402     
   4.7599999999999998       0.49914300496318448       0.20095850609810054     
   4.7800000000000002       0.49779578595371005       0.20366620736676336     
   4.7999999999999998       0.49689641311102928       0.20645604374521923     
   4.8200000000000003       0.49552800636752459       0.20843650912823219     
   4.8399999999999999       0.49460552322291368       0.21055913183981947     
   4.8600000000000003       0.49322324704482451       0.21181629928082538     
   4.8799999999999999       0.49228419989829342       0.21327603731893979     
   4.9000000000000004       0.49089531264991454       0.21381781270529701     
   4.9199999999999999       0.48994616699200050       0.21462272407638971     
   4.9400000000000004       0.48855782866556202       0.21446086218404994     
   4.9600000000000000       0.48760493262481680       0.21462261127272070     
   4.9800000000000004       0.48622416768959359       0.21377257831582169     
   5.0000000000000000       0.48527371686946297       0.21330629589466310     
   5.0200000000000005       0.48390737858089217       0.21178711466524977     
   5.0400000000000000       0.48296538245271936       0.21071124155480367     
   5.0600000000000005       0.48162011878534688       0.20854532021816816     
   5.0800000000000001       0.48069236879368443       0.20688143567768438     
   5.1000000000000005       0.47937459015085793       0.20409438136242561     
   5.1200000000000001       0.47846662967601938       0.20186701736087986     
   5.1399999999999997       0.47718247851766560       0.19848743574957087     
   5.1600000000000001       0.47629957482855201       0.19572387832826593     
   5.1799999999999997       0.47505489734618539       0.19178316051426900     
   5.2000000000000002       0.47420201566395082       0.18851323950701809     
   5.2199999999999998       0.47300233561932642       0.18404533743522927     
   5.2400000000000002       0.47218411539946958       0.18030120585934975     
   5.2599999999999998       0.47103461023009091       0.17534239771325702     
   5.2800000000000002       0.47025534375715011       0.17115830218417813     
   5.2999999999999998       0.46916082303824103       0.16574694911839799     
   5.3200000000000003       0.46842443641350390       0.16115899267244796     
   5.3399999999999999       0.46738932275213568       0.15533528831872701     
   5.3600000000000003       0.46669935934072676       0.15038118705249964     
   5.3799999999999999       0.46572767176362906       0.14418690124794345     
   5.4000000000000004       0.46508727815309137       0.13890573619848695     
   5.4199999999999999       0.46418261803535171       0.13238395439746992     
   5.4400000000000004       0.46359453254346639       0.12681592009537782     
   5.4600000000000000       0.46276007211091574       0.12001077993120282     
   5.4800000000000004       0.46222661586609215       0.11419693105855191     
   5.5000000000000000       0.46146508928976254       0.10715335751752822     
   5.5200000000000005       0.46098815989295522       0.10113535509458298     
   5.5400000000000000       0.46030185697965947        9.3898795753877898E-002
   5.5600000000000005       0.45988292474250908        8.7718654262695248E-002
   5.5800000000000001       0.45927368721141043        8.0334816024242445E-002
   5.6000000000000005       0.45891379395124116        7.4034652853939065E-002
   5.6200000000000001       0.45838301427232747        6.6549241580046867E-002
   5.6399999999999997       0.45808277463083691        6.0171030147750867E-002
   5.6600000000000001       0.45763139738756597        5.2629494570085741E-002
   5.6799999999999997       0.45739100262659160        4.6214822433744175E-002
   5.7000000000000002       0.45701952835170101        3.8662103666340430E-002
   5.7199999999999998       0.45683875256640960        3.2251936900889774E-002
   5.7400000000000002       0.45654724398705759        2.4732224840069497E-002
   5.7599999999999998       0.45642545266434709        1.8366679897329180E-002
   5.7800000000000002       0.45621354328043456        1.0923177737248959E-002
   5.7999999999999998       0.45614970411832800        4.6413019526315782E-003
   5.8200000000000003       0.45601660902610835       -2.6840000150200570E-003
   5.8399999999999999       0.45600930491851716       -8.8444381688825829E-003
   5.8600000000000003       0.45595383378048826       -1.6010978368330098E-002
   5.8799999999999999       0.45600127786098127       -2.2013688249249562E-002
   5.9000000000000004       0.45602184991262928       -2.8982538215526855E-002
   5.9199999999999999       0.45612190254081975       -3.4792894242090797E-002
   5.9400000000000004       0.45621656351509193       -4.1526950641466935E-002
   5.9600000000000000       0.45636675107999347       -4.7112166905005033E-002
   5.9800000000000004       0.45653319192146818       -5.3576330305073687E-002
   6.0000000000000000       0.45673072732771508       -5.8905621763744150E-002
   6.0200000000000005       0.45696630456034854       -6.5066961361175762E-002
   6.0400000000000000       0.45720810925556371       -7.0111690901622781E-002
   6.0600000000000005       0.45750986686066142       -7.5939594502757571E-002
   6.0800000000000001       0.45779259425552138       -8.0673405242700516E-002
   6.1000000000000005       0.45815728691023866       -8.6139713882150568E-002
   6.1200000000000001       0.45847734703695647       -9.0538646177609955E-002
   6.1400000000000006       0.45890146455820235       -9.5617772852328003E-002
   6.1600000000000001       0.45925504980824755       -9.9660365565456405E-002
   6.1799999999999997       0.45973484264237197      -0.10432939765579916     
   6.2000000000000002       0.46011795442029219      -0.10799677333294765     
   6.2199999999999998       0.46064946001539003      -0.11223555837759135     
   6.2400000000000002       0.46105793614260260      -0.11551149208178225     
   6.2599999999999998       0.46163700603768348      -0.11930270666941394     
   6.2800000000000002       0.46206654873807468      -0.12217367830628711     
   6.2999999999999998       0.46268887620172694      -0.12550287994327358     
   6.3200000000000003       0.46313508049983304      -0.12795811001430821     
   6.3399999999999999       0.46379622855035557      -0.13081377192351559     
   6.3600000000000003       0.46425461091280068      -0.13284524073438786     
   6.3799999999999999       0.46495004055208000      -0.13521876963547189     
   6.4000000000000004       0.46541606760380244      -0.13682122008028516     
   6.4199999999999999       0.46614116609846457      -0.13870695709558675     
   6.4400000000000004       0.46661028324705978      -0.13987788122890490     
   6.4600000000000000       0.46736039229261039      -0.14127308615106832     
   6.4800000000000004       0.46782805209683931      -0.14201269584871104     
   6.5000000000000000       0.46859849570360035      -0.14291751509580355     
   6.5200000000000005       0.46906018582572762      -0.14322869719174972     
   6.5400000000000000       0.46984629776935655      -0.14364611586253009     
   6.5600000000000005       0.47029756835546888      -0.14353437223256654     
   6.5800000000000001       0.47109471903967692      -0.14347015075816627     
   6.6000000000000005       0.47153120937745013      -0.14294352390067647     
   6.6200000000000001       0.47233483196218168      -0.14240611986888632     
   6.6400000000000006       0.47275229627167809      -0.14147510460898036     
   6.6600000000000001       0.47355791192643354      -0.14047558041315913     
   6.6799999999999997       0.47395224414637604      -0.13915302242781019     
   6.7000000000000002       0.47475548629550834      -0.13770493946376167     
   6.7199999999999998       0.47512274373504465      -0.13600592139236858     
   6.7400000000000002       0.47591938116968779      -0.13412522159300413     
   6.7599999999999998       0.47625580690387781      -0.13206693755950669     
   6.7800000000000002       0.47704176564361789      -0.12977181311839012     
   6.7999999999999998       0.47734380953969269      -0.12737343254741640     
   6.8200000000000003       0.47811519333611252      -0.12468418473807286     
   6.8399999999999999       0.47837953160690766      -0.12196670639832193     
   6.8600000000000003       0.47913264099066499      -0.11890559444621691     
   6.8799999999999999       0.47935619418146130      -0.11589169169913624     
   6.9000000000000004       0.48008754396453512      -0.11248277270726213     
   6.9199999999999999       0.48026749328978457      -0.10919663097786350     
   6.9400000000000004       0.48097382844487835      -0.10546559194471522     
   6.9600000000000000       0.48110763040188603      -0.10193273946392008     
   6.9800000000000004       0.48178594025164617       -9.7906722464143905E-002
   7.0000000000000000       0.48187133944915378       -9.4153855358232078E-002
   7.0200000000000005       0.48251887010877731       -8.9861276981275662E-002
   7.0400000000000000       0.48255391025948274       -8.5916079803741399E-002
   7.0600000000000005       0.48316817528738254       -8.1386445964343773E-002
   7.0800000000000001       0.48315120832466663       -7.7277408778692130E-002
   7.1000000000000005       0.48372999754706719       -7.2541126024994337E-002
   7.1200000000000001       0.48365969083751292       -6.8297359153728948E-002
   7.1400000000000006       0.48420107732409662       -6.3385543604163361E-002
   7.1600000000000001       0.48407641895871406       -5.9036591159453450E-002
   7.1799999999999997       0.48457876413765977       -5.3980876198427473E-002
   7.2000000000000002       0.48439906629600266       -4.9556529503765490E-002
   7.2199999999999998       0.48486102320789115       -4.4388873358574985E-002
   7.2400000000000002       0.48462592360040557       -3.9918985358250614E-002
   7.2599999999999998       0.48504643830144278       -3.4671479665760674E-002
   7.2800000000000002       0.48475589970636240       -3.0185781400323630E-002
   7.2999999999999998       0.48513421084213332       -2.4890461851894349E-002
   7.3200000000000003       0.48478851876396734       -2.0418382053131803E-002
   7.3399999999999999       0.48512415534541858       -1.5107042180234270E-002
   7.3600000000000003       0.48472391383251162       -1.0677531008756534E-002
   7.3799999999999999       0.48501669125601371       -5.3815401399412259E-003
   7.4000000000000004       0.48456281692473430       -1.0228980524899494E-003
   7.4199999999999999       0.48481283128784203        4.2269755649123816E-003
   7.4400000000000004       0.48430654561062919        8.4872628725794329E-003
   7.4600000000000000       0.48451416638448952        1.3661022835145573E-002
   7.4800000000000004       0.48395698630820277        1.7796442510186347E-002
   7.5000000000000000       0.48412284743640738        2.2865028002013781E-002
   7.5200000000000005       0.48351657440614165        2.6850190292560579E-002
   7.5400000000000000       0.48364156390814389        3.1785631958343705E-002
   7.5600000000000005       0.48298827137984540        3.5596411854245537E-002
   7.5800000000000001       0.48307351954481687        4.0371979006589828E-002
   7.6000000000000005       0.48237553907762898        4.3985648528612406E-002
   7.6200000000000001       0.48242240534178621        4.8575986954466605E-002
   7.6400000000000006       0.48168231136803474        5.1971337420533587E-002
   7.6600000000000001       0.48169236997498799        5.6352597115208763E-002
   7.6799999999999997       0.48091296335204897        5.9510050778277319E-002
   7.7000000000000002       0.48088798790158721        6.3660003002194987E-002
   7.7199999999999998       0.48007227835554306        6.6561713523162078E-002
   7.7400000000000002       0.48001422535144433        7.0459856645821120E-002
   7.7599999999999998       0.47916541292740400        7.3089797936036233E-002
   7.7800000000000002       0.47907640443933308        7.6717451603289535E-002
   7.7999999999999998       0.47819786007754639        7.9061494644378644E-002
   7.8200000000000003       0.47808016563585221        8.2401881878536892E-002
   7.8399999999999999       0.47717541099627708        8.4447859201887965E-002
   7.8600000000000003       0.47703142884152167        8.7486176118986458E-002
   7.8799999999999999       0.47610411550229154        8.9223933702970423E-002
   7.9000000000000004       0.47593635331361944        9.1947406607307686E-002
   7.9199999999999999       0.47499024147090085        9.3368843026669673E-002
   7.9400000000000004       0.47480129669889198        9.5766772719015625E-002
   7.9600000000000000       0.47384023349691706        9.6865865457428452E-002
   7.9800000000000004       0.47363277342735316        9.8929658669667450E-002
   8.0000000000000000       0.47266067104795578        9.9702477582752830E-002
   8.0199999999999996       0.47243741272297790       0.10142566552773760     
   8.0400000000000009       0.47145822636376544       0.10187037351949542     
   8.0600000000000005       0.47122191648621153       0.10324861762011257     
   8.0800000000000001       0.47023962235556971       0.10336545867022487     
   8.0999999999999996       0.46999301730087101       0.10439654360568865     
   8.1200000000000010       0.46901159075634341       0.10418781835816271     
   8.1400000000000006       0.46875743681423965       0.10487163263794748     
   8.1600000000000001       0.46778083076846005       0.10434166183262121     
   8.1799999999999997       0.46752184473398489       0.10468016617881444     
   8.1999999999999993       0.46655396844929070       0.10383524227597113     
   8.2200000000000006       0.46629281867900324       0.10383242616278893     
   8.2400000000000002       0.46533751706814414       0.10268075357713619     
   8.2599999999999998       0.46507680511346422       0.10234258034152269     
   8.2799999999999994       0.46413783865947056       0.10089420476471900     
   8.3000000000000007       0.46388008158424665       0.10022854576399552     
   8.3200000000000003       0.46296110698756510        9.8495273114414500E-002
   8.3399999999999999       0.46270872047169082        9.7511831465522503E-002
   8.3599999999999994       0.46181327212716689        9.5507137059709243E-002
   8.3800000000000008       0.46156855445220801        9.4217361549392920E-002
   8.4000000000000004       0.46070002685242994        9.1956290141392089E-002
   8.4199999999999999       0.46046514385885984        9.0373279947406737E-002
   8.4399999999999995       0.45962677501381832        8.7872337329558722E-002
   8.4600000000000009       0.45940374611263113        8.6010738239410522E-002
   8.4800000000000004       0.45859860206863567        8.3287775141077380E-002
   8.5000000000000000       0.45838928738285600        8.1163667996668021E-002
   8.5199999999999996       0.45762024791622524        7.8237757055452828E-002
   8.5400000000000009       0.45742633662020399        7.5868539189116291E-002
   8.5600000000000005       0.45669608217346330        7.2759845802295386E-002
   8.5800000000000001       0.45651908208989295        7.0164106261902462E-002
   8.5999999999999996       0.45583008201011449        6.6893754153849891E-002
   8.6200000000000010       0.45567131051645965        6.4091143541778361E-002
   8.6400000000000006       0.45502581264701913        6.0681075906007027E-002
   8.6600000000000001       0.45488638893459216        5.7692171678723682E-002
   8.6799999999999997       0.45428641060304548        5.4165008770713959E-002
   8.7000000000000011       0.45416724932331320        5.1011176862412286E-002
   8.7200000000000006       0.45361456975936459        4.7390070931593281E-002
   8.7400000000000002       0.45351637608330392        4.4093324576734719E-002
   8.7599999999999998       0.45301253029200189        4.0401813032807828E-002
   8.7799999999999994       0.45293579639948128        3.6984669668513624E-002
   8.8000000000000007       0.45248207050588934        3.3246527378775370E-002
   8.8200000000000003       0.45242707351319394        2.9731864508831547E-002
   8.8399999999999999       0.45202450158589552        2.5970956119309430E-002
   8.8599999999999994       0.45199130291068779        2.2381867017131227E-002
   8.8800000000000008       0.45164066526265012        1.8622000181269117E-002
   8.9000000000000004       0.45162911141691747        1.4981650299607317E-002
   8.9199999999999999       0.45133093437351024        1.1246430684033332E-002
   8.9399999999999995       0.45134065916644939        7.5779156246053156E-003
   8.9600000000000009       0.45109521628184102        3.8906045423215225E-003
   8.9800000000000004       0.45112564440621256        2.1681041905653297E-004
   9.0000000000000000       0.45093295910099995       -3.3998140836294525E-003
   9.0199999999999996       0.45098331106830741       -7.0563470782603315E-003
   9.0400000000000009       0.45084316065312124       -1.0580124883396524E-002
   9.0600000000000005       0.45091245903507193       -1.4197334928245382E-002
   9.0800000000000001       0.45082438007708586       -1.7606853491898913E-002
   9.0999999999999996       0.45091145700322161       -2.1163284855543918E-002
   9.1200000000000010       0.45087475198502169       -2.4438003110133499E-002
   9.1400000000000006       0.45097825783920870       -2.7912928427297826E-002
   9.1600000000000001       0.45099200305239318       -3.1033294254441825E-002
   9.1799999999999997       0.45111041630407056       -3.4406830690852375E-002
   9.2000000000000011       0.45117347091328558       -3.7354391323403194E-002
   9.2200000000000006       0.45130510901303117       -4.0607610003988250E-002
   9.2400000000000002       0.45141612521994295       -4.3365114764095498E-002
   9.2599999999999998       0.45155915648305434       -4.6480142887127415E-002
   9.2799999999999994       0.45171659071404341       -4.9031637718379595E-002
   9.3000000000000007       0.45186904711048614       -5.1991752828794147E-002
   9.3200000000000003       0.45207117214665665       -5.4322666134405000E-002
   9.3399999999999999       0.45223096291092479       -5.7112382082745661E-002
   9.3599999999999994       0.45247588087437474       -5.9209601438038786E-002
   9.3800000000000008       0.45264080684456864       -6.1814745606943888E-002
   9.4000000000000004       0.45292646295079086       -6.3666684972699061E-002
   9.4199999999999999       0.45309423154256323       -6.6074466410223548E-002
   9.4399999999999995       0.45341842852535880       -6.7671123533423319E-002
   9.4600000000000009       0.45358666924332897       -6.9870191691408789E-002
   9.4800000000000004       0.45394708235573111       -7.1203195441201281E-002
   9.5000000000000000       0.45411336274253455       -7.3183689277015601E-002
   9.5199999999999996       0.45450755523497416       -7.4246336725920778E-002
   9.5400000000000009       0.45466939715630772       -7.5999923986815862E-002
   9.5600000000000005       0.45509483613160756       -7.6787207109977371E-002
   9.5800000000000001       0.45524973229445626       -7.8307113680692181E-002
   9.5999999999999996       0.45570380483822587       -7.8815735608943699E-002
   9.6200000000000010       0.45584923543891820       -8.0096764864641470E-002
   9.6400000000000006       0.45632926492353426       -8.0325145689945809E-002
   9.6600000000000001       0.45646271432236457       -8.1363687857753303E-002
   9.6799999999999997       0.45696597678295886       -8.1311960051817095E-002
   9.7000000000000011       0.45708495010283501       -8.2105991644767881E-002
   9.7200000000000006       0.45760869058456627       -8.1775985212973273E-002
   9.7400000000000002       0.45771073013247504       -8.2325058659690697E-002
   9.7599999999999998       0.45825217890982245       -8.1720276212564419E-002
   9.7799999999999994       0.45833488032184327       -8.2025499864205542E-002
   9.8000000000000007       0.45889126889270976       -8.1151081847119638E-002
   9.8200000000000003       0.45895229690582984       -8.1215090599602038E-002
   9.8399999999999999       0.45952087366586813       -8.0077770977936807E-002
   9.8599999999999994       0.45955797742293958       -7.9904687801961000E-002
   9.8800000000000008       0.46013602292868844       -7.8512740553238911E-002
   9.9000000000000004       0.46014705072649514       -7.8108129276789617E-002
   9.9199999999999999       0.46073189245961260       -7.6471306093004565E-002
   9.9399999999999995       0.46071480585415442       -7.5842115830570142E-002
   9.9600000000000009       0.46130383240323308       -7.3971575482801921E-002
   9.9800000000000004       0.46125671959095582       -7.3126077152217001E-002
   10.000000000000000       0.46184739417206694       -7.1034307015367490E-002
   10.020000000000000       0.46176848257083786       -6.9982022426702359E-002
   10.040000000000001       0.46235835581304691       -6.7682752704569846E-002
   10.060000000000000       0.46224602377215723       -6.6434376745626716E-002
   10.080000000000000       0.46283274569974375       -6.3942487975321399E-002
   10.100000000000000       0.46268553327407846       -6.2509804454840084E-002
   10.120000000000001       0.46326686442304099       -5.9841228904535304E-002
   10.140000000000001       0.46308348315274783       -5.8237020646970380E-002
   10.160000000000000       0.46365730476534028       -5.5408638252001624E-002
   10.180000000000000       0.46343664640881582       -5.3646592066546761E-002
   10.200000000000001       0.46400096965630183       -5.0676121575762303E-002
   10.220000000000001       0.46374211383104835       -4.8770728747027800E-002
   10.240000000000000       0.46429508802153285       -4.5676614773934456E-002
   10.260000000000000       0.46399730871438150       -4.3643067742219856E-002
   10.279999999999999       0.46453722844944051       -4.0444364433756194E-002
   10.300000000000001       0.46419999936474016       -3.8298450349117732E-002
   10.320000000000000       0.46472531061557454       -3.5014702398753150E-002
   10.340000000000000       0.46434830933716609       -3.2772694244988826E-002
   10.359999999999999       0.46485761441810936       -2.9423815986246528E-002
   10.380000000000001       0.46444072536819730       -2.7102361978480406E-002
   10.400000000000000       0.46493278679256600       -2.3708515299898758E-002
   10.420000000000000       0.46447610297791764       -2.1324527262638365E-002
   10.440000000000000       0.46494984618836133       -1.7905999085629391E-002
   10.460000000000001       0.46445366973156577       -1.5476540517020049E-002
   10.480000000000000       0.46490818470420670       -1.2053620574093482E-002
   10.500000000000000       0.46437302616496612       -9.5957950966517134E-003
   10.520000000000000       0.46480756789367678       -6.1886547391122428E-003
   10.540000000000001       0.46423414439223942       -3.7194956275627810E-003
   10.560000000000000       0.46464813226634183       -3.4806837914643472E-004
   10.580000000000000       0.46403736442817928        2.1155701577855856E-003
   10.600000000000000       0.46443038052362895        5.4317056016783384E-003
   10.620000000000001       0.46378338827126786        7.8732547264327157E-003
   10.640000000000001       0.46415517458196243        1.1114988375086702E-002
   10.660000000000000       0.46347327180646802        1.3518267875912772E-002
   10.680000000000000       0.46382372644866393        1.6667068541115816E-002
   10.700000000000001       0.46310841459959995        1.9016386424004092E-002
   10.720000000000001       0.46343758702848936        2.2054407413610172E-002
   10.740000000000000       0.46269054766721557        2.4334655248093966E-002
   10.760000000000000       0.46299863295048177        2.7244835061486984E-002
   10.779999999999999       0.46222171931736028        2.9441578528954883E-002
   10.800000000000001       0.46250905151595889        3.2207735995711112E-002
   10.820000000000000       0.46170427916739915        3.4307300123988103E-002
   10.840000000000000       0.46197132387887502        3.6914223465206362E-002
   10.859999999999999       0.46114086045512226        3.8903772071098068E-002
   10.880000000000001       0.46138820657944574        4.1337301403813170E-002
   10.900000000000000       0.46053436076858811        4.3204910305810092E-002
   10.920000000000000       0.46076271156075083        4.5452013154360385E-002
   10.940000000000000       0.45988792132856116        4.7186736760501155E-002
   10.960000000000001       0.46009808480599279        4.9235576184405952E-002
   10.980000000000000       0.45920490496491501        5.0827507105122426E-002
   11.000000000000000       0.45939778374114876        5.2667502100650181E-002
   11.020000000000000       0.45848887293496565        5.4107823482976027E-002
   11.040000000000001       0.45866545355387611        5.5729701364850115E-002
   11.060000000000000       0.45774356073734496        5.7010731692372779E-002
   11.080000000000000       0.45790490258469463        5.8406572212662801E-002
   11.100000000000000       0.45697285307969365        5.9521802364735595E-002
   11.120000000000001       0.45712007695064388        6.0685073377605987E-002
   11.140000000000001       0.45618075816213088        6.1629195791306143E-002
   11.160000000000000       0.45631503456479161        6.2554780324625262E-002
   11.180000000000000       0.45537138144112793        6.3323710153436658E-002
   11.200000000000001       0.45549391871713513        6.4007924800970339E-002
   11.220000000000001       0.45454889904007179        6.4598813014876050E-002
   11.240000000000000       0.45466093138358932        6.5039417615582032E-002
   11.260000000000000       0.45371753097344614        6.5450656037862986E-002
   11.279999999999999       0.45382030642989257        6.5646854661350368E-002
   11.300000000000001       0.45288151435119001        6.5878072987594904E-002
   11.320000000000000       0.45297628287639385        6.5830506296802510E-002
   11.340000000000000       0.45204507672842403        6.5882561191135239E-002
   11.359999999999999       0.45213307838782174        6.5593290304407498E-002
   11.380000000000001       0.45121240976338028        6.5468246716447687E-002
   11.400000000000000       0.45129486314929895        6.4940728741145134E-002
   11.420000000000000       0.45038764334305254        6.4641833634415988E-002
   11.440000000000000       0.45046573428607695        6.3880889092698984E-002
   11.460000000000001       0.44957482033182672        6.3412537820850379E-002
   11.480000000000000       0.44964969097975355        6.2424310235037389E-002
   11.500000000000000       0.44877787209318948        6.1792005846047486E-002
   11.520000000000000       0.44885061042813845        6.0583913795705810E-002
   11.540000000000001       0.44800059492858102        5.9794219585936392E-002
   11.560000000000000       0.44807222478948405        5.8374901591358268E-002
   11.580000000000000       0.44724662757060107        5.7435387270713553E-002
   11.600000000000000       0.44731809924454896        5.5814639897426258E-002
   11.620000000000001       0.44651942986013915        5.4733821763680544E-002
   11.640000000000001       0.44659161130195635        5.2922531379913033E-002
   11.660000000000000       0.44582226272863418        5.1709806934321201E-002
   11.680000000000000       0.44589593146360357        4.9719875587699178E-002
   11.700000000000001       0.44515816959762988        4.8385453055096839E-002
   11.720000000000001       0.44523400535752883        4.6229718966078942E-002
   11.740000000000000       0.44452995929813810        4.4784542210646545E-002
   11.760000000000000       0.44460853743570822        4.2476695408183780E-002
   11.779999999999999       0.44394019060211926        4.0932364760742662E-002
   11.800000000000001       0.44402197632380536        3.8486858410199359E-002
   11.820000000000000       0.44339115844769833        3.6855547944200789E-002
   11.840000000000000       0.44347650189899135        3.4287505938599208E-002
   11.859999999999999       0.44288488192862785        3.2581877749754795E-002
   11.880000000000001       0.44297401416066912        2.9906999152800165E-002
   11.900000000000000       0.44242309410705649        2.8140115211501549E-002
   11.920000000000000       0.44251612394734002        2.5374576154536685E-002
   11.940000000000000       0.44200723369693329        2.3559808310765283E-002
   11.960000000000001       0.44210414554101657        2.0720161955743402E-002
   11.980000000000000       0.44163843865344998        1.8871100683040952E-002
   12.000000000000000       0.44173909118859039        1.5974175869765780E-002
   12.020000000000000       0.44131754169186949        1.4104538338010959E-002
   12.040000000000001       0.44142166755747780        1.1167337536270635E-002
   12.060000000000000       0.44104506774698332        9.2908756024961715E-003
   12.080000000000000       0.44115227413076780        6.3304727883317204E-003
   12.100000000000000       0.44082123337235901        4.4608814906532930E-003
   12.120000000000001       0.44093100353505826        1.4943205608953800E-003
   12.140000000000001       0.44064594806655499       -3.5485230713695314E-004
   12.160000000000000       0.44075764378226390       -3.3106579766935930E-003
   12.180000000000000       0.44051881750166760       -5.1261006452918171E-003
   12.200000000000001       0.44063168239498218       -8.0544669050430888E-003
   12.220000000000001       0.44043914861800443       -9.8231902096001314E-003
   12.240000000000000       0.44055231237358500       -1.2707758527385588E-002
   12.260000000000000       0.44040595653742126       -1.4417179758801087E-002
   12.280000000000001       0.44051843995213180       -1.7242010739167399E-002
   12.300000000000001       0.44041797323698129       -1.8880034250943409E-002
   12.320000000000000       0.44052869407954032       -2.1629697746670021E-002
   12.340000000000000       0.44047365791416238       -2.3184791830832510E-002
   12.359999999999999       0.44058143755226625       -2.5844453136345716E-002
   12.380000000000001       0.44057120896491042       -2.7305722707283143E-002
   12.400000000000000       0.44067477971509472       -2.9861224351816023E-002
   12.420000000000000       0.44070857748647363       -3.1218479006816645E-002
   12.440000000000000       0.44080659063758976       -3.3656417696066983E-002
   12.460000000000001       0.44088348220820706       -3.4900234753480176E-002
   12.480000000000000       0.44097451666533261       -3.7208033041868913E-002
   12.500000000000000       0.44109342574545940       -3.8329815192197282E-002
   12.520000000000000       0.44117599723735978       -4.0495787503416293E-002
   12.540000000000001       0.44133571206429023       -4.1487814745037779E-002
   12.560000000000000       0.44140828285422185       -4.3501227396165937E-002
   12.580000000000000       0.44160746503815701       -4.4356702965550748E-002
   12.600000000000000       0.44166845407487043       -4.6207827889369717E-002
   12.620000000000001       0.44190564797189180       -4.6920917935349533E-002
   12.640000000000001       0.44195344141517262       -4.8601079836355233E-002
   12.660000000000000       0.44222708396328925       -4.9166946628966902E-002
   12.680000000000000       0.44226004601627616       -5.0668563350691392E-002
   12.700000000000001       0.44256847696847607       -5.1083391857094852E-002
   12.720000000000001       0.44258496094733346       -5.2400007781463295E-002
   12.740000000000000       0.44292643343394589       -5.2661025484158276E-002
   12.760000000000000       0.44292479300424636       -5.3787337827439351E-002
   12.780000000000001       0.44329748435573757       -5.3892827703210279E-002
   12.800000000000001       0.44327608486413744       -5.4824705617405323E-002
   12.820000000000000       0.44367810762471888       -5.4774012238839570E-002
   12.840000000000000       0.44363533745418421       -5.5508508671825281E-002
   12.859999999999999       0.44406475051631145       -5.5302037436607700E-002
   12.880000000000001       0.44399903239327643       -5.5837393748728113E-002
   12.900000000000000       0.44445385218325695       -5.5476603284947842E-002
   12.920000000000000       0.44436365436566588       -5.5812246663775274E-002
   12.940000000000000       0.44484186601116804       -5.5299634501925529E-002
   12.960000000000001       0.44472571328735855       -5.5436168260312280E-002
   12.980000000000000       0.44522528169861780       -5.4775249904262059E-002
   13.000000000000000       0.44508176612843925       -5.4714436789325215E-002
   13.020000000000000       0.44560064692637746       -5.3909718359041785E-002
   13.040000000000001       0.44542843825779199       -5.3654457041109938E-002
   13.060000000000000       0.44596458848409037       -5.2711401699069113E-002
   13.080000000000000       0.44576244418075955       -5.2265696649627949E-002
   13.100000000000000       0.44631383272713970       -5.1190685060431944E-002
   13.120000000000001       0.44608060754514167       -5.0559610066500990E-002
   13.140000000000001       0.44664522524169470       -4.9359895175008377E-002
   13.160000000000000       0.44637988029652337       -4.8549550773941186E-002
   13.180000000000000       0.44695574960186296       -4.7233207220989906E-002
   13.200000000000001       0.44665736087021402       -4.6250672374204271E-002
   13.220000000000001       0.44724254510949513       -4.4826540900581066E-002
   13.240000000000000       0.44691031131401576       -4.3679819256998577E-002
   13.260000000000000       0.44750292341443104       -4.2157446475494749E-002
   13.280000000000001       0.44713617324358035       -4.0855407605319416E-002
   13.300000000000001       0.44773438392079662       -3.9244981547348762E-002
   13.320000000000000       0.44733258254019936       -3.7797297554078207E-002
   13.340000000000000       0.44793462789329863       -3.6109579421270126E-002
   13.359999999999999       0.44749738270945366       -3.4526657364362758E-002
   13.380000000000001       0.44810157118626914       -3.2772909936651495E-002
   13.400000000000000       0.44762863682816056       -3.1065820518940634E-002
   13.420000000000000       0.44823335552741739       -2.9257733688838876E-002
   13.440000000000000       0.44772463801644369       -2.7438136681479545E-002
   13.460000000000001       0.44832835829779810       -2.5587750599358541E-002
   13.480000000000000       0.44778391838144910       -2.3667817492724286E-002
   13.500000000000000       0.44838520075933513       -2.1787443819950392E-002
   13.520000000000000       0.44780525638917767       -1.9779778201395135E-002
   13.540000000000001       0.44840275469128599       -1.7881919977040833E-002
   13.560000000000000       0.44778768263103252       -1.5799476145753711E-002
   13.580000000000000       0.44838014740723248       -1.3896746778276773E-002
   13.600000000000000       0.44773048396193177       -1.1752747113555687E-002
   13.620000000000001       0.44831676513446772       -9.8577890113097904E-003
   13.640000000000001       0.44763320599713935       -7.6656406134517326E-003
   13.660000000000000       0.44821225474796117       -5.7910439671622358E-003
   13.680000000000000       0.44749565396526436       -3.5642550898249969E-003
   13.700000000000001       0.44806652386135148       -1.7224773162607780E-003
   13.720000000000001       0.44731789192510080        5.2542589437908419E-004
   13.740000000000000       0.44787973928758373        2.3221395453372545E-003
   13.760000000000000       0.44710024036407087        4.5776954959725310E-003
   13.780000000000001       0.44765232389181092        6.3173896787607634E-003
   13.800000000000001       0.44684327220592929        8.5672824599672456E-003
   13.820000000000000       0.44738495186895699        1.0238367336233588E-002
   13.840000000000000       0.44654780726502813        1.2469506052909939E-002
   13.859999999999999       0.44707854248783874        1.4060830296801960E-002
   13.880000000000001       0.44621490519377605        1.6260426127438558E-002
   13.900000000000000       0.44673425235290382        1.7761346888932009E-002
   13.920000000000000       0.44584585697889523        1.9916987421474609E-002
   13.940000000000000       0.44635346624341743        2.1317436824746929E-002
   13.960000000000001       0.44544217505063632        2.3417157237809343E-002
   13.980000000000000       0.44593778659826483        2.4707705015502606E-002
   14.000000000000000       0.44500558207720603        2.6740055697145972E-002
   14.020000000000000       0.44548902172238813        2.7911967587529160E-002
   14.040000000000001       0.44453799852424997        2.9866077809599354E-002
   14.060000000000000       0.44500917279819902        3.0911369371955294E-002
   14.080000000000000       0.44404152906627226        3.2777006665877989E-002
   14.100000000000000       0.44450041979206445        3.3688492199719922E-002
   14.120000000000001       0.44351844794332740        3.5456117109506149E-002
   14.140000000000001       0.44396510635211489        3.6227453395276027E-002
   14.160000000000000       0.44297118336215097        3.7888269315091296E-002
   14.180000000000000       0.44340572379914012        3.8513993927599979E-002
   14.200000000000001       0.44240230104607947        4.0059991764389048E-002
   14.220000000000001       0.44282489431719002        4.0535555745213385E-002
   14.240000000000000       0.44181448704261250        4.1959553181335235E-002
   14.260000000000000       0.44222535345466041        4.2281347892466591E-002
   14.280000000000001       0.44121052990127740        4.3577023058857599E-002
   14.300000000000001       0.44160993205009930        4.3742401076873612E-002
   14.320000000000000       0.44059330233754329        4.4904320483694339E-002
   14.340000000000000       0.44098153769969733        4.4911610431368869E-002
   14.359999999999999       0.43996574250088871        4.5935251040169878E-002
   14.380000000000001       0.44034313588542084        4.5783766290510376E-002
   14.400000000000000       0.43933083496674358        4.6665531649441670E-002
   14.420000000000000       0.43969773088399516        4.6355572875412622E-002
   14.440000000000000       0.43869159157289567        4.7092803276665214E-002
   14.460000000000001       0.43904834657744884        4.6625654858084051E-002
   14.480000000000000       0.43805103222107722        4.7216631514356552E-002
   14.500000000000000       0.43839800728568790        4.6594551851399747E-002
   14.520000000000000       0.43741216576382719        4.7038495125495731E-002
   14.540000000000001       0.43774971874058838        4.6264700945694827E-002
   14.560000000000000       0.43677797109537275        4.6561762704148933E-002
   14.580000000000000       0.43710644931938480        4.5640407486461032E-002
   14.600000000000000       0.43615137856319713        4.5791657684139148E-002
   14.620000000000001       0.43647111165270802        4.4727804359420996E-002
   14.640000000000001       0.43553525181417979        4.4735211997124234E-002
   14.660000000000000       0.43584654471950529        4.3534800118907535E-002
   14.680000000000000       0.43493237018572900        4.3401208749920275E-002
   14.700000000000001       0.43523549653728233        4.2071016362571011E-002
   14.720000000000001       0.43434541174820090        4.1800114356627824E-002
   14.740000000000000       0.43464060755166722        4.0347714819575990E-002
   14.760000000000000       0.43377693710014076        3.9944000623688872E-002
   14.780000000000001       0.43406439482424064        3.8377714680250252E-002
   14.800000000000001       0.43322937401252692        3.7846457345055026E-002
   14.820000000000000       0.43350923711194089        3.6175300752258076E-002
   14.840000000000000       0.43270500301227782        3.5522496019838451E-002
   14.859999999999999       0.43297736092517169        3.3756123081455522E-002
   14.880000000000001       0.43220594398884044        3.2988445355829316E-002
   14.900000000000000       0.43247082764505745        3.1137088724343835E-002
   14.920000000000000       0.43173414390075471        3.0261839268807149E-002
   14.940000000000000       0.43199152177314992        2.8336246403194581E-002
   14.960000000000001       0.43129136565172876        2.7361298129389290E-002
   14.980000000000000       0.43154114037933516        2.5372664814232063E-002
   15.000000000000000       0.43087917819801291        2.4306404046019529E-002
   15.020000000000000       0.43112118380577286        2.2266305393514148E-002
   15.040000000000001       0.43049894794077437        2.1117571004408347E-002
   15.060000000000000       0.43073294767647075        1.9037890374172455E-002
   15.080000000000000       0.43015183144880376        1.7815910710131184E-002
   15.100000000000000       0.43037751625360665        1.5708766992312981E-002
   15.120000000000001       0.42983876954828049        1.4423095002045284E-002
   15.140000000000001       0.43005575717301775        1.2300768717028442E-002
   15.160000000000000       0.42956048280754283        1.0961215719606184E-002
   15.180000000000000       0.42976831758243111        8.8360743925589829E-003
   15.200000000000001       0.42931746843590490        7.4526429169943604E-003
   15.220000000000001       0.42951562169707197        5.3370661876189478E-003
   15.240000000000000       0.42910999860659421        3.9198823211785017E-003
   15.260000000000000       0.42929786977830980        1.8261872482792010E-003
   15.280000000000001       0.42893812020490441        3.8543292965684652E-004
   15.300000000000001       0.42911503853204547       -1.6742000534126986E-003
   15.320000000000000       0.42880165599372738       -3.1283543633206542E-003
   15.340000000000000       0.42896688291466040       -5.1419543926139594E-003
   15.359999999999999       0.42870020717979962       -6.5994162356581678E-003
   15.380000000000001       0.42885293932559665       -8.5552934193477981E-003
   15.400000000000000       0.42863315735532670       -1.0006113642826745E-002
   15.420000000000000       0.42877253015706857       -1.1892928493747588E-002
   15.440000000000000       0.42859967778118996       -1.3327364924145577E-002
   15.460000000000001       0.42872476966307654       -1.5134195407536449E-002
   15.480000000000000       0.42859873396974246       -1.6542774502311258E-002
   15.500000000000000       0.42870857110185118       -1.8259180300876508E-002
   15.520000000000000       0.42862909351731754       -1.9632756401401306E-002
   15.540000000000001       0.42872265509815100       -2.1248840018915138E-002
   15.560000000000000       0.42868933512905066       -2.2578651846018837E-002
   15.580000000000000       0.42876555916451647       -2.4085116192011605E-002
   15.600000000000000       0.42877785877149971       -2.5362840246018988E-002
   15.620000000000001       0.42883564831369003       -2.6751042367473103E-002
   15.640000000000001       0.42889289688188209       -2.7968842917078185E-002
   15.660000000000000       0.42893112668798844       -2.9230843568366589E-002
   15.680000000000000       0.42903252655656882       -3.0381418936926412E-002
   15.700000000000001       0.42905005012549824       -3.1510027706282612E-002
   15.720000000000001       0.42919468263582294       -3.2586652590030254E-002
   15.740000000000000       0.42919033957758895       -3.3575468329470559E-002
   15.760000000000000       0.42937717159667460       -3.4572031909542736E-002
   15.780000000000001       0.42934979528743872       -3.5415478245184193E-002
   15.800000000000001       0.42957768616131703       -3.6326517884059439E-002
   15.820000000000000       0.42952611163506271       -3.7019873614999817E-002
   15.840000000000000       0.42979382052451065       -3.7840603957759955E-002
   15.860000000000001       0.42971689255075668       -3.8380028183911098E-002
   15.880000000000001       0.43002308610022000       -3.9106365515477720E-002
   15.900000000000000       0.42991966739592924       -3.9488917367768071E-002
   15.920000000000000       0.43026292768509394       -4.0117499108728492E-002
   15.940000000000000       0.43013190720801564       -4.0341151988707753E-002
   15.960000000000001       0.43051073993444910       -4.0869351244329860E-002
   15.980000000000000       0.43035104120455137       -4.0933001514209533E-002
   16.000000000000000       0.43076388404513655       -4.1358936623547525E-002
   16.020000000000000       0.43057447344054234       -4.1262406721885143E-002
   16.039999999999999       0.43101970453906563       -4.1584945786293702E-002
   16.059999999999999       0.43079959951300245       -4.1328981778665057E-002
   16.080000000000002       0.43127554604122820       -4.1547742181363138E-002
   16.100000000000001       0.43102382320693367       -4.1134005789256675E-002
   16.120000000000001       0.43152876994680411       -4.1249348749610885E-002
   16.140000000000001       0.43124457297809526       -4.0680403934215029E-002
   16.160000000000000       0.43177677087332716       -4.0693424171945887E-002
   16.180000000000000       0.43145931816963251       -3.9972718382280288E-002
   16.199999999999999       0.43201699279593569       -3.9885228997636989E-002
   16.219999999999999       0.43166558486199691       -3.9017069224404642E-002
   16.240000000000002       0.43224694476640591       -3.8831581930313996E-002
   16.260000000000002       0.43186097125857192       -3.7821105737731661E-002
   16.280000000000001       0.43246421611994823       -3.7540806608820851E-002
   16.300000000000001       0.43204316251299407       -3.6393948346335574E-002
   16.320000000000000       0.43266649107761118       -3.6022669277379689E-002
   16.340000000000000       0.43220994490830417       -3.4746121701424389E-002
   16.359999999999999       0.43285156265655528       -3.4288307794010847E-002
   16.379999999999999       0.43235921930274523       -3.2889479356625749E-002
   16.399999999999999       0.43301734580539952       -3.2350152477501150E-002
   16.420000000000002       0.43248901376221149       -3.0837120563595322E-002
   16.440000000000001       0.43316188968726849       -3.0221839341118946E-002
   16.460000000000001       0.43259749530500535       -2.8603299759223662E-002
   16.480000000000000       0.43328338903904257       -2.7918116305461226E-002
   16.500000000000000       0.43268298069064182       -2.6203329357903111E-002
   16.520000000000000       0.43338019454159521       -2.5454743023031752E-002
   16.539999999999999       0.43274394619090784       -2.3653476500411049E-002
   16.559999999999999       0.43345082214244735       -2.2848384983163047E-002
   16.580000000000002       0.43277903628819436       -2.0970854444756482E-002
   16.600000000000001       0.43349396127923595       -2.0116502597509883E-002
   16.620000000000001       0.43278707125322641       -1.8173309313639176E-002
   16.640000000000001       0.43350848195963293       -1.7277235993387544E-002
   16.660000000000000       0.43276705356167294       -1.5279302937828670E-002
   16.680000000000000       0.43349344066081719       -1.4349286264564196E-002
   16.699999999999999       0.43271817311667804       -1.2307792554659844E-002
   16.719999999999999       0.43344808501924531       -1.1351793946633191E-002
   16.740000000000002       0.43263981125206563       -9.2781081358672690E-003
   16.760000000000002       0.43337185728923816       -8.3042154967090977E-003
   16.780000000000001       0.43253154349878520       -6.2098281290794543E-003
   16.800000000000001       0.43326439655675164       -5.2261985648626476E-003
   16.820000000000000       0.43239314110503507       -3.1226544024336969E-003
   16.840000000000000       0.43312553970257861       -2.1374568474178887E-003
   16.859999999999999       0.43222457130837333       -3.6287181951620302E-005
   16.879999999999999       0.43295532111709012        9.4235469000598015E-004
   16.899999999999999       0.43202599636595623        3.0296992334357159E-003
   16.920000000000002       0.43275397117641518        3.9937634389707703E-003
   16.940000000000001       0.43179777135678060        6.0559792039459291E-003
   16.960000000000001       0.43252191349763552        6.9976008554503803E-003
   16.980000000000000       0.43154044077740578        9.0235961672217001E-003
   17.000000000000000       0.43225976099808483        9.9351214957529004E-003
   17.020000000000000       0.43125473396004305        1.1914080001024591E-002
   17.039999999999999       0.43196831079115028        1.2788118650361146E-002
   17.059999999999999       0.43094155934908551        1.4709560612124493E-002
   17.080000000000002       0.43164853795803015        1.5539035870642129E-002
   17.100000000000001       0.43060199767906315        1.7392877061083362E-002
   17.120000000000001       0.43130158824166698        1.8171073713344445E-002
   17.140000000000001       0.43023729410360967        1.9947681564694269E-002
   17.160000000000000       0.43092876971550953        2.0668291061804928E-002
   17.180000000000000       0.42984884933127848        2.2358537753817753E-002
   17.199999999999999       0.43053154348582406        2.3015700420587155E-002
   17.219999999999999       0.42943820982990999        2.4611012604010496E-002
   17.240000000000002       0.43011151349193805        2.5199356621617812E-002
   17.260000000000002       0.42900705716669962        2.6691761499399183E-002
   17.280000000000001       0.42967041547403007        2.7206438424494994E-002
   17.300000000000001       0.42855719655611202        2.8588605936428105E-002
   17.320000000000000       0.42921010518284558        2.9025322541220065E-002
   17.340000000000000       0.42809054469230734        3.0290603423098316E-002
   17.359999999999999       0.42873254590999482        3.0645649665838777E-002
   17.379999999999999       0.42760911694676335        3.1788109180798649E-002
   17.400000000000002       0.42823979542125373        3.2058382142041569E-002
   17.420000000000002       0.42711501401527169        3.3072829309471009E-002
   17.440000000000001       0.42773399237852011        3.3255852956327048E-002
   17.460000000000001       0.42661040810144035        3.4137865132308445E-002
   17.480000000000000       0.42721734233875946        3.4231805800526600E-002
   17.500000000000000       0.42609752872623080        3.4977748493099689E-002
   17.520000000000000       0.42669210342039537        3.4981426004963269E-002
   17.539999999999999       0.42557864825488612        3.5588467837345830E-002
   17.559999999999999       0.42616057172914618        3.5501362201908970E-002
   17.580000000000002       0.42505606723385869        3.5967484967016045E-002
   17.600000000000001       0.42562506663627775        3.5789738637942554E-002
   17.620000000000001       0.42453209963101629        3.6113742417909607E-002
   17.640000000000001       0.42508791600262813        3.5846158112925963E-002
   17.660000000000000       0.42400905807249301        3.6027661467680348E-002
   17.680000000000000       0.42455144144156498        3.5671695582237060E-002
   17.699999999999999       0.42348923916905834        3.5711130841287506E-002
   17.719999999999999       0.42401794371326157        3.5268882517258349E-002
   17.740000000000002       0.42297490902381135        3.5167486238599589E-002
   17.760000000000002       0.42348968834133477        3.4641682176558844E-002
   17.780000000000001       0.42246828901137251        3.4401480865736002E-002
   17.800000000000001       0.42296889154098366        3.3795455996367393E-002
   17.820000000000000       0.42197154191655994        3.3419247207135398E-002
   17.840000000000000       0.42245770654531939        3.2736921363474877E-002
   17.859999999999999       0.42148675851781375        3.2228250328950450E-002
   17.879999999999999       0.42195821041359843        3.1474101086287155E-002
   17.900000000000002       0.42101594469738951        3.0837233055859881E-002
   17.920000000000002       0.42147239140158893        3.0016264930061088E-002
   17.940000000000001       0.42056100915660516        2.9256153412449047E-002
   17.960000000000001       0.42100213697033023        2.8373863630089740E-002
   17.980000000000000       0.42012375181021683        2.7496114766645218E-002
   18.000000000000000       0.42054922250512122        2.6558455841474364E-002
   18.020000000000000       0.41970585292934809        2.5569289156027949E-002
   18.039999999999999       0.42011530081172133        2.4582628525864365E-002
   18.059999999999999       0.41930886309733473        2.3488834317912738E-002
   18.080000000000002       0.41970189245149842        2.2459911313917676E-002
   18.100000000000001       0.41893419403740506        2.1268804980694569E-002
   18.120000000000001       0.41931037697165008        2.0204685417010745E-002
   18.140000000000001       0.41858311036533186        1.8924059006826824E-002
   18.160000000000000       0.41894198508068958        1.7832087692711881E-002
   18.180000000000000       0.41825672231410133        1.6470159006814825E-002
   18.199999999999999       0.41859779181316814        1.5357910495550764E-002
   18.219999999999999       0.41795597947128843        1.3923270068562263E-002
   18.240000000000002       0.41827871072113948        1.2798497967523987E-002
   18.260000000000002       0.41768166556324676        1.1300054267189268E-002
   18.280000000000001       0.41798548912320127        1.0170639441450852E-002
   18.300000000000001       0.41743439431345603        8.6175626369364763E-003
   18.320000000000000       0.41771870443511661        7.4914606446428722E-003
   18.340000000000000       0.41721460639546670        5.8931252989013706E-003
   18.359999999999999       0.41747876159906899        4.7783134003090127E-003
   18.379999999999999       0.41702256749388189        3.1442404460701192E-003
   18.400000000000002       0.41726589162158056        2.0486645296496045E-003
   18.420000000000002       0.41685836747976529        3.8846289038719757E-004
   18.440000000000001       0.41708015122307140       -6.8001534131446927E-004
   18.460000000000001       0.41672192069980768       -2.3567071245491865E-003
   18.480000000000000       0.41692142359500128       -3.3903623694557156E-003
   18.500000000000000       0.41661296737156545       -5.0739341471330596E-003
   18.520000000000000       0.41678942025355936       -6.0652287837734938E-003
   18.539999999999999       0.41653107607014883       -7.7461560896018829E-003
   18.559999999999999       0.41668368397199529       -8.6877901951215256E-003
   18.580000000000002       0.41647564728492709       -1.0356690474108768E-002
   18.600000000000001       0.41660359276696080       -1.1241650261603299E-002
   18.620000000000001       0.41644591801817676       -1.2889337697326786E-002
   18.640000000000001       0.41654836490769614       -1.3710942065085174E-002
   18.660000000000000       0.41644096739116815       -1.5328480680197945E-002
   18.680000000000000       0.41651706491059010       -1.6080425578480658E-002
   18.699999999999999       0.41645972321700325       -1.7659180295586240E-002
   18.719999999999999       0.41650861047560644       -1.8335580631418057E-002
   18.740000000000002       0.41650096949362597       -1.9867265996402303E-002
   18.760000000000002       0.41652178031534071       -2.0462694813422957E-002
   18.780000000000001       0.41656335476485612       -2.1939421100031192E-002
   18.800000000000001       0.41655522282208185       -2.2448945788610862E-002
   18.820000000000000       0.41664540129208810       -2.3863262221388952E-002
   18.840000000000000       0.41660746551323963       -2.4282477533858742E-002
   18.859999999999999       0.41674551497447487       -2.5627412386413213E-002
   18.879999999999999       0.41667692519088878       -2.5952470053253889E-002
   18.900000000000002       0.41686199595101475       -2.7221567399996590E-002
   18.920000000000002       0.41676191874700202       -2.7449202165034686E-002
   18.940000000000001       0.41699304981400209       -2.8636555087021606E-002
   18.960000000000001       0.41686067454222359       -2.8764107002956514E-002
   18.980000000000000       0.41713679935981213       -2.9864387071961283E-002
   19.000000000000000       0.41697134428278954       -2.9889819921739506E-002
   19.020000000000000       0.41729129679998961       -3.0898302811167285E-002
   19.039999999999999       0.41709201531745410       -3.0820218545675255E-002
   19.059999999999999       0.41745453635311230       -3.1732805642164311E-002
   19.080000000000002       0.41722072327404552       -3.1550454750269144E-002
   19.100000000000001       0.41762446713592127       -3.2363690665683995E-002
   19.120000000000001       0.41735546495355957       -3.2076978418649302E-002
   19.140000000000001       0.41779900627075822       -3.2788064328476349E-002
   19.160000000000000       0.41749421139851833       -3.2397552867052405E-002
   19.180000000000000       0.41797605212543232       -3.3004355627800019E-002
   19.199999999999999       0.41763492105167377       -3.2511261886667787E-002
   19.219999999999999       0.41815349760125858       -3.3012318911580664E-002
   19.240000000000002       0.41777555292102619       -3.2418508402150832E-002
   19.260000000000002       0.41832924338516647       -3.2813028301205666E-002
   19.280000000000001       0.41791407966755284       -3.2121004799871310E-002
   19.300000000000001       0.41850121108246541       -3.2408863816461922E-002
   19.320000000000000       0.41804850053299447       -3.1621755031112822E-002
   19.340000000000000       0.41866735614806894       -3.1803489333893660E-002
   19.359999999999999       0.41817685402652233       -3.0925028646661183E-002
   19.379999999999999       0.41882568053570624       -3.1001822560538201E-002
   19.400000000000002       0.41829723029108629       -3.0036326969195185E-002
   19.420000000000002       0.41897424498687880       -3.0009997254276444E-002
   19.440000000000001       0.41840778307271814       -2.8962341658315155E-002
   19.460000000000001       0.41911118088403032       -2.8835317969608632E-002
   19.480000000000000       0.41850674121900633       -2.7710905969615854E-002
   19.500000000000000       0.41923470159557163       -2.7486207653244235E-002
   19.520000000000000       0.41859241963635407       -2.6290939053647294E-002
   19.539999999999999       0.41934311324401452       -2.5972148457200986E-002
   19.559999999999999       0.41866322963945291       -2.4712383682641000E-002
   19.580000000000002       0.41943482483249511       -2.4303616177881199E-002
   19.600000000000001       0.41871768863062292       -2.2986137832257791E-002
   19.620000000000001       0.41950835766937744       -2.2492008767589881E-002
   19.640000000000001       0.41875442905126098       -2.1123980582102051E-002
   19.660000000000000       0.41956235403539438       -2.0549569399953921E-002
   19.680000000000000       0.41877220655256431       -1.9138492832131881E-002
   19.699999999999999       0.41959558504286959       -1.8489304602490070E-002
   19.719999999999999       0.41876990733792929       -1.7042973362180393E-002
   19.740000000000002       0.41960695764193995       -1.6324897997968088E-002
   19.760000000000002       0.41874655463492499       -1.4851350788418550E-002
   19.780000000000001       0.41959552073432382       -1.4070620221063302E-002
   19.800000000000001       0.41870131426047491       -1.2578091993584986E-002
   19.820000000000000       0.41956047036102162       -1.1741235597952083E-002
   19.840000000000000       0.41863349924880866       -1.0238107627057406E-002
   19.859999999999999       0.41950115393635251       -9.3519061938607539E-003
   19.879999999999999       0.41854257351783014       -7.8466552862422011E-003
   19.900000000000002       0.41941707350688473       -6.9180938470438744E-003
   19.920000000000002       0.41842815455574933       -5.4192410022369719E-003
   19.940000000000001       0.41930788802006980       -4.4554608171776125E-003
   19.960000000000001       0.41829001511610547       -2.9715196602233575E-003
   19.980000000000000       0.41917341459369939       -1.9797696816689224E-003
   20.000000000000000       0.41812808391562484       -5.1919498854847718E-004
