   2.0000000000000000E-002   1.0000000000000000        2.0000000000000000E-002
   4.0000000000000001E-002  0.99900000000000011        4.0000000000000001E-002
   5.9999999999999998E-002  0.99800040992000016        7.9983603200000003E-002
   8.0000000000000002E-002  0.99600278015936006       0.11990161922560000     
  0.10000000000000001       0.99400843352083290       0.15968851508273724     
  0.12000000000000000       0.99101868842064123       0.19941006588587340     
  0.14000000000000001       0.98803613482285424       0.23886985819511036     
  0.16000000000000000       0.98406345823590680       0.27826484158701170     
  0.17999999999999999       0.98010248741926376       0.31726838904432242     
  0.20000000000000001       0.97515928757721215       0.35620800848985290     
  0.22000000000000000       0.97023288976475719       0.39462795018149843     
  0.23999999999999999       0.96433475087574860       0.43298523859775551     
  0.26000000000000001       0.95845906398602099       0.47069651159838033     
  0.28000000000000003       0.95162468479542073       0.50834684672242725     
  0.29999999999999999       0.94481892878518281       0.54522719340385584     
  0.32000000000000001       0.93707004839609787       0.58204880234425904     
  0.34000000000000002       0.92935644705406195       0.61797926505513301     
  0.35999999999999999       0.92071775836614078       0.65385371570511419     
  0.38000000000000000       0.91212144893888192       0.68871911655259010     
  0.40000000000000002       0.90262050012281081       0.72353179361832587     
  0.41999999999999998       0.89316943121117065       0.75722119716614167     
  0.44000000000000000       0.88283651569204824       0.79086176065118663     
  0.46000000000000002       0.87256133391016277       0.82326891744259134     
  0.47999999999999998       0.86142936938519199       0.85563174152759847     
  0.50000000000000000       0.85036329532453359       0.88665551044593860     
  0.52000000000000002       0.83846769238896834       0.91764010081078939     
  0.54000000000000004       0.82664638647625743       0.94718484840392403     
  0.56000000000000005       0.81402490747609646       0.97669623615599666     
  0.57999999999999996       0.80148632635645800        1.0046722111721276     
  0.59999999999999998       0.78817893512685944        1.0326213216686597     
  0.62000000000000000       0.77496317924207592        1.0589450031795493     
  0.64000000000000001       0.76101188242681295        1.0852489981628384     
  0.66000000000000003       0.74716103549292145        1.1098434157847421     
  0.68000000000000005       0.73260971617239989        1.1344260073852528     
  0.70000000000000007       0.71816767729121156        1.1572210322472198     
  0.71999999999999997       0.70306192167466208        1.1800127675505747     
  0.73999999999999999       0.68807423084010189        1.2009453728031783     
  0.76000000000000001       0.67246114880162511        1.2218838878215958     
  0.78000000000000003       0.65697480658419238        1.2408983776257883     
  0.80000000000000004       0.64090284684248455        1.2599286196620016     
  0.82000000000000006       0.62496612905373783        1.2769768257469110     
  0.83999999999999997       0.60848488981168991        1.2940512432882132     
  0.85999999999999999       0.59214715796560158        1.3090926883176326     
  0.88000000000000000       0.57530719383869466        1.3241713877488308     
  0.90000000000000002       0.55861870223814569        1.3371734148883319     
  0.92000000000000004       0.54147132830981237        1.3502242834644891     
  0.94000000000000006       0.52448302859454454        1.3611621516940040     
  0.95999999999999996       0.50708012244257350        1.3721609463664461     
  0.97999999999999998       0.48984346643972770        1.3810178912364022     
   1.0000000000000000       0.47223726898049417        1.3899482930781606     
   1.0200000000000000       0.45480401070055460        1.3967155527604351     
   1.0400000000000000       0.43704692669747880        1.4035691868897409     
   1.0600000000000001       0.41946892431711208        1.4082459935275240     
   1.0800000000000001       0.40161332339637740        1.4130224145798551     
   1.1000000000000001       0.38394234206538358        1.4156159510926591     
   1.1200000000000001       0.36604036107565258        1.4183225944428892     
   1.1400000000000001       0.34832787737807513        1.4188479170941495     
   1.1599999999999999       0.33043122492177002        1.4195000161802664     
   1.1799999999999999       0.31272823381117110        1.4179799433649463     
   1.2000000000000000       0.29488799776285202        1.4166004136133110     
   1.2200000000000000       0.27724482277884416        1.4130653814713310     
   1.2400000000000000       0.25951128159131465        1.4096846714702020     
   1.2600000000000000       0.24197738914862754        1.4041725570780121     
   1.2800000000000000       0.22439982772959977        1.3988284677907024     
   1.3000000000000000       0.20702364625221137        1.3913843808274857     
   1.3200000000000001       0.18965017717362831        1.3841218537786193     
   1.3400000000000001       0.17247892182475152        1.3747978977049957     
   1.3600000000000001       0.15535631260314289        1.3656687732124040     
   1.3800000000000001       0.13843581633707816        1.3545237771375445     
   1.4000000000000001       0.12160932349657046        1.3435865237978240     
   1.4199999999999999       0.10498387513055771        1.3306857463449859     
   1.4399999999999999        8.8497085730322403E-002   1.3180051631120180     
   1.4600000000000000        7.2209275703513126E-002   1.3034199697219868     
   1.4800000000000000        5.6103956978490778E-002   1.2890668620440908     
   1.5000000000000000        4.0194531430989097E-002   1.2728743772801305     
   1.5200000000000000        2.4510489158663773E-002   1.2569252088822500     
   1.5400000000000000        9.0182129262593169E-003   1.2392079454181291     
   1.5600000000000001       -6.2068409069036337E-003   1.2217444674297353     
   1.5800000000000001       -2.1245311827134475E-002   1.2025899335133803     
   1.6000000000000001       -3.5975881528176920E-002   1.1836987927498059     
   1.6200000000000001       -5.0526117529715878E-002   1.1631990800382845     
   1.6400000000000001       -6.4729035884342617E-002   1.1429714083421245     
   1.6600000000000001       -7.8758940855256226E-002   1.1212227620981372     
   1.6799999999999999       -9.2403470557360354E-002   1.0997537487373512     
   1.7000000000000000      -0.10588337812043461        1.0768561224623541     
   1.7200000000000000      -0.11894130205828526        1.0542445716619646     
   1.7400000000000000      -0.13184406058294762        1.0303011683156864     
   1.7600000000000000      -0.14428976064732407        1.0066490440697349     
   1.7800000000000000      -0.15659080672309644       0.98176584608942641     
   1.8000000000000000      -0.16840133085777365       0.95717780645842332     
   1.8200000000000001      -0.18007875097507958       0.93146309684304074     
   1.8400000000000001      -0.19123386824700769       0.90604601998893397     
   1.8600000000000001      -0.20226844848891670       0.87960989675304435     
   1.8800000000000001      -0.21275069201384228       0.85347240099820876     
   1.9000000000000001      -0.22312595562140350       0.82642628732726242     
   1.9199999999999999      -0.23292065324016994       0.79967824754580852     
   1.9399999999999999      -0.24262288597396761       0.77213439999822797     
   1.9600000000000000      -0.25171817863490215       0.74488646265677161     
   1.9800000000000000      -0.26073644191593520       0.71695747975886814     
   2.0000000000000000      -0.26912328977915445       0.68932057891966714     
   2.0200000000000000      -0.27744942165266823       0.66111891248666743     
   2.0400000000000000      -0.28512159799238163       0.63320378906873331     
   2.0600000000000001      -0.29275020201842011       0.60484126055926513     
   2.0800000000000001      -0.29970427505894431       0.57675798712284265     
   2.1000000000000001      -0.30663269729270998       0.54834531129532837     
   2.1200000000000001      -0.31286800017250144       0.52020282457228895     
   2.1400000000000001      -0.31909629445567816       0.49184914266018631     
   2.1600000000000001      -0.32461488357083035       0.46375478599781472     
   2.1800000000000002      -0.33014576541143642       0.43556721055701680     
   2.2000000000000002      -0.33495236744538076       0.40762628837590847     
   2.2200000000000002      -0.33979115681808802       0.37970946188246513     
   2.2400000000000002      -0.34389310481732166       0.35202480817142318     
   2.2600000000000002      -0.34804765826815082       0.32448047736177088     
   2.2800000000000002      -0.35145481717435445       0.29715204014441327     
   2.3000000000000003      -0.35493544966291984       0.27007864799427173     
   2.3199999999999998      -0.35766013175953620       0.24320309160431453     
   2.3399999999999999      -0.36047952871828465       0.21669538873716329     
   2.3599999999999999      -0.36253639949424293       0.19036571563287591     
   2.3799999999999999      -0.36470951962717596       0.16451439283534330     
   2.3999999999999999      -0.36611549460176135       0.13881958656934573     
   2.4199999999999999      -0.36765946398475186       0.11371092996983120     
   2.4399999999999999      -0.36843359707545698        8.8735620809115887E-002
   2.4600000000000000      -0.36936759515631490        6.4451191148442943E-002
   2.4800000000000000      -0.36953095920574214        4.0275345712146318E-002
   2.5000000000000000      -0.36987609733454008        1.6891683001916055E-002
   2.5200000000000000      -0.36945165744295511       -6.4096808481796663E-003
   2.5400000000000000      -0.36923085059171151       -2.8821326121701095E-002
   2.5600000000000001      -0.36824333092862349       -5.1178398039829057E-002
   2.5800000000000001      -0.36748116328422215       -7.2552306150139773E-002
   2.6000000000000001      -0.36595690807535503       -9.3900714756641121E-002
   2.6200000000000001      -0.36467949321053950      -0.11417690953830499     
   2.6400000000000001      -0.36264632261576601      -0.13445792574651250     
   2.6600000000000001      -0.36088115896020201      -0.15358235823883104     
   2.6800000000000002      -0.35836822057345774      -0.17274306978916440     
   2.7000000000000002      -0.35614404292023977      -0.19066777214615974     
   2.7200000000000002      -0.35318165963416281      -0.20866122882418509     
   2.7400000000000002      -0.35052828742680775      -0.22534443806408502     
   2.7600000000000002      -0.34714780241291510      -0.24212976722623580     
   2.7800000000000002      -0.34409598556389587      -0.25753601854306057     
   2.8000000000000003      -0.34032960512357702      -0.27307851072065736     
   2.8199999999999998      -0.33691086811788051      -0.28717870022946523     
   2.8399999999999999      -0.33279150316043293      -0.30144986472802582     
   2.8599999999999999      -0.32903798819655539      -0.31422128166330399     
   2.8799999999999999      -0.32459909509798279      -0.32719887221934735     
   2.8999999999999999      -0.32054340501428347      -0.33862520075238728     
   2.9199999999999999      -0.31581882660470206      -0.35029321145347481     
   2.9399999999999999      -0.31149386833120679      -0.36036450243881624     
   2.9600000000000000      -0.30651767574953565      -0.37071313425392149     
   2.9800000000000000      -0.30195650501419591      -0.37942574735657048     
   3.0000000000000000      -0.29676284115642138      -0.38845134576251600     
   3.0200000000000000      -0.29199850916057613      -0.39580786255612810     
   3.0400000000000000      -0.28662143443235466      -0.40351282688126361     
   3.0600000000000001      -0.28168683719279297      -0.40952193564232015     
   3.0800000000000001      -0.27616017825856853      -0.41591460088032856     
   3.1000000000000001      -0.27108790929323429      -0.42059095393400919     
   3.1200000000000001      -0.26544511149247751      -0.42568544590819452     
   3.1400000000000001      -0.26026731850358220      -0.42904949050763469     
   3.1600000000000001      -0.25454130258029123      -0.43286555538873811     
   3.1800000000000002      -0.24928954876249690      -0.43494333923012779     
   3.2000000000000002      -0.24351257252682695      -0.43750614852809494     
   3.2200000000000002      -0.23821770309932863      -0.43832910111908047     
   3.2400000000000002      -0.23242122861023848      -0.43966903338071667     
   3.2600000000000002      -0.22711324314012576      -0.43927372458826802     
   3.2800000000000002      -0.22132780996535539      -0.43942612513781587     
   3.3000000000000003      -0.21603574101568349      -0.43785400234357041     
   3.3200000000000003      -0.21029084609033544      -0.43685892250137554     
   3.3399999999999999      -0.20504264469002637      -0.43415602788692298     
   3.3599999999999999      -0.19936662925765378      -0.43205794519197521     
   3.3799999999999999      -0.19418905765182867      -0.42827461476308260     
   3.3999999999999999      -0.18860900173239462      -0.42512213580780650     
   3.4199999999999999      -0.18352753383117743      -0.42031268184468756     
   3.4399999999999999      -0.17806915861872166      -0.41615822940440506     
   3.4600000000000000      -0.17310788852014017      -0.41038060809433985     
   3.4800000000000000      -0.16779546706966517      -0.40528009429887557     
   3.5000000000000000      -0.16297702598821343      -0.39859556036734900     
   3.5200000000000000      -0.15783330250639763      -0.39260804771787283     
   3.5400000000000000      -0.15317878439333624      -0.38508079792453737     
   3.5600000000000001      -0.14822490240143207      -0.37826815000457170     
   3.5800000000000001      -0.14375379849622982      -0.36996495741042351     
   3.6000000000000001      -0.13900923808615498      -0.36239148117568176     
   3.6200000000000001      -0.13473938059087112      -0.35338132211760853     
   3.6400000000000001      -0.13022190494731858      -0.34511340367473853     
   3.6600000000000001      -0.12616941996745645      -0.33546707940286269     
   3.6800000000000002      -0.12189503128010612      -0.32657281520208908     
   3.7000000000000002      -0.11807430112681125      -0.31636257014398228     
   3.7200000000000002      -0.11405720596770735      -0.30691139551499219     
   3.7400000000000002      -0.11048084086742099      -0.29621053412884479     
   3.7600000000000002      -0.10673342505957384      -0.28627285108305156     
   3.7800000000000002      -0.10341224426867050      -0.27515535524930035     
   3.8000000000000003       -9.9945057223238043E-002 -0.26480216145493229     
   3.8200000000000003       -9.6888079497059298E-002 -0.25334231033281518     
   3.8399999999999999       -9.3709827948352892E-002 -0.24264483114228808     
   3.8599999999999999       -9.0924271266680776E-002 -0.23091682538452521     
   3.8799999999999999       -8.8041822287001956E-002 -0.21994615075651308     
   3.8999999999999999       -8.5533112691667912E-002 -0.20802374293210218     
   3.9199999999999999       -8.2951505821893673E-002 -0.19685047104395298     
   3.9399999999999999       -8.0723295177156790E-002 -0.18480660406627966     
   3.9600000000000000       -7.8445763464311022E-002 -0.17350049335632112     
   3.9800000000000000       -7.6499955907112935E-002 -0.16140694865185279     
   4.0000000000000000       -7.4527955597138262E-002 -0.15003657996616213     
   4.0200000000000005       -7.2864742402585836E-002 -0.13796363704840642     
   4.0400000000000000       -7.1197990995393173E-002 -0.12659608749328569     
   4.0600000000000005       -6.9815893543051094E-002 -0.11461219652798818     
   4.0800000000000001       -6.8452415877884948E-002 -0.10331272654825549     
   4.0999999999999996       -6.7348336366876441E-002  -9.1484195409567648E-002
   4.1200000000000001       -6.6284518369282563E-002  -8.0315950524440363E-002
   4.1399999999999997       -6.5453797894974991E-002  -6.8706647748617511E-002
   4.1600000000000001       -6.4684447582364524E-002  -5.7730376282053145E-002
   4.1799999999999997       -6.4120931154714594E-002  -4.6401451225781841E-002
   4.2000000000000002       -6.3639346465832858E-002  -3.5675239267302608E-002
   4.2199999999999998       -6.3335454519420104E-002  -2.4684860672658685E-002
   4.2400000000000002       -6.3133497504077499E-002  -1.4263885398578362E-002
   4.2599999999999998       -6.3080303422579920E-002  -3.6669994565443412E-003
   4.2800000000000002       -6.3148480301893253E-002   6.3966981691911742E-003
   4.2999999999999998       -6.3335793455352493E-002   1.6548589279101016E-002
   4.3200000000000003       -6.3663340039565461E-002   2.6206311519886026E-002
   4.3399999999999999       -6.4079793811327335E-002   3.5865349754368225E-002
   4.3600000000000003       -6.4654765742097470E-002   4.5071928045051571E-002
   4.3799999999999999       -6.5287910003858099E-002   5.4194077547605510E-002
   4.4000000000000004       -6.6097277270765198E-002   6.2908036701584374E-002
   4.4199999999999999       -6.6933674748745828E-002   7.1453239163773177E-002
   4.4400000000000004       -6.7963419915729420E-002   7.9636939299368242E-002
   4.4600000000000000       -6.8988745878673721E-002   8.7569246142594634E-002
   4.4800000000000004       -7.0223965445163988E-002   9.5189001908790524E-002
   4.5000000000000000       -7.1423110135613782E-002  0.10247668292251816     
   4.5200000000000005       -7.2848118449288207E-002  0.10950285972862614     
   4.5400000000000000       -7.4205291673449164E-002  0.11611848792749889     
   4.5600000000000005       -7.5803726806819183E-002  0.12252557500584774     
   4.5800000000000001       -7.7302564095265799E-002  0.12844608759450959     
   4.6000000000000005       -7.9057495096655397E-002  0.13421274784929221     
   4.6200000000000001       -8.0681164848122752E-002  0.13941948330928886     
   4.6399999999999997       -8.2575199779014147E-002  0.14452858002759419     
   4.6600000000000001       -8.4306510802548598E-002  0.14900729146495495     
   4.6799999999999997       -8.6321904977697636E-002  0.15344589208721432     
   4.7000000000000002       -8.8143413854445740E-002  0.15718673710158704     
   4.7199999999999998       -9.0262177708559460E-002  0.16094609436758994     
   4.7400000000000002       -9.2156295403408722E-002  0.16394360182355994     
   4.7599999999999998       -9.4360301418466325E-002  0.16701911272628214     
   4.7800000000000002       -9.6309398583546271E-002  0.16927212692418303     
   4.7999999999999998       -9.8580486723958236E-002  0.17166327001636797     
   4.8200000000000003      -0.10056699715058807       0.17317487287293284     
   4.8399999999999999      -0.10288707826924066       0.17488512458013306     
   4.8600000000000003      -0.10489359996218020       0.17566253653819172     
   4.8799999999999999      -0.10724475665890566       0.17669926723628079     
   4.9000000000000004      -0.10925415002662764       0.17675372772685022     
   4.9199999999999999      -0.11161873446166450       0.17712807844134276     
   4.9400000000000004      -0.11361421713870348       0.17647470682036517     
   4.9600000000000000      -0.11597494532714274       0.17620144749873456     
   4.9800000000000004      -0.11794018316926036       0.17485908547389040     
   5.0000000000000000      -0.12028022530817739       0.17395645586997652     
   5.0200000000000005      -0.12219941912797483       0.17194749251995975     
   5.0400000000000000      -0.12450248553577298       0.17043702681105921     
   5.0600000000000005      -0.12636045317532446       0.16778720738000122     
   5.0800000000000001      -0.12861087545260486       0.16569354371191000     
   5.1000000000000005      -0.13039312882051327       0.16243176343485438     
   5.1200000000000001      -0.13257593587336078       0.15978243965759995     
   5.1399999999999997      -0.13426875260616802       0.15594052393868285     
   5.1600000000000001      -0.13636974120592074       0.15276576085559110     
   5.1799999999999997      -0.13796023064785015       0.14837823317852758     
   5.2000000000000002      -0.13996603023600215       0.14471070668331443     
   5.2199999999999998      -0.14144219346636608       0.13981454568363702     
   5.2400000000000002      -0.14334032494903495       0.13568914920413677     
   5.2599999999999998      -0.14469110862309548       0.13032353637412997     
   5.2800000000000002      -0.14647003693625263       0.12577713507686750     
   5.2999999999999998      -0.14768538074266060       0.11998319460710180     
   5.3200000000000003      -0.14933456100685266       0.11505437284402883     
   5.3399999999999999      -0.15040543858278310       0.10887490512968244     
   5.3600000000000003      -0.15191535570414294       0.10360370862693541     
   5.3799999999999999      -0.15283380888766693        9.7082918982625291E-002
   5.4000000000000004      -0.15419601050039361        9.1510593281084004E-002
   5.4199999999999999      -0.15495517683824739        8.4693817414691203E-002
   5.4400000000000004      -0.15616229952219857        7.8862544073444299E-002
   5.4600000000000000      -0.15675643298970060        7.1795971867454345E-002
   5.4800000000000004      -0.15780222173506164        6.5748603934087060E-002
   5.5000000000000000      -0.15822670666326052        5.8479003072374580E-002
   5.5200000000000005      -0.15910602759220840        5.2258801308420665E-002
   5.5400000000000000      -0.15935738583519721        4.4833242267345919E-002
   5.5600000000000005      -0.16006623222784769        3.8483613593478086E-002
   5.5800000000000001      -0.16014212364033692        3.0949197488844074E-002
   5.6000000000000005      -0.16067761534883956        2.4513437082655312E-002
   5.6200000000000001      -0.16057683168033446        1.6917027828760652E-002
   5.6399999999999997      -0.16093720805056166        1.0438066268601179E-002
   5.6600000000000001      -0.16065966039764176        2.8260284626272295E-003
   5.6799999999999997      -0.16084426685231412       -3.6538147357599738E-003
   5.7000000000000002      -0.16039096684437817       -1.1235870841115663E-002
   5.7199999999999998      -0.16040023531450073       -1.7675126002102012E-002
   5.7400000000000002      -0.15977327024074287       -2.5182591132097178E-002
   5.7599999999999998      -0.15960869366372871       -3.1540868278999976E-002
   5.7800000000000002      -0.15881119577989145       -3.8930371134549328E-002
   5.7999999999999998      -0.15847529691256776       -4.5168579763329109E-002
   5.8200000000000003      -0.15751140719502638       -5.2398213210891137E-002
   5.8399999999999999      -0.15700770201771427       -5.8478770884273494E-002
   5.8600000000000003      -0.15588252865955154       -6.5508306241282580E-002
   5.8799999999999999      -0.15521548467345961       -7.1395334986053882E-002
   5.9000000000000004      -0.15393505664227022       -7.8186423385739237E-002
   5.9199999999999999      -0.15311004638643053       -8.3845932957829314E-002
   5.9400000000000004      -0.15168126238654600       -9.0362292862304114E-002
   5.9600000000000000      -0.15070451252235420       -9.5762350030291266E-002
   5.9800000000000004      -0.14913508572490927      -0.10196994004986930     
   6.0000000000000000      -0.14801362205592231      -0.10708082313719955     
   6.0200000000000005      -0.14631202097861568      -0.11294799940646594     
   6.0400000000000000      -0.14505360979054097      -0.11774233742543733     
   6.0600000000000005      -0.14322899572501210      -0.12323999488212098     
   6.0800000000000001      -0.14184208184573416      -0.12769289068800832     
   6.1000000000000005      -0.13990424324413211      -0.13279458769862876     
   6.1200000000000001      -0.13839788523611901      -0.13688372468967536     
   6.1400000000000006      -0.13635716947963961      -0.14156579056571672     
   6.1600000000000001      -0.13474097238712210      -0.14527152255355630     
   6.1799999999999997      -0.13260821536800949      -0.14951314760300613     
   6.2000000000000002      -0.13089226144890592      -0.15281857157786025     
   6.2199999999999998      -0.12867871540363920      -0.15660187943879250     
   6.2400000000000002      -0.12687349328130185      -0.15949289105397832     
   6.2599999999999998      -0.12459075331641277      -0.16280299315891156     
   6.2800000000000002      -0.12270708598889592      -0.16526832485925533     
   6.2999999999999998      -0.12036701574209852      -0.16809335698073705     
   6.3200000000000003      -0.11841598788681020      -0.17012459879888964     
   6.3399999999999999      -0.11603064476488742      -0.17245573972760828     
   6.3600000000000003      -0.11402352977420720      -0.17404734287047346     
   6.3799999999999999      -0.11160509020542353      -0.17587881537665023     
   6.4000000000000004      -0.10955327738418548      -0.17702807882064664     
   6.4199999999999999      -0.10711396251692157      -0.17835713314698715     
   6.4400000000000004      -0.10502888486561991      -0.17906417355515847     
   6.4600000000000000      -0.10258088713650919      -0.17989105378473699     
   6.4800000000000004      -0.10047395013474318      -0.18015875915030546     
   6.5000000000000000       -9.8029361118896569E-002 -0.18048665288491211     
   6.5200000000000005       -9.5911872912000123E-002 -0.18032062039424751     
   6.5400000000000000       -9.3482612855011346E-002 -0.18015559226746444     
   6.5600000000000005       -9.1365716233093378E-002 -0.17956405096014735     
   6.5800000000000001       -8.8963465649512241E-002 -0.17891496059426718     
   6.6000000000000005       -8.6858072192358027E-002 -0.17790867947850583     
   6.6200000000000001       -8.4494205898303032E-002 -0.17678708457491443     
   6.6400000000000006       -8.2410932641859502E-002 -0.17537926693259975     
   6.6600000000000001       -8.0096456570526151E-002 -0.17379931226099343     
   6.6799999999999997       -7.8045565531129943E-002 -0.17200547694774015     
   6.7000000000000002       -7.5791056659258865E-002 -0.16998377007013435     
   6.7199999999999998       -7.3782397530491595E-002 -0.16782162068137921     
   6.7400000000000002       -7.1597947221524919E-002 -0.16537709531192657     
   6.7599999999999998       -6.9640903535730728E-002 -0.16286637814619032     
   6.7800000000000002       -6.7536064581548289E-002 -0.16002014610702400     
   6.7999999999999998       -6.5639503603770896E-002 -0.15718249791148059     
   6.8200000000000003       -6.3623241221711577E-002 -0.15395769069783621     
   6.8399999999999999       -6.1795467818255546E-002 -0.15081647722909386     
   6.8600000000000003       -5.9876114833752797E-002 -0.14723807824358132     
   6.8799999999999999       -5.8124829530908528E-002 -0.14381822471783207     
   6.9000000000000004       -5.6310045948670187E-002 -0.13991289327370804     
   6.9199999999999999       -5.4642307369532538E-002 -0.13624070781495173     
   6.9400000000000004       -5.2939044507944677E-002 -0.13203659604141096     
   6.9600000000000000       -5.1361236346875096E-002 -0.12813958726415650     
   6.9800000000000004       -4.9775705681385403E-002 -0.12366615107288477     
   7.0000000000000000       -4.8293508346694075E-002 -0.11957284095647432     
   7.0200000000000005       -4.6831155178511073E-002 -0.11486064624790467     
   7.0400000000000000       -4.5449522204549099E-002 -0.11060037947333604     
   7.0600000000000005       -4.4115004241260969E-002 -0.10568090477318447     
   7.0800000000000001       -4.2838143541493859E-002 -0.10128365570001256     
   7.1000000000000005       -4.1635314446345557E-002  -9.6189092421749098E-002
   7.1200000000000001       -4.0466674449309188E-002  -9.1685270882363265E-002
   7.1400000000000006       -3.9398572386059018E-002  -8.6448322409352032E-002
   7.1600000000000001       -3.8340833066556002E-002  -8.1868579490731730E-002
   7.1799999999999997       -3.7409674237239961E-002  -7.6522260262947686E-002
   7.2000000000000002       -3.6464743025894017E-002  -7.1897295232016295E-002
   7.2199999999999998       -3.5671920169630840E-002  -6.6474731006657017E-002
   7.2400000000000002       -3.4840932695150255E-002  -6.1835100514746777E-002
   7.2599999999999998       -3.4187018487490256E-002  -5.6369330947884773E-002
   7.2800000000000002       -3.3470344077864068E-002  -5.1745261622798126E-002
   7.2999999999999998       -3.2955099342281920E-002  -4.6269046290681438E-002
   7.3200000000000003       -3.2352351183803224E-002  -4.1690251791624167E-002
   7.3399999999999999       -3.1974737799912750E-002  -3.6235880735582982E-002
   7.3600000000000003       -3.1484787626543054E-002  -3.1731384307126478E-002
   7.3799999999999999       -3.1242985993617217E-002  -2.6330494145566263E-002
   7.4000000000000004       -3.0863983153917314E-002  -2.1928457662073415E-002
   7.4199999999999999       -3.0755414043465514E-002  -1.6611854267044663E-002
   7.4400000000000004       -3.0484808768255021E-002  -1.2339414708998121E-002
   7.4600000000000000       -3.0506159375870860E-002  -7.1369033936691997E-003
   7.4800000000000004       -3.0340730047064651E-002  -3.0200176424283760E-003
   7.5000000000000000       -3.0487984031628008E-002   2.0397582501860186E-003
   7.5200000000000005       -3.0423868231447104E-002   5.9764594721237983E-003
   7.5400000000000000       -3.0692339509152532E-002   1.0866170749227340E-002
   7.5600000000000005       -3.0725068609223395E-002   1.4599519028978500E-002
   7.5800000000000001       -3.1109438650910006E-002   1.9293292831328024E-002
   7.6000000000000005       -3.1233975682742502E-002   2.2801707611224811E-002
   7.6200000000000001       -3.1728334045705450E-002   2.7275258902252172E-002
   7.6400000000000006       -3.1939114577758727E-002   3.0538861794754492E-002
   7.6600000000000001       -3.2537002387705391E-002   3.4769613529216606E-002
   7.6799999999999997       -3.2827978119784051E-002   3.7770330849077521E-002
   7.7000000000000002       -3.3522434204924706E-002   4.1737522268946323E-002
   7.7199999999999998       -3.3887118978055866E-002   4.4459175306474676E-002
   7.7400000000000002       -3.4670728345544154E-002   4.8143957888049739E-002
   7.7599999999999998       -3.5102246254819433E-002   5.0572340525173121E-002
   7.7800000000000002       -3.5967190589926340E-002   5.3957861179518701E-002
   7.7999999999999998       -3.6458325879090495E-002   5.6080804529709809E-002
   7.8200000000000003       -3.7396435739640875E-002   5.9152275738028552E-002
   7.8399999999999999       -3.7939684149499234E-002   6.0959699571554220E-002
   7.8600000000000003       -3.8942492522244861E-002   6.3704456217551775E-002
   7.8799999999999999       -3.9530113760262296E-002   6.5188407014471345E-002
   7.9000000000000004       -4.0588910642022795E-002   6.7595949756679236E-002
   7.9199999999999999       -4.1212981637804250E-002   6.8750625311092647E-002
   7.9400000000000004       -4.2318869302378111E-002   7.0812650419040765E-002
   7.9600000000000000       -4.2971337913050481E-002   7.1634410998803633E-002
   7.9800000000000004       -4.4115286525074501E-002   7.3344826657411419E-002
   8.0000000000000000       -4.4788025355916639E-002   7.3832192803435406E-002
   8.0199999999999996       -4.5960928595012988E-002   7.5187121969568532E-002
   8.0400000000000009       -4.6645788603978694E-002   7.5340759097458368E-002
   8.0600000000000005       -4.7838518966644601E-002   7.6338529070829331E-002
   8.0800000000000001       -4.8527382526655727E-002   7.6161219114527015E-002
   8.0999999999999996       -4.9730845979379899E-002   7.6802338061565126E-002
   8.1200000000000010       -5.0415679079385316E-002   7.6298938473444947E-002
   8.1400000000000006       -5.1620868744366111E-002   7.6586059216996516E-002
   8.1600000000000001       -5.2293772019109008E-002   7.5763449711058903E-002
   8.1799999999999997       -5.3491820583639861E-002   7.5701321170388122E-002
   8.1999999999999993       -5.4145078872781513E-002   7.4568338664432215E-002
   8.2200000000000006       -5.5327309424786378E-002   7.4163745398579575E-002
   8.2400000000000002       -5.5953439574420533E-002   7.2731107677105236E-002
   8.2599999999999998       -5.7111414579683988E-002   7.1992798049843251E-002
   8.2799999999999994       -5.7703211213253086E-002   7.0273016731577972E-002
   8.3000000000000007       -5.8828779364503883E-002   6.9211620277625785E-002
   8.3200000000000003       -5.9379358365598635E-002   6.7218903729646756E-002
   8.3399999999999999       -6.0464699049670813E-002   6.5846838359130383E-002
   8.3599999999999994       -6.0967538516051051E-002   6.3596985253240590E-002
   8.3800000000000008       -6.2005203662753305E-002   6.1928354984306405E-002
   8.4000000000000004       -6.2454182109055609E-002   5.9438639240337141E-002
   8.4199999999999999       -6.3437135204010189E-002   5.7489123198062125E-002
   8.4399999999999995       -6.3826566809883994E-002   5.4778171102855155E-002
   8.4600000000000009       -6.4748218873326074E-002   5.2564904565899795E-002
   8.4800000000000004       -6.5072885594036387E-002   4.9652564895645040E-002
   8.5000000000000000       -6.5927127948262859E-002   4.7194013210246646E-002
   8.5199999999999996       -6.6182308325979392E-002   4.4101221217424845E-002
   8.5400000000000009       -6.6963541995666870E-002   4.1417047431148483E-002
   8.5600000000000005       -6.7145036531588223E-002   3.8165683585397320E-002
   8.5800000000000001       -6.7848198143422772E-002   3.5276610680401776E-002
   8.5999999999999996       -6.7952351113417048E-002   3.1889355075069500E-002
   8.6200000000000010       -6.8572935184250422E-002   2.8817023702396270E-002
   8.6400000000000006       -6.8596652803686764E-002   2.5317207055287668E-002
   8.6600000000000001       -6.9130730329609730E-002   2.2084029687768923E-002
   8.6799999999999997       -6.9071495196361646E-002   1.8495481875579731E-002
   8.7000000000000011       -6.9515728478518737E-002   1.5124494307349922E-002
   8.7200000000000006       -6.9371610246594551E-002   1.1471391378521063E-002
   8.7400000000000002       -6.9723263913109845E-002   7.9861025038071888E-003
   8.7599999999999998       -6.9492926172862235E-002   4.2928131140386088E-003
   8.7799999999999994       -6.9749874379758145E-002   7.1705391693270819E-004
   8.8000000000000007       -6.9432577744000856E-002  -2.9920138745562668E-003
   8.8200000000000003       -6.9593307561328629E-002  -6.6342411942000119E-003
   8.8399999999999999       -6.9188908979803176E-002  -1.0334791841291376E-002
   8.8599999999999994       -6.9252519992225828E-002  -1.4019463692737655E-002
   8.8800000000000008       -6.8761468339577927E-002  -1.7687463882687250E-002
   8.9000000000000004       -6.8727668513218043E-002  -2.1390683164272124E-002
   8.9199999999999999       -6.8150996517830631E-002  -2.5002508454812729E-002
   8.9399999999999995       -6.8020094407186968E-002  -2.8700649615828234E-002
   8.9600000000000009       -6.7359407009747560E-002  -3.2233227129761212E-002
   8.9800000000000004       -6.7132300399770362E-002  -3.5903077568678679E-002
   9.0000000000000000       -6.6389759651203917E-002  -3.9334023918941995E-002
   9.0199999999999996       -6.6067920750081360E-002  -4.2952920904681079E-002
   9.0400000000000009       -6.5246227378342209E-002  -4.6260674559815813E-002
   9.0600000000000005       -6.4831684696076891E-002  -4.9806636899571620E-002
   9.0800000000000001       -6.3934056490157418E-002  -5.2970584240778953E-002
   9.0999999999999996       -6.3429373556498331E-002  -5.6422437958958398E-002
   9.1200000000000010       -6.2459520733778216E-002  -5.9423032325254352E-002
   9.1400000000000006       -6.1867771826422592E-002  -6.2760529663052719E-002
   9.1600000000000001       -6.0829869566058736E-002  -6.5579402730079617E-002
   9.1799999999999997       -6.0154612636160926E-002  -6.8783333823838666E-002
   9.2000000000000011       -5.9053270976520710E-002  -7.1403398714354915E-002
   9.2200000000000006       -5.8298517973360560E-002  -7.4455695362757687E-002
   9.2400000000000002       -5.7138749285454538E-002  -7.6861240942360270E-002
   9.2599999999999998       -5.6308934095553098E-002  -7.9745071927393829E-002
   9.2799999999999994       -5.5096118356960093E-002  -8.1921847797277597E-002
   9.3000000000000007       -5.4196062584922149E-002  -8.4621705281379300E-002
   9.3200000000000003       -5.2935910689761632E-002  -8.6556997040539041E-002
   9.3399999999999999       -5.1970787518617140E-002  -8.9058773622070139E-002
   9.3599999999999994       -5.0669302868660990E-002  -9.0741468033931988E-002
   9.3800000000000008       -4.9644599246424663E-002  -9.3032524104721043E-002
   9.4000000000000004       -4.8308037876411712E-002  -9.4453163867367698E-002
   9.4199999999999999       -4.7229515282944536E-002  -9.6522384979155551E-002
   9.4399999999999995       -4.5864344779534966E-002  -9.7673212863697970E-002
   9.4600000000000009       -4.4737998833545060E-002  -9.9511056874509368E-002
   9.4800000000000004       -4.3350856312104655E-002 -0.10038604906236545     
   9.5000000000000000       -4.2182875482248479E-002 -0.10198458289874214     
   9.5199999999999996       -4.0780524888771041E-002 -0.10257947141521694     
   9.5400000000000009       -3.9577248575299970E-002 -0.10393239735148135     
   9.5600000000000005       -3.8166537582255494E-002 -0.10424468155971019     
   9.5800000000000001       -3.6934413836496496E-002 -0.10534735298059847     
   9.5999999999999996       -3.5522230601237458E-002 -0.10537630016622244     
   9.6200000000000010       -3.4267773749409404E-002 -0.10622572684394159     
   9.6400000000000006       -3.2861003801991709E-002 -0.10597236198644530     
   9.6600000000000001       -3.1590752237458594E-002 -0.10656720496708899     
   9.6799999999999997       -3.0196235761360785E-002 -0.10603428985816045     
   9.7000000000000011       -2.8916710165437957E-002 -0.10637484611508352     
   9.7200000000000006       -2.7541199929724341E-002 -0.10556684804728125     
   9.7400000000000002       -2.6258862175620474E-002 -0.10565502512011571     
   9.7599999999999998       -2.4908982370632781E-002 -0.10457807543018229     
   9.7799999999999994       -2.3630195358074917E-002 -0.10441735632732033     
   9.8000000000000007       -2.2312401578803397E-002 -0.10307919913731244     
   9.8200000000000003       -2.1043390238410030E-002 -0.10267459783653947     
   9.8399999999999999       -1.9763930850347847E-002 -0.10108452939221320     
   9.8599999999999994       -1.8510744546949377E-002 -0.10044253732841710     
   9.8800000000000008       -1.7275623658541482E-002  -9.8611336387691623E-002
   9.9000000000000004       -1.6044100211470440E-002  -9.7739860367891840E-002
   9.9199999999999999       -1.4859042465305698E-002  -9.5679710142412069E-002
   9.9399999999999995       -1.3654773991270823E-002  -9.4588002176451802E-002
   9.9600000000000009       -1.2525191373017271E-002  -9.2312404375998497E-002
   9.9800000000000004       -1.1353492143623035E-002  -9.1010983955855121E-002
   10.000000000000000       -1.0284452993461386E-002  -8.8534665528350862E-002
   10.020000000000000       -9.1503294848319476E-003  -8.7035234929897759E-002
   10.040000000000001       -8.1465298808985065E-003  -8.4374048128794371E-002
   10.060000000000000       -7.0546531773124843E-003  -8.2689401346770983E-002
   10.080000000000000       -6.1203908445223660E-003  -7.9860217792471128E-002
   10.100000000000000       -5.0750715415678127E-003  -7.8004143752193306E-002
   10.120000000000001       -4.2142224222601722E-003  -7.5024743184676057E-002
   10.140000000000001       -3.2193881578878717E-003  -7.3011923902481263E-002
   10.160000000000000       -2.4353857631288743E-003  -6.9900878348317846E-002
   10.180000000000000       -1.4945614872305182E-003  -6.7746782736752359E-002
   10.200000000000001       -7.9037912944208348E-004  -6.4523336835093190E-002
   10.220000000000001        9.3329795675027019E-005  -6.2244110868306814E-002
   10.240000000000000        7.1519380670420673E-004  -5.8928059117104324E-002
   10.260000000000000        1.5391156012136095E-003  -5.6540413086745719E-002
   10.279999999999999        2.0766497358142124E-003  -5.3151974782389290E-002
   10.300000000000001        2.8385572378091116E-003  -5.0673068384448121E-002
   10.320000000000000        3.2902454534340523E-003  -4.7232761035100324E-002
   10.340000000000000        3.9883641591270625E-003  -4.4680087033606548E-002
   10.359999999999999        4.3531915121147709E-003  -4.1208599028844405E-002
   10.380000000000001        4.9862046040882553E-003  -3.8599866243126252E-002
   10.400000000000000        5.2636597606189493E-003  -3.5117929560040638E-002
   10.420000000000000        5.8307101263920282E-003  -3.2470945918406741E-002
   10.440000000000000        6.0207847861056254E-003  -2.8999209637157991E-002
   10.460000000000001        6.5214740480491569E-003  -2.6331766031479534E-002
   10.480000000000000        6.6246593125616204E-003  -2.2890671421537351E-002
   10.500000000000000        7.0590439086329684E-003  -2.0220427084364462E-002
   10.520000000000000        7.0763236455761123E-003  -1.6830085006392517E-002
   10.540000000000001        7.4449080183513015E-003  -1.4174455115073016E-002
   10.560000000000000        7.3777492894612608E-003  -1.0854526462794887E-002
   10.580000000000000        7.6814762584073576E-003  -8.2305726537252235E-003
   10.600000000000000        7.5318168974952051E-003  -5.0001525352959941E-003
   10.620000000000001        7.7720553062493539E-003  -2.4244769860992743E-003
   10.640000000000001        7.5422887495048760E-003   6.9801668430467811E-004
   10.660000000000000        7.7208184960124828E-003   3.2093729760128819E-003
   10.680000000000000        7.4137759829253757E-003   6.2063058382734156E-003
   10.700000000000001        7.5327705555482960E-003   8.6379599835870857E-003
   10.720000000000001        7.1517008336922892E-003   1.1492581941438654E-002
   10.740000000000000        7.2137074907443815E-003   1.3829900736449297E-002
   10.760000000000000        6.7622541716775321E-003   1.6526440454500992E-002
   10.779999999999999        6.7701719152018823E-003   1.8755626083445998E-002
   10.800000000000001        6.2523486417154009E-003   2.1279378751455923E-002
   10.820000000000000        6.2094041486138877E-003   2.3387548137984153E-002
   10.840000000000000        5.6295677454441459E-003   2.5724956027687422E-002
   10.859999999999999        5.5392894302417461E-003   2.7700213400026274E-002
   10.880000000000001        4.9021112210842922E-003   2.9838938787566494E-002
   10.900000000000000        4.7683016146007574E-003   3.1670441070154216E-002
   10.920000000000000        4.0787370977772696E-003   3.3599431147084698E-002
   10.940000000000000        3.9054437347381134E-003   3.5277445839959919E-002
   10.960000000000001        3.1687008181207187E-003   3.6986989287550662E-002
   10.980000000000000        2.9601858342258973E-003   3.8502944545156459E-002
   11.000000000000000        2.1816918369793000E-003   3.9984719500043703E-002
   11.020000000000000        1.9424004821274180E-003   4.1331246172787037E-002
   11.040000000000001        1.1277681164566676E-003   4.2578359366504878E-002
   11.060000000000000        8.6229639566865629E-004   4.3749324821089695E-002
   11.080000000000000        1.7288946036000475E-005   4.4756341731393576E-002
   11.100000000000000       -2.6964939688338516E-004   4.5746875319289670E-002
   11.120000000000001       -1.1391534767004675E-003   4.6509841227082349E-002
   11.140000000000001       -1.4427604155926050E-003   4.7316351324172057E-002
   11.160000000000000       -2.3308032656954472E-003   4.7832803225934938E-002
   11.180000000000000       -2.6462301706304285E-003   4.8452985820066269E-002
   11.200000000000001       -3.5468104263767812E-003   4.8721955201644358E-002
   11.220000000000001       -3.8691917470400892E-003   4.9154794058183439E-002
   11.240000000000000       -4.7763003577385730E-003   4.9176800591234235E-002
   11.260000000000000       -5.1007870962080431E-003   4.9422559079427032E-002
   11.279999999999999       -6.0084428428106400E-003   4.9199595356490419E-002
   11.300000000000001       -6.3302356035670158E-003   4.9259800071194064E-002
   11.320000000000000       -7.2325201009092064E-003   4.8795307548845604E-002
   11.340000000000000       -7.5469015104731602E-003   4.8672723912660330E-002
   11.359999999999999       -8.4379934847666951E-003   4.7971560284256254E-002
   11.380000000000001       -8.7403597791594224E-003   4.7670160363977226E-002
   11.400000000000000       -9.6145684178436906E-003   4.6738558633778252E-002
   11.420000000000000       -9.9004600030817621E-003   4.6263481452099540E-002
   11.440000000000000       -1.0752257181737321E-002   4.5109001030776794E-002
   11.460000000000001       -1.1017387980742753E-002   4.4466505699038664E-002
   11.480000000000000       -1.1841439180508607E-002   4.3097975886436664E-002
   11.500000000000000       -1.2081724589082405E-002   4.2295387926647603E-002
   11.520000000000000       -1.2872918327833858E-002   4.0722844190941215E-002
   11.540000000000001       -1.3084501612639445E-002   3.9768495455080093E-002
   11.560000000000000       -1.3837977224006190E-002   3.8003108957866925E-002
   11.580000000000000       -1.4017254206765625E-002   3.6906271589348852E-002
   11.600000000000000       -1.4728427812824444E-002   3.4960272443537367E-002
   11.620000000000001       -1.4872069697067287E-002   3.3731087359500089E-002
   11.640000000000001       -1.5536658233149130E-002   3.1617682140879962E-002
   11.660000000000000       -1.5641632442787944E-002   3.0267082544427275E-002
   11.680000000000000       -1.6255675606209247E-002   2.8000366608357679E-002
   11.700000000000001       -1.6319264518859494E-002   2.6539997066917398E-002
   11.720000000000001       -1.6879144527431882E-002   2.4134862248479799E-002
   11.740000000000000       -1.6898961999655907E-002   2.2576993897853507E-002
   11.760000000000000       -1.7401421060453177E-002   2.0049032196952213E-002
   11.779999999999999       -1.7375426656893338E-002   1.8406474650335253E-002
   11.800000000000001       -1.7817582060862779E-002   1.5771878522480312E-002
   11.820000000000000       -1.7744092914440453E-002   1.4057889079620004E-002
   11.840000000000000       -1.8123449687938342E-002   1.1333348968407963E-002
   11.859999999999999       -1.8001149933834601E-002   9.5615397320788099E-003
   11.880000000000001       -1.8315610993942400E-002   6.7641394906386198E-003
   11.900000000000000       -1.8143558735842391E-002   4.9483830057030715E-003
   11.920000000000000       -1.8391432512279701E-002   2.0954938615641659E-003
   11.940000000000000       -1.8169064295255943E-002   2.4982789604000542E-004
   11.960000000000001       -1.8349069797747142E-002  -2.6409983829993383E-003
   11.980000000000000       -1.8076202578076617E-002  -4.5024662952201514E-003
   12.000000000000000       -1.8187471904050012E-002  -7.4136043775747760E-003
   12.020000000000000       -1.7864302522107012E-002  -9.2767920163826564E-003
   12.040000000000001       -1.7906380815508414E-002  -1.2190649473797922E-002
   12.060000000000000       -1.7533482993551775E-002  -1.4041594026434213E-002
   12.080000000000000       -1.7506325881241670E-002  -1.6940716648895997E-002
   12.100000000000000       -1.7084644783325824E-002  -1.8765667220237377E-002
   12.120000000000001       -1.6988613330905501E-002  -2.1632842548549778E-002
   12.140000000000001       -1.6519457737196652E-002  -2.3418350505834115E-002
   12.160000000000000       -1.6355310981082071E-002  -2.6236708968189748E-002
   12.180000000000000       -1.5840343143464313E-002  -2.7969715556361092E-002
   12.200000000000001       -1.5609228270508563E-002  -3.0722828615275078E-002
   12.220000000000001       -1.5050451530433792E-002  -3.2390749300963292E-002
   12.240000000000000       -1.4753891790305616E-002  -3.5062724040429420E-002
   12.260000000000000       -1.4153636053293882E-002  -3.6653529067640342E-002
   12.280000000000001       -1.3793516502070807E-002  -3.9229098677122057E-002
   12.300000000000001       -1.3154421676026932E-002  -4.0731389345815508E-002
   12.320000000000000       -1.2732972861982038E-002  -4.3195998987513841E-002
   12.340000000000000       -1.2057970378487548E-002  -4.4599079197191860E-002
   12.359999999999999       -1.1577750092768858E-002  -4.6938966775729056E-002
   12.380000000000001       -1.0870042641668246E-002  -4.8232909409732523E-002
   12.400000000000000       -1.0333915867424610E-002  -5.0435180798731577E-002
   12.420000000000000       -9.5969554852900242E-003  -5.1610888560923128E-002
   12.440000000000000       -9.0080726887284569E-003  -5.3663586878713511E-002
   12.460000000000001       -8.2455373511011645E-003  -5.4712847232369459E-002
   12.480000000000000       -7.6073112669150858E-003  -5.6605015798959900E-002
   12.500000000000000       -6.8230801425356010E-003  -5.7520549697753436E-002
   12.520000000000000       -6.1391612140747820E-003  -5.9242288347025308E-002
   12.540000000000001       -5.3372887465827825E-003  -6.0017792489697734E-002
   12.560000000000000       -4.6115393880038361E-003  -6.1560306954219456E-002
   12.580000000000000       -3.7962283767767014E-003  -6.2190489337637628E-002
   12.600000000000000       -3.0326962301840980E-003  -6.3546133468306176E-002
   12.620000000000001       -2.2082700870586069E-003  -6.4026742057817665E-002
   12.640000000000001       -1.4111604522936204E-003  -6.5189052686416255E-002
   12.660000000000000       -5.8203481485523704E-004  -6.5516897067459154E-002
   12.680000000000000        2.4431756690604899E-004  -6.6480621366893880E-002
   12.700000000000001        1.0736636819946041E-003  -6.6653587287411428E-002
   12.720000000000001        1.9248233073260795E-003  -6.7414702531565410E-002
   12.740000000000000        2.7498766258604486E-003  -6.7431759290631207E-002
   12.760000000000000        3.6213361861610572E-003  -6.7987484963160719E-002
   12.780000000000001        4.4375783872388913E-003  -6.7848685647051446E-002
   12.800000000000001        5.3247878190827219E-003  -6.8197487895755360E-002
   12.820000000000000        6.1277246504003388E-003  -6.7903962508228985E-002
   12.840000000000000        7.0261200955769954E-003  -6.8045550988560549E-002
   12.859999999999999        7.8113102101744613E-003  -6.7599492567027519E-002
   12.880000000000001        8.7163427041036263E-003  -6.7534809764601592E-002
   12.900000000000000        9.4794260385347821E-003  -6.6939453617935213E-002
   12.920000000000000        1.0386589749123348E-002  -6.6670656785234692E-002
   12.940000000000000        1.1123315267113526E-002  -6.5930253031884614E-002
   12.960000000000001        1.2028175110594907E-002  -6.5460688918513518E-002
   12.980000000000000        1.2734427741407987E-002  -6.4580468545098552E-002
   13.000000000000000        1.3632646207225334E-002  -6.3914641143602929E-002
   13.020000000000000        1.4304472814154328E-002  -6.2900775844013115E-002
   13.040000000000001        1.5191835837480214E-002  -6.2044307414240510E-002
   13.060000000000000        1.5825470059056206E-002  -6.0903863507231690E-002
   13.080000000000000        1.6697911787032383E-002  -5.9863449181184115E-002
   13.100000000000000        1.7289797601663864E-002  -5.8604335940271472E-002
   13.120000000000001        1.8143423907841624E-002  -5.7387692246198857E-002
   13.140000000000001        1.8690237781592685E-002  -5.6018605009135788E-002
   13.160000000000000        1.9521348392297345E-002  -5.4634412688003481E-002
   13.180000000000000        2.0020019879326063E-002  -5.3164771144069915E-002
   13.200000000000001        2.0825128985693352E-002  -5.1622612663320647E-002
   13.220000000000001        2.1272859661433559E-002  -5.0062494744860554E-002
   13.240000000000000        2.2048714901601513E-002  -4.8372786943400158E-002
   13.260000000000000        2.2442995520009831E-002  -4.6732858773379328E-002
   13.280000000000001        2.3186595227323904E-002  -4.4906781097788347E-002
   13.300000000000001        2.3525221005353671E-002  -4.3198223467448865E-002
   13.320000000000000        2.4233829630377693E-002  -4.1247642282420699E-002
   13.340000000000000        2.4514913575202864E-002  -3.9482074152265859E-002
   13.359999999999999        2.5186075201744360E-002  -3.7419463628078874E-002
   13.380000000000001        2.5408059409057875E-002  -3.5608863161331848E-002
   13.400000000000000        2.6039609297230322E-002  -3.3447223257681812E-002
   13.420000000000000        2.6201274162098418E-002  -3.1603846907944502E-002
   13.440000000000000        2.6791348264571115E-002  -2.9356618986620762E-002
   13.460000000000001        2.6891819559752232E-002  -2.7492919170659415E-002
   13.480000000000000        2.7438861970694704E-002  -2.5173899779291419E-002
   13.500000000000000        2.7477615760942230E-002  -2.3302441671658847E-002
   13.520000000000000        2.7980384070668666E-002  -2.0925695047058896E-002
   13.540000000000001        2.7957249445243970E-002  -1.9059073035617116E-002
   13.560000000000000        2.8414817987117407E-002  -1.6638842878092867E-002
   13.580000000000000        2.8329977606456648E-002  -1.4789597218434876E-002
   13.600000000000000        2.8741738596137142E-002  -1.2340218287854794E-002
   13.620000000000001        2.8595727062256406E-002  -1.0520752490171002E-002
   13.640000000000001        2.8961389642787338E-002  -8.0565625705729428E-003
   13.660000000000000        2.8755089716491211E-002  -6.2790620447192901E-003
   13.680000000000000        2.9074676935930216E-002  -3.8143148169123096E-003
   13.700000000000001        2.8809313637126271E-002  -2.0906672903857424E-003
   13.720000000000001        2.9083157398361155E-002   3.6055335861590477E-004
   13.740000000000000        2.8760290038696717E-002   2.0188351493105692E-003
   13.760000000000000        2.8989024073663591E-002   4.4426988649695735E-003
   13.780000000000001        2.8610536283213965E-002   6.0245517263582717E-003
   13.800000000000001        2.8795087215879450E-002   8.4075629752108846E-003
   13.820000000000000        2.8363175037654453E-002   9.9024445893025215E-003
   13.840000000000000        2.8504751611763936E-002   1.2231521019049948E-002
   13.859999999999999        2.8021909749291099E-002   1.3629477616206120E-002
   13.880000000000001        2.8121990307952652E-002   1.5892025031447796E-002
   13.900000000000000        2.7590996622074395E-002   1.7183754989292917E-002
   13.920000000000000        2.7651314936678748E-002   1.9367738512238032E-002
   13.940000000000000        2.7075213297904615E-002   2.0544651494298738E-002
   13.960000000000001        2.7097742853615749E-002   2.2638662507427344E-002
   13.980000000000000        2.6479824465841628E-002   2.3692933785513539E-002
   14.000000000000000        2.6466761319875253E-002   2.5686252283049736E-002
   14.020000000000000        2.5810544639966435E-002   2.6610871919768752E-002
   14.040000000000001        2.5764288977054475E-002   2.8493523926774084E-002
   14.060000000000000        2.5073498362640605E-002   2.9282340528791199E-002
   14.080000000000000        2.4996634879414115E-002   3.1045150280474249E-002
   14.100000000000000        2.4275178104219045E-002   3.1692909068974574E-002
   14.120000000000001        2.4170455360690037E-002   3.3327545678221215E-002
   14.140000000000001        2.3422400142781342E-002   3.3829920660258403E-002
   14.160000000000000        2.3292709024632041E-002   3.5328939038186208E-002
   14.180000000000000        2.2522258718092214E-002   3.5682559100984029E-002
   14.200000000000001        2.2370610158059964E-002   3.7039434933277215E-002
   14.220000000000001        2.1582078762728881E-002   3.7241903722836679E-002
   14.240000000000000        2.1411580872983997E-002   3.8451062343482223E-002
   14.260000000000000        2.0609367520080538E-002   3.8500971828790476E-002
   14.280000000000001        2.0423202290116724E-002   3.9557810872365234E-002
   14.300000000000001        1.9611765363703428E-002   3.9454748536851603E-002
   14.320000000000000        1.9413165079885566E-002   4.0355654290455019E-002
   14.340000000000000        1.8596996135286707E-002   4.0100203932840382E-002
   14.359999999999999        1.8389219678824981E-002   4.0842561348876892E-002
   14.380000000000001        1.7572817319244746E-002   4.0436297515962345E-002
   14.400000000000000        1.7359126498989373E-002   4.1018493887001517E-002
   14.420000000000000        1.6546970370708274E-002   4.0463970000988544E-002
   14.440000000000000        1.6330606445793937E-002   4.0885392337620459E-002
   14.460000000000001        1.5527131510459855E-002   4.0186122619999043E-002
   14.480000000000000        1.5311292055487711E-002   4.0447148811711582E-002
   14.500000000000000        1.4520863295180975E-002   3.9607584144350581E-002
   14.520000000000000        1.4308679557329621E-002   3.9709568021743476E-002
   14.540000000000001        1.3535567264292950E-002   3.8735065923330973E-002
   14.560000000000000        1.3330082157524322E-002   3.8680316377213753E-002
   14.580000000000000        1.2578437955738250E-002   3.7577105309393802E-002
   14.600000000000000        1.2382584832142539E-002   3.7368859658264614E-002
   14.620000000000001        1.1656418572330520E-002   3.6143997910479363E-002
   14.640000000000001        1.1473000904673712E-002   3.5786389742331177E-002
   14.660000000000000        1.0776158567879397E-002   3.4447719177293890E-002
   14.680000000000000        1.0607830670621130E-002   3.3945740924437098E-002
   14.700000000000001        9.9439734082595599E-003   3.2501835897133124E-002
   14.720000000000001        9.7932223167459947E-003   3.1861296433564487E-002
   14.740000000000000        9.1658067470416060E-003   3.0321408225519413E-002
   14.760000000000000        9.0349353663007302E-003   2.9548885805125085E-002
   14.780000000000001        8.4471952383437937E-003   2.7922882942221408E-002
   14.800000000000001        8.3383068639764149E-003   2.7025673822609748E-002
   14.820000000000000        7.7932361913152877E-003   2.5323978668821214E-002
   14.840000000000000        7.7082204954449628E-003   2.4310041789688378E-002
   14.859999999999999        7.2085582512478267E-003   2.2543563830596535E-002
   14.880000000000001        7.1490788164318090E-003   2.1421461937099696E-002
   14.900000000000000        6.6972952718648551E-003   1.9601528185840125E-002
   14.920000000000000        6.6647787453434238E-003   1.8380365806372749E-002
   14.940000000000000        6.2630635219919871E-003   1.6518648780626571E-002
   14.960000000000001        6.2586904517354155E-003   1.5208007484558451E-002
   14.980000000000000        5.9089423477119117E-003   1.3316451216274868E-002
   15.000000000000000        5.9336397504849876E-003   1.1926322590556104E-002
   15.020000000000000        5.6374583883958681E-003   1.0017067140199697E-002
   15.040000000000001        5.6918940885730121E-003   8.5577839341711738E-003
   15.060000000000000        5.4505734218308214E-003   6.6430888883885018E-003
   15.080000000000000        5.5351521880351133E-003   5.1252547836491916E-003
   15.100000000000000        5.3496758901761992E-003   3.2174222193175708E-003
   15.120000000000001        5.4645373850582676E-003   1.6518406860479866E-003
   15.140000000000001        5.3355761348371960E-003  -2.3686191530097270E-004
   15.160000000000000        5.4805946815301120E-003  -1.8392592125736564E-003
   15.180000000000000        5.4085053446833687E-003  -3.6966756179591166E-003
   15.200000000000001        5.5832915017421493E-003  -5.3249004035307535E-003
   15.220000000000001        5.5681181985205988E-003  -7.1390613723494268E-003
   15.240000000000000        5.7720221235534469E-003  -8.7821398740967616E-003
   15.260000000000000        5.8134991594883285E-003  -1.0541337523497955E-002
   15.280000000000001        6.0456157302836546E-003  -1.2188380669018596E-002
   15.300000000000001        6.1431723562459977E-003  -1.3881241002563357E-002
   15.320000000000000        6.4023480070651553E-003  -1.5521513256427380E-002
   15.340000000000000        6.5551149635727259E-003  -1.7137066411367620E-002
   15.359999999999999        6.8399561834814855E-003  -1.8760052825855394E-002
   15.380000000000001        7.0467739734675836E-003  -2.0287800610658387E-002
   15.400000000000000        7.3556574031853877E-003  -2.1883271677612268E-002
   15.420000000000000        7.6150862271339697E-003  -2.3313251990217825E-002
   15.440000000000000        7.9461702809515873E-003  -2.4871325899379661E-002
   15.460000000000001        8.2565015584841871E-003  -2.6194173637979972E-002
   15.480000000000000        8.6077394883968955E-003  -2.7705375567290587E-002
   15.500000000000000        8.9670088811259173E-003  -2.8912379669020643E-002
   15.520000000000000        9.3361631915064650E-003  -3.0367697754677327E-002
   15.540000000000001        9.7421650333002954E-003  -3.1450854023338595E-002
   15.560000000000000        1.0126823146245471E-002  -3.2841791681784568E-002
   15.580000000000000        1.0577126179032868E-002  -3.3793851093426072E-002
   15.600000000000000        1.0974717243007017E-002  -3.5112475393713892E-002
   15.620000000000001        1.1466681548926747E-002  -3.5926987598381893E-002
   15.640000000000001        1.1874494276538292E-002  -3.7165973411331349E-002
   15.660000000000000        1.2405289290655526E-002  -3.7837325180380729E-002
   15.680000000000000        1.2820490705376750E-002  -3.8989994860452938E-002
   15.700000000000001        1.3387114187376392E-002  -3.9513443261290845E-002
   15.720000000000001        1.3806769153786260E-002  -4.0573801647927420E-002
   15.740000000000000        1.4406066992046086E-002  -4.0945501761725622E-002
   15.760000000000000        1.4827158399768959E-002  -4.1908266318851306E-002
   15.780000000000001        1.5455845117038233E-002  -4.2125293351405246E-002
   15.800000000000001        1.5875294584991588E-002  -4.2985919296655080E-002
   15.820000000000000        1.6529974411574406E-002  -4.3046284967966218E-002
   15.840000000000000        1.6944663376443792E-002  -4.3800985276760074E-002
   15.860000000000001        1.7621851754326255E-002  -4.3703648410852031E-002
   15.880000000000001        1.8028642805368516E-002  -4.4349408614482951E-002
   15.900000000000000        1.8724788185144826E-002  -4.4094279887206649E-002
   15.920000000000000        1.9120546506487878E-002  -4.4628867618415675E-002
   15.940000000000000        1.9832052298237330E-002  -4.4216808457328324E-002
   15.960000000000001        2.0213667079797947E-002  -4.4638777731187490E-002
   15.980000000000000        2.0936913619241396E-002  -4.4071593397779552E-002
   16.000000000000000        2.1301319298217599E-002  -4.4380283649877034E-002
   16.020000000000000        2.2032685690531809E-002  -4.3660710570246279E-002
   16.039999999999999        2.2376882887133465E-002  -4.3856240507946599E-002
   16.059999999999999        2.3112768592713107E-002  -4.2987927953258148E-002
   16.080000000000002        2.3433844606358358E-002  -4.3071184308981707E-002
   16.100000000000001        2.4170690635570518E-002  -4.2058670561490777E-002
   16.120000000000001        2.4465839371175760E-002  -4.2031291869312433E-002
   16.140000000000001        2.5200148958728456E-002  -4.0879975043151988E-002
   16.160000000000000        2.5466690156930028E-002  -4.0744330591355120E-002
   16.180000000000000        2.6195048790846238E-002  -3.9460434309499609E-002
   16.199999999999999        2.6430446440981640E-002  -3.9219598451845028E-002
   16.219999999999999        2.7149541126301246E-002  -3.7810132611459130E-002
   16.240000000000002        2.7351420946710687E-002  -3.7467854648651454E-002
   16.260000000000002        2.8058058589896854E-002  -3.5940571536233423E-002
   16.280000000000001        2.8224224466541742E-002  -3.5501241406214606E-002
   16.300000000000001        2.8915349273103734E-002  -3.3864587451373225E-002
   16.320000000000000        2.9043798554592451E-002  -3.3333197492479497E-002
   16.340000000000000        2.9716508339607553E-002  -3.1596260974679234E-002
   16.359999999999999        2.9805445894421585E-002  -3.0978364049210894E-002
   16.379999999999999        3.0457007213394737E-002  -2.9150819095232556E-002
   16.399999999999999        3.0504858163367385E-002  -2.8452483382466996E-002
   16.420000000000002        3.1132720179154798E-002  -2.6544530613525692E-002
   16.440000000000001        3.1138141232014527E-002  -2.5772291400527763E-002
   16.460000000000001        3.1739948242300475E-002  -2.3794595606846346E-002
   16.480000000000000        3.1701837555292621E-002  -2.2955404422486576E-002
   16.500000000000000        3.2275440114287457E-002  -2.0919029659536306E-002
   16.520000000000000        3.2192945630470406E-002  -2.0020201111822494E-002
   16.539999999999999        3.2736410208031190E-002  -1.7936543626325019E-002
   16.559999999999999        3.2608936416743117E-002  -1.6985700315407859E-002
   16.580000000000002        3.3120553547942744E-002  -1.4866419720472295E-002
   16.600000000000001        3.2947766631087692E-002  -1.3871435609439374E-002
   16.620000000000001        3.3426057519309188E-002  -1.1728384736830477E-002
   16.640000000000001        3.3207888855450896E-002  -1.0697327369610054E-002
   16.660000000000000        3.3651610402295182E-002  -8.5424812330706489E-003
   16.680000000000000        3.3388258411007142E-002  -7.4835531933990992E-003
   16.699999999999999        3.3796406656608630E-002  -5.3289375001619073E-003
   16.719999999999999        3.3488336976042428E-002  -4.2504175076150189E-003
   16.740000000000002        3.3860148943721247E-002  -2.1080371557325212E-003
   16.760000000000002        3.3508092944855933E-002  -1.0182211942865189E-003
   16.780000000000001        3.3843046894332526E-002   1.1000108088036237E-003
   16.800000000000001        3.3447998545789531E-002   2.1928679373086524E-003
   16.820000000000000        3.3745812649381535E-002   4.2752007044503694E-003
   16.840000000000000        3.3309023756967655E-002   5.3629430151860931E-003
   16.859999999999999        3.3569653223216811E-002   7.3978567343842361E-003
   16.879999999999999        3.3092627078428485E-002   8.4724835040716102E-003
   16.899999999999999        3.3316259757404175E-002   1.0448756705641658E-002
   16.920000000000002        3.2800743238928058E-002   1.1502477358553176E-002
   16.940000000000001        3.2987793752963741E-002   1.3409252094163489E-002
   16.960000000000001        3.2435767934681864E-002   1.4434539174188087E-002
   16.980000000000000        3.2586870387462927E-002   1.6261383722375816E-002
   17.000000000000000        3.2000539715558399E-002   1.7251023610757473E-002
   17.020000000000000        3.2116539041239262E-002   1.8987992340746187E-002
   17.039999999999999        3.1498319151646421E-002   1.9935133396227947E-002
   17.059999999999999        3.1580261173978594E-002   2.1572823441290717E-002
   17.080000000000002        3.0932765429578166E-002   2.2471021258501363E-002
   17.100000000000001        3.0981885708829631E-002   2.4000625671565187E-002
   17.120000000000001        3.0307910543407479E-002   2.4843885174441926E-002
   17.140000000000001        3.0325622096101585E-002   2.6257242261974807E-002
   17.160000000000000        2.9628131259124103E-002   2.7040056371676967E-002
   17.180000000000000        2.9616011242280492E-002   2.8329694926983475E-002
   17.199999999999999        2.8898119044950724E-002   2.9047079567964852E-002
   17.219999999999999        2.8857894502533489E-002   3.0206259751675787E-002
   17.240000000000002        2.8122848171342842E-002   3.0853784985183347E-002
   17.260000000000002        2.8056380945977580E-002   3.1876534628787798E-002
   17.280000000000001        2.7307542195026444E-002   3.2450351729870729E-002
   17.300000000000001        2.7216813112708352E-002   3.3331497867424113E-002
   17.320000000000000        2.6457639050407301E-002   3.3828362189391788E-002
   17.340000000000000        2.6344731489861283E-002   3.4563557652854640E-002
   17.359999999999999        2.5578754979219350E-002   3.4980847151831168E-002
   17.379999999999999        2.5445837940769267E-002   3.5566592096658071E-002
   17.400000000000002        2.4676647535308644E-002   3.5902321418256680E-002
   17.420000000000002        2.4525958326550298E-002   3.6335979677666171E-002
   17.440000000000001        2.3757177905943751E-002   3.6588809737656922E-002
   17.460000000000001        2.3591004563183287E-002   3.6868619936271323E-002
   17.480000000000000        2.2826272793982687E-002   3.7037862957246870E-002
   17.500000000000000        2.2646936359292442E-002   3.7162944347293975E-002
   17.520000000000000        2.1889886106600025E-002   3.7248564343555189E-002
   17.539999999999999        2.1699722880455848E-002   3.7218917359368553E-002
   17.559999999999999        2.0953960696085034E-002   3.7221526092360034E-002
   17.580000000000002        2.0755304584885854E-002   3.7038027651299175E-002
   17.600000000000001        2.0024390396471459E-002   3.6958876107730659E-002
   17.620000000000001        1.9819555472811955E-002   3.6623269717665941E-002
   17.640000000000001        1.9106982596471214E-002   3.6464235191768536E-002
   17.660000000000000        1.8898245987854612E-002   3.5979115956740276E-002
   17.680000000000000        1.8207421584386110E-002   3.5742684846739391E-002
   17.699999999999999        1.7997006803144481E-002   3.5111479493113752E-002
   17.719999999999999        1.7331232894402238E-002   3.4800725949771495E-002
   17.740000000000002        1.7121293717958706E-002   3.4027668024988730E-002
   17.760000000000002        1.6483748875978081E-002   3.3646228616802283E-002
   17.780000000000001        1.6276353882266108E-002   3.2736329041465187E-002
   17.800000000000001        1.5670075698976379E-002   3.2288373626635371E-002
   17.820000000000000        1.5467193556857202E-002   3.1247386808044144E-002
   17.840000000000000        1.4895061996826015E-002   3.0737585827491049E-002
   17.859999999999999        1.4698547605751872E-002   2.9571971568631047E-002
   17.879999999999999        1.4163269338407081E-002   2.9005459996980790E-002
   17.900000000000002        1.3974850905404445E-002   2.7722341459258306E-002
   17.920000000000002        1.3478944706610117E-002   2.7104679671717296E-002
   17.940000000000001        1.3300211841946760E-002   2.5711797672272368E-002
   17.960000000000001        1.2845995147717464E-002   2.5048929504514983E-002
   17.980000000000000        1.2678388053415956E-002   2.3554593449589208E-002
   18.000000000000000        1.2267964740984322E-002   2.2852801745095679E-002
   18.020000000000000        1.2112764558701828E-002   2.1265837519578817E-002
   18.039999999999999        1.1748014022159737E-002   2.0531697474169740E-002
   18.059999999999999        1.1606334398921385E-002   1.8861392623987762E-002
   18.080000000000002        1.1288901978287816E-002   1.8101723250520920E-002
   18.100000000000001        1.1161681900192585E-002   1.6357769808869767E-002
   18.120000000000001        1.0892970714076312E-002   1.5579583856118734E-002
   18.140000000000001        1.0780968649446136E-002   1.3772019176617366E-002
   18.160000000000000        1.0562132872525880E-002   1.2982471845179326E-002
   18.180000000000000        1.0465922257097832E-002   1.1121617814751995E-002
   18.199999999999999        1.0297861874494043E-002   1.0327954619388596E-002
   18.219999999999999        1.0217827962220484E-002   8.4243556310449469E-003
   18.240000000000002        1.0101185023540614E-002   7.6338597631139520E-003
   18.260000000000002        1.0037523117422077E-002   5.6982198337467184E-003
   18.280000000000001        9.9726795038843231E-003   4.9181593793180840E-003
   18.300000000000001        9.9253945720740745E-003   2.9612788001675818E-003
   18.320000000000000        9.9124712807125460E-003   2.1988541690344887E-003
   18.340000000000000        9.8813789539594424E-003   2.3156607657807884E-004
   18.359999999999999        9.9202368935457346E-003  -5.0614200531460705E-004
   18.379999999999999        9.9049658309419020E-003  -2.4730347525852730E-003
   18.400000000000002        9.9952081149825740E-003  -3.1791163397370493E-003
   18.420000000000002        9.9952037160125785E-003  -5.1349035978566146E-003
   18.440000000000001        1.0136179429056589E-002  -5.8026693704718154E-003
   18.460000000000001        1.0150708861161758E-002  -7.7367950860611056E-003
   18.480000000000000        1.0341518265732553E-002  -8.3598246129885541E-003
   18.500000000000000        1.0369676768063142E-002  -1.0261946774298768E-002
   18.520000000000000        1.0609177910871301E-002  -1.0834134874147054E-002
   18.539999999999999        1.0649896326653557E-002  -1.2694183684011151E-002
   18.559999999999999        1.0936712994400112E-002  -1.3209784578441627E-002
   18.580000000000002        1.0988766476446050E-002  -1.5018018509621811E-002
   18.600000000000001        1.1321297443543927E-002  -1.5471687478255934E-002
   18.620000000000001        1.1383315269927443E-002  -1.7218746887251619E-002
   18.640000000000001        1.1759744772896534E-002  -1.7605579150886022E-002
   18.660000000000000        1.1830221202756192E-002  -1.9282537143741348E-002
   18.680000000000000        1.2248530568931087E-002  -1.9598103721525467E-002
   18.699999999999999        1.2325836661780406E-002  -2.1196513984428324E-002
   18.719999999999999        1.2783817013350478E-002  -2.1436894291197973E-002
   18.740000000000002        1.2866213329220453E-002  -2.2948835619562062E-002
   18.760000000000002        1.3361479277538175E-002  -2.3110646591501090E-002
   18.780000000000001        1.3447129369780224E-002  -2.4528763873628543E-002
   18.800000000000001        1.3977133609360147E-002  -2.4609185433704252E-002
   18.820000000000000        1.4064118217033246E-002  -2.5926726868889687E-002
   18.840000000000000        1.4626166923752223E-002  -2.5923523567923240E-002
   18.859999999999999        1.4712498766234197E-002  -2.7134373923824312E-002
   18.879999999999999        1.5303767699960476E-002  -2.7045912618455122E-002
   18.900000000000002        1.5387406772785097E-002  -2.8144622358556946E-002
   18.920000000000002        1.6004957981033043E-002  -2.7969885813575079E-002
   18.940000000000001        1.6083827248982052E-002  -2.8951695952447471E-002
   18.960000000000001        1.6724626265229824E-002  -2.8690292281830239E-002
   18.980000000000000        1.6796627646418559E-002  -2.9551154853444780E-002
   19.000000000000000        1.7457561074452722E-002  -2.9203322741769538E-002
   19.020000000000000        1.7520591607551615E-002  -2.9939916794231233E-002
   19.039999999999999        1.8198484981626070E-002  -2.9506526467769793E-002
   19.059999999999999        1.8250453067465189E-002  -3.0116269526246707E-002
   19.080000000000002        1.8942088877188037E-002  -2.9598819470800043E-002
   19.100000000000001        1.8980930485801101E-002  -3.0079874439023446E-002
   19.120000000000001        1.9683066254493814E-002  -2.9480483889250571E-002
   19.140000000000001        1.9706760989170197E-002  -2.9831761388527323E-002
   19.160000000000000        2.0416147294975779E-002  -2.9153158640982037E-002
   19.180000000000000        2.0422734206097873E-002  -2.9374314814030741E-002
   19.199999999999999        2.1136132536341560E-002  -2.8619821443169147E-002
   19.219999999999999        2.1123725579679939E-002  -2.8711251278084510E-002
   19.240000000000002        2.1837925910895558E-002  -2.7884762360972204E-002
   19.260000000000002        2.1804728947601004E-002  -2.7847588618064002E-002
   19.280000000000001        2.2516566946212447E-002  -2.6953549099226724E-002
   19.300000000000001        2.2460888184962741E-002  -2.6789606950200794E-002
   19.320000000000000        2.3167261926832945E-002  -2.5832984302862932E-002
   19.340000000000000        2.3087527712440329E-002  -2.5544801817647574E-002
   19.359999999999999        2.3785413823345414E-002  -2.4531055181332702E-002
   19.379999999999999        2.3680181680580333E-002  -2.4121829822646774E-002
   19.400000000000002        2.4366650804105897E-002  -2.3056875819624137E-002
   19.420000000000002        2.4234621650513266E-002  -2.2530447128982840E-002
   19.440000000000001        2.4906853154871417E-002  -2.1420622583192533E-002
   19.460000000000001        2.4746882601912459E-002  -2.0781441264311699E-002
   19.480000000000000        2.5402178442706636E-002  -1.9633463066057483E-002
   19.500000000000000        2.5213287110614439E-002  -1.8886556692414840E-002
   19.520000000000000        2.5849084772595687E-002  -1.7707479070155820E-002
   19.539999999999999        2.5630467550845228E-002  -1.6858414662676301E-002
   19.559999999999999        2.6244351998166982E-002  -1.5655584139566400E-002
   19.580000000000002        2.5995386190386566E-002  -1.4710427877907203E-002
   19.600000000000001        2.6585100761730797E-002  -1.3491436205225684E-002
   19.620000000000001        2.6305353061175731E-002  -1.2456710551846228E-002
   19.640000000000001        2.6868809253344995E-002  -1.1229345924046667E-002
   19.660000000000000        2.6558041502667471E-002  -1.0111984454072100E-002
   19.680000000000000        2.7093327593766467E-002  -8.8841813207773419E-003
   19.699999999999999        2.6751501290698122E-002  -7.6914815625275801E-003
   19.719999999999999        2.7256889761814503E-002  -6.4712693613533344E-003
   19.740000000000002        2.6884169280478525E-002  -5.2108439622518717E-003
   19.760000000000002        2.7358123002764391E-002  -4.0062951028045548E-003
   19.780000000000001        2.6954877508599696E-002  -2.6860216431549258E-003
   19.800000000000001        2.7396054670799953E-002  -1.5051990768861234E-003
   19.820000000000000        2.6962858715457765E-002  -1.3316885967499126E-004
   19.840000000000000        2.7370116475176159E-002   1.0159264275342423E-003
   19.859999999999999        2.6907749266185547E-002   2.4314602791001591E-003
   19.879999999999999        2.7280146116470307E-002   3.5409415147134265E-003
   19.900000000000002        2.6789589464910168E-002   4.9916163188105517E-003
   19.920000000000002        2.7126386316025625E-002   6.0537625969631550E-003
   19.940000000000001        2.6608821273832940E-002   7.5311584014720358E-003
   19.960000000000001        2.6909481258308166E-002   8.5384654112754498E-003
   19.980000000000000        2.6366283465143362E-002   1.0034156979203065E-002
   20.000000000000000        2.6630470482301875E-002   1.0979386483770899E-002
