   0.0000000000000000        1.0000000000000000        0.0000000000000000     
   2.0000000000000000E-002   1.0000000000000000        0.0000000000000000     
   4.0000000000000001E-002  0.99978028404845820        2.0000000000000000E-002
   5.9999999999999998E-002  0.99912100746585264        4.0000000000000001E-002
   8.0000000000000002E-002  0.99846209833207333        5.9935984108166640E-002
  0.10000000000000001       0.99736514981591540        7.9871968574799890E-002
  0.12000000000000000       0.99626884872384480        9.9680139395245712E-002
  0.14000000000000001       0.99473755331491742       0.11948833673694197     
  0.16000000000000000       0.99320708799941471       0.13910537043115240     
  0.17999999999999999       0.99124619461857255       0.15872250789219250     
  0.20000000000000001       0.98928620630532837       0.17808580730962717     
  0.22000000000000000       0.98690186955832671       0.19744936369356536     
  0.23999999999999999       0.98451839424488330       0.21649730844625745     
  0.26000000000000001       0.98171815057117151       0.23554576354436563     
  0.28000000000000003       0.97891859469075782       0.25421795591360569     
  0.29999999999999999       0.97571133295681511       0.27289103552882760     
  0.32000000000000001       0.97250444353114041       0.29112854111029163     
  0.34000000000000002       0.96890037019319686       0.30936745658708176     
  0.35999999999999999       0.96529619960438628       0.32711303860399943     
  0.38000000000000000       0.96130679858917767       0.34486071979930633     
  0.40000000000000002       0.95731666412458749       0.36205906604140115     
  0.41999999999999998       0.95295465160003090       0.37926038670186485     
  0.44000000000000000       0.94859108994666042       0.39585832808075316     
  0.46000000000000002       0.94387036417692249       0.41246032262583110     
  0.47999999999999998       0.93914708106444345       0.42840704237524752     
  0.50000000000000000       0.93408266756570002       0.44435911312535104     
  0.52000000000000002       0.92901448277865539       0.45960634571685116     
  0.54000000000000004       0.92362247501280714       0.47486045964953283     
  0.56000000000000005       0.91822526301318996       0.48936267854107518     
  0.57999999999999996       0.91252275887680290       0.50387355270669698     
  0.59999999999999998       0.90681338529790434       0.51758814609255421     
  0.62000000000000000       0.90081841968258258       0.53131342087350519     
  0.64000000000000001       0.89481467397359571       0.54420085465911194     
  0.66000000000000003       0.88854614769175866       0.55710125411331946     
  0.68000000000000005       0.88226667221003618       0.56912522139770882     
  0.70000000000000007       0.87574427759656481       0.58116469998765896     
  0.71999999999999997       0.86920849346055040       0.59229225639882521     
  0.73999999999999999       0.86245263697588570       0.60343813147130887     
  0.76000000000000001       0.85568066700646994       0.61363981576587912     
  0.78000000000000003       0.84871238918039360       0.62386288521491318     
  0.80000000000000004       0.84172497827169290       0.63311282462261420     
  0.82000000000000006       0.83456587133910654       0.64238746923812429     
  0.83999999999999997       0.82738430461133183       0.65066346910335315     
  0.85999999999999999       0.82005642820179137       0.65896773918089813     
  0.88000000000000000       0.81270244729888530       0.66625135652789336     
  0.90000000000000002       0.80522824255036807       0.67356704238958365     
  0.92000000000000004       0.79772396045336480       0.67984364311385403     
  0.94000000000000006       0.79012616292768112       0.68615632926727266     
  0.95999999999999996       0.78249397766122220       0.69141512873367994     
  0.97999999999999998       0.77479552944357655       0.69671423147363576     
   1.0000000000000000       0.76705803705764208       0.70094831838041527     
   1.0200000000000000       0.75928199842606092       0.70522710671732147     
   1.0400000000000000       0.75146190563771287       0.70843345016492931     
   1.0600000000000001       0.74363136668935392       0.71168905004306038     
   1.0800000000000001       0.73575140357010227       0.71386848982661422     
   1.1000000000000001       0.72788939619083337       0.71610187167501194     
   1.1200000000000001       0.71997222928412163       0.71725909189879578     
   1.1400000000000001       0.71210163984519770       0.71847504163671705     
   1.1599999999999999       0.70416978609545655       0.71861852782829883     
   1.1799999999999999       0.69631326925665038       0.71882560152539376     
   1.2000000000000000       0.68838901112640360       0.71796758150491735     
   1.2200000000000000       0.68056890511858104       0.71717804397334761     
   1.2400000000000000       0.67267420726323723       0.71533441281007537     
   1.2600000000000000       0.66491245101515517       0.71356416048111904     
   1.2800000000000000       0.65706887887642285       0.71075438994389251     
   1.3000000000000000       0.64938693134051562       0.70802285845482338     
   1.3200000000000001       0.64161557200889641       0.70426989143538044     
   1.3400000000000001       0.63403433402907827       0.70059994842316786     
   1.3600000000000001       0.62635571971368675       0.69593007888082259     
   1.3800000000000001       0.61889545876479946       0.69134790254711453     
   1.4000000000000001       0.61132949319491448       0.68579064158980840     
   1.4199999999999999       0.60400977130848776       0.68032558566639389     
   1.4399999999999999       0.59657565937584045       0.67391351444623804     
   1.4600000000000000       0.58941526455039728       0.66759796025142559     
   1.4800000000000000       0.58213144548434981       0.66036657041226643     
   1.5000000000000000       0.57514832686068085       0.65323576674607664     
   1.5200000000000000       0.56803241121024850       0.64522328921605554     
   1.5400000000000000       0.56124361827301683       0.63731518089556083     
   1.5600000000000001       0.55431232895024496       0.62856240386885864     
   1.5800000000000001       0.54773395499706889       0.61991744975417717     
   1.6000000000000001       0.54100307261571645       0.61046752675291893     
   1.6200000000000001       0.53465020271363595       0.60112850815909391     
   1.6400000000000001       0.52813451543555201       0.59102675710855135     
   1.6600000000000001       0.52202117906263568       0.58103857753864918     
   1.6799999999999999       0.51573443714177281       0.57033227182626023     
   1.7000000000000000       0.50987356568868403       0.55974174899635887     
   1.7200000000000000       0.50382844087949041       0.54847990151755266     
   1.7400000000000000       0.49823183016223027       0.53733555267475053     
   1.7600000000000000       0.49243988013533191       0.52556869389601990     
   1.7800000000000000       0.48711815804623143       0.51392051545608541     
   1.8000000000000000       0.48158979592997303       0.50170046654810052     
   1.8200000000000001       0.47655239532944332       0.48959970909982992     
   1.8400000000000001       0.47129686447113273       0.47697935121059126     
   1.8600000000000001       0.46655200139781433       0.46447829094930226     
   1.8800000000000001       0.46157735541352735       0.45151133169933899     
   1.9000000000000001       0.45713201266543407       0.43866303936217743     
   1.9199999999999999       0.45244510082210643       0.42540377765060644     
   1.9399999999999999       0.44830501693624564       0.41226188603146446     
   1.9600000000000000       0.44391147488462640       0.39876497624333707     
   1.9800000000000000       0.44008113851751712       0.38538344736519614     
   2.0000000000000000       0.43598538436949913       0.37170366406699823     
   2.0200000000000000       0.43246803405611084       0.35813655708443892     
   2.0400000000000000       0.42867326977510284       0.34432856128592326     
   2.0600000000000001       0.42547089901911522       0.33062980218043642     
   2.0800000000000001       0.42197911706759061       0.31674791022721299     
   2.1000000000000001       0.41909248469163629       0.30297106434286625     
   2.1200000000000001       0.41590447985589540       0.28906902048544025     
   2.1400000000000001       0.41333312551669954       0.27526706893248104     
   2.1600000000000001       0.41044851180532227       0.26139782259380856     
   2.1800000000000002       0.40819077655550301       0.24762294352302072     
   2.2000000000000002       0.40560800904505478       0.23383843225826711     
   2.2200000000000002       0.40366106080089609       0.22014178797946179     
   2.2400000000000002       0.40137746228028137       0.20649272708863659     
   2.2600000000000002       0.39973732603313805       0.19292425797268692     
   2.2800000000000002       0.39774911827667647       0.17945993768935045     
   2.3000000000000003       0.39641071086491558       0.16606816375483496     
   2.3199999999999998       0.39471305034383902       0.15283625489230465     
   2.3399999999999999       0.39367021958245874       0.13966808593528340     
   2.3599999999999999       0.39225723740518914       0.12671445482591245     
   2.3799999999999999       0.39150280535157517       0.11381500990482733     
   2.3999999999999999       0.39036765120492950       0.10118354341820704     
   2.4199999999999999       0.38989346132169772        8.8595980455594400E-002
   2.4399999999999999       0.38902835116816548        7.6328421828186110E-002
   2.4600000000000000       0.38882531912778084        6.4093778037062829E-002
   2.4800000000000000       0.38822158639830673        5.2229574189061129E-002
   2.5000000000000000       0.38827975425923777        4.0386617974760369E-002
   2.5200000000000000       0.38792790426659546        2.8962778930209498E-002
   2.5400000000000000       0.38823649773723384        1.7547873858388029E-002
   2.5600000000000001       0.38812626502215869        6.5988448220229423E-003
   2.5800000000000001       0.38867375351666783       -4.3541738191546810E-003
   2.6000000000000001       0.38879416182749127       -1.4796627239870450E-002
   2.6200000000000001       0.38956832100720451       -2.5256562820418122E-002
   2.6400000000000001       0.38990774560385000       -3.5163455826694848E-002
   2.6600000000000001       0.39089572208886580       -4.5101847302454694E-002
   2.6800000000000002       0.39144195405377130       -5.4447063196521969E-002
   2.7000000000000002       0.39263033198203195       -6.3838268256552685E-002
   2.7200000000000002       0.39337064421389323       -7.2598631532707819E-002
   2.7400000000000002       0.39474551331931462       -8.1419895709135479E-002
   2.7600000000000002       0.39566672788052110       -8.9575230732527197E-002
   2.7800000000000002       0.39721375275768889       -9.7806742286419862E-002
   2.8000000000000003       0.39830230924296828      -0.10533991742050630     
   2.8199999999999998       0.40000679946353973      -0.11296484788867556     
   2.8399999999999999       0.40124882405564566      -0.11986180500445037     
   2.8599999999999999       0.40309580480090035      -0.12686633536354075     
   2.8799999999999999       0.40447717967916680      -0.13311610473563773     
   2.8999999999999999       0.40645146255412662      -0.13948943721105195     
   2.9199999999999999       0.40795789532336035      -0.14508413787733271     
   2.9399999999999999       0.41004414902052921      -0.15081849349507256     
   2.9600000000000000       0.41166124183099689      -0.15575331922689514     
   2.9800000000000000       0.41384406231603010      -0.16084392127589639     
   3.0000000000000000       0.41555738035018724      -0.16511711237558463     
   3.0200000000000000       0.41782136024764976      -0.16956215601622113     
   3.0400000000000000       0.41961649925571654      -0.17317495722594622     
   3.0600000000000001       0.42194629612048368      -0.17697556554671856     
   3.0800000000000001       0.42380894869494662      -0.17993217041871945     
   3.1000000000000001       0.42618935186368834      -0.18309233730738292     
   3.1200000000000001       0.42810537215224415      -0.18539981944886166     
   3.1400000000000001       0.43052136787974982      -0.18792633970606520     
   3.1600000000000001       0.43247683444704144      -0.18959457137288460     
   3.1800000000000002       0.43491366904381962      -0.19149695855547866     
   3.2000000000000002       0.43689494560447845      -0.19253851712667031     
   3.2200000000000002       0.43933818630503035      -0.19382890966391336     
   3.2400000000000002       0.44133198006395269      -0.19425897258370189     
   3.2600000000000002       0.44376757336928702      -0.19495202876238810     
   3.2800000000000002       0.44576099071965980      -0.19478825758770235     
   3.3000000000000003       0.44817531797290422      -0.19490104005150569     
   3.3200000000000003       0.45015591731816773      -0.19416345429055168     
   3.3399999999999999       0.45253584728845148      -0.19371530474441728     
   3.3599999999999999       0.45449168877105334      -0.19242614621562534     
   3.3799999999999999       0.45682462703808818      -0.19143855106764140     
   3.3999999999999999       0.45874431897545631      -0.18962213954799004     
   3.4199999999999999       0.46101825392533713      -0.18811858725867422     
   3.4399999999999999       0.46289099577187681      -0.18580116822587533     
   3.4600000000000000       0.46509454103345660      -0.18380699916805993     
   3.4800000000000000       0.46691016270646718      -0.18101658447222987     
   3.5000000000000000       0.46903259587713458      -0.17855883413360740     
   3.5200000000000000       0.47078159330424019      -0.17532503646073008     
   3.5400000000000000       0.47281289083394007      -0.17243227284552473     
   3.5600000000000001       0.47448645759983765      -0.16878613485714825     
   3.5800000000000001       0.47641732572262058      -0.16548829096323092     
   3.6000000000000001       0.47800738071356574      -0.16146211001435673     
   3.6200000000000001       0.47982928233673072      -0.15779031227736739     
   3.6400000000000001       0.48132849330210220      -0.15341746162734496     
   3.6600000000000001       0.48303367078400206      -0.14940385523399266     
   3.6800000000000002       0.48443547375540963      -0.14471860267339692     
   3.7000000000000002       0.48601696752411683      -0.14039617465206261     
   3.7200000000000002       0.48731558205373915      -0.13543349947200209     
   3.7400000000000002       0.48876724503992053      -0.13083590047008320     
   3.7600000000000002       0.48995768524097649      -0.12563130969918002     
   3.7800000000000002       0.49127419311939124      -0.12079267535331922     
   3.8000000000000003       0.49235227451275970      -0.11538202018175718     
   3.8200000000000003       0.49352913176767826      -0.11033679297924183     
   3.8399999999999999       0.49449147395958132      -0.10475608627885281     
   3.8599999999999999       0.49552501581002106       -9.9538838796130763E-002
   3.8799999999999999       0.49636904104627816       -9.3824074630564760E-002
   3.8999999999999999       0.49725643128716424       -8.8469335018087611E-002
   3.9199999999999999       0.49798035894970616       -8.2656311017787143E-002
   3.9399999999999999       0.49871958378479858       -7.7198391579378675E-002
   3.9600000000000000       0.49932242091580381       -7.1322535032477180E-002
   3.9800000000000000       0.49991227887738615       -6.5795364722266533E-002
   4.0000000000000000       0.50039380683547341       -5.9891563204794704E-002
   4.0200000000000005       0.50083389490428387       -5.4328524835604047E-002
   4.0400000000000000       0.50119465227556814       -4.8430962172681773E-002
   4.0600000000000005       0.50148534833218006       -4.2864735096791798E-002
   4.0800000000000001       0.50172661023658782       -3.7006733410989853E-002
   4.0999999999999996       0.50186905199232679       -3.1469142397615432E-002
   4.1200000000000001       0.50199280594227857       -2.5683010961593967E-002
   4.1399999999999997       0.50198886651371832       -2.0204881955399198E-002
   4.1600000000000001       0.50199778499804792       -1.4521773523491890E-002
   4.1799999999999997       0.50185004530407507       -9.1327969252877495E-003
   4.2000000000000002       0.50174745528477893       -3.5825721731423694E-003
   4.2199999999999998       0.50145917345909019        1.6888257622117483E-003
   4.2400000000000002       0.50124902298212382        7.0777251092458884E-003
   4.2599999999999998       0.50082410100674846        1.2204502211511195E-002
   4.2800000000000002       0.50051092314053491        1.7405171031566698E-002
   4.2999999999999998       0.49995387091750071        2.2361779995331708E-002
   4.3200000000000003       0.49954274524403897        2.7348957728403178E-002
   4.3399999999999999       0.49885864233256821        3.2111447293095050E-002
   4.3600000000000003       0.49835515422596371        3.6861615783548317E-002
   4.3799999999999999       0.49754960948155169        4.1407721926622079E-002
   4.4000000000000004       0.49695980741740148        4.5899192785758845E-002
   4.4199999999999999       0.49603891677675055        5.0208419599040599E-002
   4.4400000000000004       0.49536926792305785        5.4421410782005311E-002
   4.4600000000000000       0.49433957058508943        5.8475100758947220E-002
   4.4800000000000004       0.49359691493123092        6.2391802109663372E-002
   4.5000000000000000       0.49246534818924875        6.6173195629907033E-002
   4.5200000000000005       0.49165685147395000        6.9777823207839373E-002
   4.5400000000000000       0.49043070445746900        7.3272107064654327E-002
   4.5600000000000005       0.48956381015974898        7.6550946127678515E-002
   4.5800000000000001       0.48825067674652584        7.9745291003218421E-002
   4.6000000000000005       0.48733305740514449        8.2686727581408354E-002
   4.6200000000000001       0.48594078856455425        8.5570314433984440E-002
   4.6399999999999997       0.48498029669164444        8.8164855489369878E-002
   4.6600000000000001       0.48351695251974985        9.0728890875758555E-002
   4.6799999999999997       0.48252157137304907        9.2969173102737113E-002
   4.7000000000000002       0.48099537307752671        9.5206893516601665E-002
   4.7199999999999998       0.47997316755296637        9.7087680896392275E-002
   4.7400000000000002       0.47839244964251154        9.8994346260899438E-002
   4.7599999999999998       0.47735151754490379       0.10051251654089054     
   4.7800000000000002       0.47572468047286970       0.10208539304924473     
   4.7999999999999998       0.47467310441708799       0.10323991337402200     
   4.8200000000000003       0.47300856792296553       0.10447824592563584     
   4.8399999999999999       0.47195436811139307       0.10527013790058685     
   4.8600000000000003       0.47026052549635489       0.10617511243268328     
   4.8799999999999999       0.46921161361052416       0.10660740695309889     
   4.9000000000000004       0.46749678717469423       0.10718210301743793     
   4.9199999999999999       0.46646092161001912       0.10725978524570727     
   4.9400000000000004       0.46473331946945018       0.10750911922760592     
   4.9600000000000000       0.46371806213182332       0.10723906414819466     
   4.9800000000000004       0.46198573662243358       0.10716972356983254     
   5.0000000000000000       0.46099841149429455       0.10656062259602112     
   5.0200000000000005       0.45926921935830489       0.10618099198798779     
   5.0400000000000000       0.45831687302965141       0.10524327113562415     
   5.0600000000000005       0.45659843756745050       0.10456334999957356     
   5.0800000000000001       0.45568780191424457       0.10330908018117901     
   5.1000000000000005       0.45398747727117067       0.10234039360213691     
   5.1200000000000001       0.45312493444976393       0.10078319362942838     
   5.1399999999999997       0.45144977219311344        9.9538696128596449E-002
   5.1600000000000001       0.45064132210476537        9.7693629042707786E-002
   5.1799999999999997       0.44899804023150369        9.6187602290384783E-002
   5.2000000000000002       0.44824927059588021        9.4071065666657849E-002
   5.2199999999999998       0.44664422509612850        9.2319010700039006E-002
   5.2400000000000002       0.44596028425693451        8.9948621598105030E-002
   5.2599999999999998       0.44439944334242776        8.7967146210127620E-002
   5.2800000000000002       0.44378501591213626        8.5361621460025586E-002
   5.2999999999999998       0.44227393700258361        8.3168323443024578E-002
   5.3200000000000003       0.44173322243666774        8.0347355974239129E-002
   5.3399999999999999       0.44027703198038742        7.7960702915905136E-002
   5.3600000000000003       0.43981372615463160        7.4944834848405750E-002
   5.3799999999999999       0.43841710234307518        7.2384041187360693E-002
   5.4000000000000004       0.43803438219053048        6.9194534411961828E-002
   5.4199999999999999       0.43670154060944349        6.6479436466169453E-002
   5.4400000000000004       0.43640205185649289        6.3138141445800447E-002
   5.4600000000000000       0.43513673409957671        6.0289071129012439E-002
   5.4800000000000004       0.43492258212347767        5.6818294652802442E-002
   5.5000000000000000       0.43372804737761111        5.3855952592329406E-002
   5.5200000000000005       0.43360079119088069        5.0278325210809438E-002
   5.5400000000000000       0.43247981078531833        4.7223653974144124E-002
   5.5600000000000005       0.43244046013550325        4.3561997836400315E-002
   5.5800000000000001       0.43139531503108286        4.0436055964670869E-002
   5.6000000000000005       0.43144433058790765        3.6713253767023793E-002
   5.6200000000000001       0.43047681176625258        3.3537091300001730E-002
   5.6399999999999997       0.43061410835194158        2.9775957040829523E-002
   5.6600000000000001       0.42972552004902587        2.6570493201363024E-002
   5.6799999999999997       0.42995047285183824        2.2793645418143289E-002
   5.7000000000000002       0.42914163856516707        1.9579549103553563E-002
   5.7199999999999998       0.42945309226094336        1.5809287246201363E-002
   5.7400000000000002       0.42872436344507253        1.2606860950508834E-002
   5.7599999999999998       0.42912064413694362        8.8650455197845680E-003
   5.7800000000000002       0.42847191148818847        5.6941132837807548E-003
   5.7999999999999998       0.42895084136061823        2.0020503350984299E-003
   5.8200000000000003       0.42838154857865768       -1.1181497085755070E-003
   5.8399999999999999       0.42894046314874212       -4.7398191270095237E-003
   5.8600000000000003       0.42844962305046991       -7.7907370792840375E-003
   5.8799999999999999       0.42908539088696673       -1.1322142019230921E-002
   5.9000000000000004       0.42867160373644175       -1.4286012911308668E-002
   5.9199999999999999       0.42938064850540963       -1.7708151650090386E-002
   5.9400000000000004       0.42904212241316342       -2.0568086049863807E-002
   5.9600000000000000       0.42982044709840606       -2.3862918789750453E-002
   5.9800000000000004       0.42955502033372805       -2.6602986896184101E-002
   6.0000000000000000       0.43039823347051004       -2.9753521619645042E-002
   6.0200000000000005       0.43020339852169442       -3.2358830465088487E-002
   6.0400000000000000       0.43110674227346640       -3.5349201570921092E-002
   6.0600000000000005       0.43097967148340410       -3.7805964994690806E-002
   6.0800000000000001       0.43193805138358088       -4.0621504384563113E-002
   6.1000000000000005       0.43187562398154783       -4.2917105485897826E-002
   6.1200000000000001       0.43288364015575320       -4.5544405816678742E-002
   6.1400000000000006       0.43288247050080692       -4.7667451641065200E-002
   6.1600000000000001       0.43393445017945687       -5.0094421505199015E-002
   6.1799999999999997       0.43399091702652531       -5.2034789764812933E-002
   6.2000000000000002       0.43508094815318532       -5.4250700608651239E-002
   6.2199999999999998       0.43519122474972532       -5.5999578284987722E-002
   6.2400000000000002       0.43631319048735645       -5.7995102923146941E-002
   6.2599999999999998       0.43647327530638191       -5.9545016647552081E-002
   6.2800000000000002       0.43762088924139059       -6.1312259279744277E-002
   6.2999999999999998       0.43782663715571773       -6.2657097435232054E-002
   6.3200000000000003       0.43899347899864283       -6.4189615120347765E-002
   6.3399999999999999       0.43924063270136765       -6.5324641655524013E-002
   6.3600000000000003       0.44042018428306784       -6.6617457245758988E-002
   6.3799999999999999       0.44070440576056230       -6.7539317238612062E-002
   6.4000000000000004       0.44189008712389227       -6.8588923823860601E-002
   6.4199999999999999       0.44220698898996313       -6.9295640879357398E-002
   6.4400000000000004       0.44339219437913119       -7.0099997838685438E-002
   6.4600000000000000       0.44373737088240189       -7.0590963449280106E-002
   6.4800000000000004       0.44491550443545613       -7.1149484251791198E-002
   6.5000000000000000       0.44528456195647809       -7.1425439293870366E-002
   6.5200000000000005       0.44644907291064345       -7.1738971235446217E-002
   6.5400000000000000       0.44683765977068057       -7.1801979817166392E-002
   6.5600000000000005       0.44798207699553122       -7.1872775922170340E-002
   6.5800000000000001       0.44838591240535081       -7.1726191838869482E-002
   6.6000000000000005       0.44950387808500725       -7.1557875196727072E-002
   6.6200000000000001       0.44991878006930486       -7.1206301288905427E-002
   6.6400000000000006       0.45100408236195089       -7.0803822134314798E-002
   6.6600000000000001       0.45142599450318682       -7.0253062879883782E-002
   6.6799999999999997       0.45247259901415671       -6.9622648762066502E-002
   6.7000000000000002       0.45289761586853211       -6.8879656468978825E-002
   6.7199999999999998       0.45389969578197104       -6.8028755889680645E-002
   6.7400000000000002       0.45432408682996644       -6.7101570887011991E-002
   6.7599999999999998       0.45527605155356021       -6.6038790818738272E-002
   6.7800000000000002       0.45569628355783520       -6.4936476073641197E-002
   6.7999999999999998       0.45659280574527722       -6.3671513798715260E-002
   6.8200000000000003       0.45700556339972420       -6.2404084413272574E-002
   6.8399999999999999       0.45784160422637860       -6.0947654150604130E-002
   6.8600000000000003       0.45824380899166839       -5.9526002216354020E-002
   6.8799999999999999       0.45901464157022775       -5.7889757026183278E-002
   6.9000000000000004       0.45940346860321196       -5.6325572334868276E-002
   6.9199999999999999       0.46010469943797266       -5.4522021812110237E-002
   6.9400000000000004       0.46047759253474413       -5.2827708938931794E-002
   6.9600000000000000       0.46110518092535846       -5.0870133223002101E-002
   6.9800000000000004       0.46145986541054562       -4.9058725513273213E-002
   7.0000000000000000       0.46201014072868785       -4.6961086156368056E-002
   7.0200000000000005       0.46234463423659561       -4.5046157157897004E-002
   7.0400000000000000       0.46281431101182396       -4.2823005404577626E-002
   7.0600000000000005       0.46312693211825839       -4.0818578296353054E-002
   7.0800000000000001       0.46351312288239438       -3.8484961334921686E-002
   7.1000000000000005       0.46380249755934344       -3.6405416907686491E-002
   7.1200000000000001       0.46410272341184761       -3.3976782658224444E-002
   7.1400000000000006       0.46436778929056211       -3.1836766404325589E-002
   7.1600000000000001       0.46457998816058704       -2.9328867409402340E-002
   7.1799999999999997       0.46481999660193446       -2.7143196277904406E-002
   7.2000000000000002       0.46494252919590684       -2.4571993259884385E-002
   7.2199999999999998       0.46515704518008394       -2.2355562628373783E-002
   7.2400000000000002       0.46518869861673284       -1.9737128271987873E-002
   7.2599999999999998       0.46537759847744420       -1.7504819678825806E-002
   7.2800000000000002       0.46531758762508013       -1.4855243189297766E-002
   7.2999999999999998       0.46548105466604561       -1.2621833359374892E-002
   7.3200000000000003       0.46532902120953179       -9.9571263349767722E-003
   7.3399999999999999       0.46546753925360557       -7.7371980183687031E-003
   7.3600000000000003       0.46522354853077957       -5.0732021619184098E-003
   7.3799999999999999       0.46533789346397697       -2.8810572883428819E-003
   7.4000000000000004       0.46500242912320949       -2.3335446496208084E-004
   7.4199999999999999       0.46509365850747836        1.9170699022843457E-003
   7.4400000000000004       0.46466761504953191        4.5332447737363064E-003
   7.4600000000000000       0.46473705588910913        6.6284572224972124E-003
   7.4800000000000004       0.46422172916742060        9.1982999793665879E-003
   7.5000000000000000       0.46427096392402112        1.1225331834389727E-002
   7.5200000000000005       0.46366803968792036        1.3734549141482177E-002
   7.5400000000000000       0.46369889064975967        1.5681027440151298E-002
   7.5600000000000005       0.46301043122489666        1.8115912709352752E-002
   7.5800000000000001       0.46302494334359462        1.9970128684948078E-002
   7.6000000000000005       0.46225337255293125        2.2317633459455644E-002
   7.6200000000000001       0.46225379487063917        2.4068606180061451E-002
   7.6400000000000006       0.46140188130772158        2.6316406630526548E-002
   7.6600000000000001       0.46139064710431049        2.7953941473986048E-002
   7.6799999999999997       0.46046148587813457        3.0090499686603930E-002
   7.7000000000000002       0.46044119167494602        3.1605241365723652E-002
   7.7199999999999998       0.45943818475252501        3.3619861136500638E-002
   7.7400000000000002       0.45941156831497942        3.5003341023817650E-002
   7.7599999999999998       0.45833840359369166        3.6886217908695097E-002
   7.7800000000000002       0.45830832107995068        3.8130895446323594E-002
   7.7999999999999998       0.45716895032685745        3.9873160853316443E-002
   7.8200000000000003       0.45713835273372133        4.0972458870464010E-002
   7.8399999999999999       0.45593696853328614        4.2566218017258371E-002
   7.8600000000000003       0.45590887759356130        4.3514551815722016E-002
   7.8799999999999999       0.45464988944855483        4.4952915414045412E-002
   7.9000000000000004       0.45462737313623786        4.5745715520137335E-002
   7.9199999999999999       0.45331538286907219        4.7022825086440109E-002
   7.9400000000000004       0.45330153066986500        4.7656553606126681E-002
   7.9600000000000000       0.45194130727316190        4.8767600336468840E-002
   7.9800000000000004       0.45193920537805471        4.9239760888808493E-002
   8.0000000000000000       0.45053565946392227        5.0180998074108571E-002
   8.0199999999999996       0.45054836604286852        5.0490139316122902E-002
   8.0400000000000009       0.44910652404014356        5.1258888311874293E-002
   8.0600000000000005       0.44913704475121369        5.1404601105563129E-002
   8.0800000000000001       0.44766202299884084        5.1999250907542899E-002
   8.0999999999999996       0.44771328688569956        5.1982159216644827E-002
   8.1200000000000010       0.44621026576847894        5.2402159730820498E-002
   8.1400000000000006       0.44628510169560676        5.2223905370918602E-002
   8.1600000000000001       0.44475929996577601        5.2469754501496213E-002
   8.1799999999999997       0.44486041373657698        5.2132975901974785E-002
   8.1999999999999993       0.44331706316112762        5.2206200616131931E-002
   8.2200000000000006       0.44344701545896703        5.1714505786112253E-002
   8.2400000000000002       0.44189133592826291        5.1617637347236192E-002
   8.2599999999999998       0.44205252121459615        5.0975571269776726E-002
   8.2799999999999994       0.44048969644279995        5.0712114862803234E-002
   8.3000000000000007       0.44068432293993010        4.9925121572169891E-002
   8.3200000000000003       0.43911947688199321        4.9499520574727583E-002
   8.3399999999999999       0.43934954776067475        4.8573900200262539E-002
   8.3599999999999994       0.43778772186424919        4.7991495381614568E-002
   8.3800000000000008       0.43805501774838779        4.6934356468509096E-002
   8.4000000000000004       0.43650114915202615        4.6201340424607003E-002
   8.4199999999999999       0.43680721204416140        4.5020547866578345E-002
   8.4399999999999995       0.43526611282562749        4.4143915023770366E-002
   8.4600000000000009       0.43561223154778289        4.2848033965131767E-002
   8.4800000000000004       0.43408856911825922        4.1835526507083359E-002
   8.5000000000000000       0.43447576635315749        4.0433762591870502E-002
   8.5199999999999996       0.43297404508465664        3.9293812683953801E-002
   8.5400000000000009       0.43340306609228990        3.7795949047534340E-002
   8.5600000000000005       0.43192761025671228        3.6537617750236097E-002
   8.5800000000000001       0.43239891333088609        3.4953949164100891E-002
   8.5999999999999996       0.43095385141997622        3.3586862441809348E-002
   8.6200000000000010       0.43146760013877716        3.1928127034957933E-002
   8.6400000000000006       0.43005685062477145        3.0462409278757221E-002
   8.6600000000000001       0.43061290793800455        2.8739718269194997E-002
   8.6799999999999997       0.42924016652509389        2.7185923761974665E-002
   8.7000000000000011       0.42983809071066231        2.5410689639299242E-002
   8.7200000000000006       0.42850681911757821        2.3779732398545281E-002
   8.7400000000000002       0.42914586162759988        2.1963596003394238E-002
   8.7599999999999998       0.42785927793172607        2.0266678441450629E-002
   8.7799999999999994       0.42853838313796361        1.8421435389707381E-002
   8.8000000000000007       0.42729945370144312        1.6669976233082858E-002
   8.8200000000000003       0.42801726053843209        1.4807503132202329E-002
   8.8399999999999999       0.42682869352683739        1.3013065040660202E-002
   8.8599999999999994       0.42758353901999446        1.1145245942307360E-002
   8.8800000000000008       0.42644777951431712        9.3194632650463426E-003
   8.9000000000000004       0.42723770416935980        7.4581167924797848E-003
   8.9199999999999999       0.42615693086241196        5.6126238927352943E-003
   8.9399999999999995       0.42697968588168539        3.7694314730710855E-003
   8.9600000000000009       0.42595580934054611        1.9157920439983826E-003
   8.9800000000000004       0.42680886562139059        1.0222766472708748E-004
   9.0000000000000000       0.42584352808832665       -1.7481345514567936E-003
   9.0199999999999996       0.42672408694848962       -3.5208726554696052E-003
   9.0400000000000009       0.42581866364389048       -5.3567413463218132E-003
   9.0600000000000005       0.42672366920924321       -7.0777966845458999E-003
   9.0800000000000001       0.42587927109157703       -8.8882282608909024E-003
   9.0999999999999996       0.42680542427209367       -1.0547149384341984E-002
   9.1200000000000010       0.42602290220176725       -1.2321535722659866E-002
   9.1400000000000006       0.42696667617290984       -1.3908336473042283E-002
   9.1600000000000001       0.42624662641924249       -1.5636464760540272E-002
   9.1799999999999997       0.42720428351761780       -1.7141681139307925E-002
   9.2000000000000011       0.42654705454095809       -1.8813790496869029E-002
   9.2200000000000006       0.42751466447541303       -2.0228533845512514E-002
   9.2400000000000002       0.42692036490977703       -2.1835368426830891E-002
   9.2599999999999998       0.42789382418201749       -2.3151374634632970E-002
   9.2799999999999994       0.42736233193754014       -2.4684232924516537E-002
   9.3000000000000007       0.42833738435992968       -2.5893907406401923E-002
   9.3200000000000003       0.42786835675892898       -2.7344687467285765E-002
   9.3399999999999999       0.42884061495137993       -2.8441145682054567E-002
   9.3599999999999994       0.42843349980696094       -2.9802386125054193E-002
   9.3800000000000008       0.42939846754979571       -3.0779489433055064E-002
   9.4000000000000004       0.42905251509169345       -3.2044405918220699E-002
   9.4199999999999999       0.43000561040705532       -3.2896792607208583E-002
   9.4399999999999995       0.42971988595584643       -3.4059309706840464E-002
   9.4600000000000009       0.43065646478668995       -3.4782421045189964E-002
   9.4800000000000004       0.43042986207461070       -3.5837199333956044E-002
   9.5000000000000000       0.43134524242752020       -3.6427300541377730E-002
   9.5199999999999996       0.43117649746191944       -3.7369758807353576E-002
   9.5400000000000009       0.43206598387799644       -3.7823954864597831E-002
   9.5600000000000005       0.43195368924193400       -3.8650287366036817E-002
   9.5800000000000001       0.43281259745876677       -3.8966533616579743E-002
   9.5999999999999996       0.43275521694244035       -3.9673722340032858E-002
   9.6200000000000010       0.43357889860972221       -3.9850829868233080E-002
   9.6400000000000006       0.43357478206626776       -4.0436651774386274E-002
   9.6600000000000001       0.43435864937796048       -4.0474287575894483E-002
   9.6799999999999997       0.43440604769771263       -4.0937316849994417E-002
   9.7000000000000011       0.43514559780474976       -4.0835998841106516E-002
   9.7200000000000006       0.43524267790326321       -4.1175604194922596E-002
   9.7400000000000002       0.43593351697264332       -4.0936691137913851E-002
   9.7599999999999998       0.43607837668964250       -4.1153028239660557E-002
   9.7799999999999994       0.43671624347835752       -4.0778704690748735E-002
   9.8000000000000007       0.43690692628728783       -4.0872703828097490E-002
   9.8200000000000003       0.43748771510284701       -4.0365960243390404E-002
   9.8399999999999999       0.43772222453381843       -4.0339309352470765E-002
   9.8599999999999994       0.43824200745714004       -3.9703917514897206E-002
   9.8800000000000008       0.43851832113976114       -3.9559040734866983E-002
   9.9000000000000004       0.43897336939088411       -3.8799524691517401E-002
   9.9199999999999999       0.43928945262774938       -3.8539556629721625E-002
   9.9399999999999995       0.43967625696013457       -3.7661159354091249E-002
   9.9600000000000009       0.44003007574652031       -3.7289915270891594E-002
   9.9800000000000004       0.44034536576163225       -3.6298561288089275E-002
   10.000000000000000       0.44073489917223896       -3.5820503432997898E-002
   10.020000000000000       0.44097566145258538       -3.4722757667933243E-002
   10.040000000000001       0.44139891332190129       -3.4142958019608385E-002
   10.060000000000000       0.44156240828772064       -3.2945981148382653E-002
   10.080000000000000       0.44201741811673068       -3.2270080830227976E-002
   10.100000000000000       0.44210119551901245       -3.0981581433326778E-002
   10.120000000000001       0.44258604854749534       -3.0215747093784287E-002
   10.140000000000001       0.44258796151795093       -2.8843930926109613E-002
   10.160000000000000       0.44310079790845341       -2.7994808388160260E-002
   10.180000000000000       0.44301901549537759       -2.6548325095364884E-002
   10.200000000000001       0.44355803858207848       -2.5622990593177131E-002
   10.220000000000001       0.44339105670970308       -2.4110878216107398E-002
   10.240000000000000       0.44395454027273579       -2.3116787548139835E-002
   10.260000000000000       0.44370119107063050       -2.1548415167397070E-002
   10.279999999999999       0.44428748560397058       -2.0493351104517218E-002
   10.300000000000001       0.44394694506223209       -1.8878359985170231E-002
   10.320000000000000       0.44455448301092804       -1.7770378279460985E-002
   10.340000000000000       0.44412627692627027       -1.6118621881752206E-002
   10.359999999999999       0.44475357687654771       -1.4965996226616728E-002
   10.380000000000001       0.44423758506390471       -1.3287479452085010E-002
   10.400000000000000       0.44488325487745961       -1.2098645747019500E-002
   10.420000000000000       0.44427971363128416       -1.0403463790809919E-002
   10.440000000000000       0.44494245252284526       -9.1869640647943597E-003
   10.460000000000001       0.44425195532187639       -7.4852412440486703E-003
   10.480000000000000       0.44493055488681377       -6.2496675899239747E-003
   10.500000000000000       0.44415405134563890       -4.5514965150671369E-003
   10.520000000000000       0.44484739555197139       -3.3054353835519114E-003
   10.540000000000001       0.44398618863216932       -1.6208168340458404E-003
   10.560000000000000       0.44469325279873284       -3.7279403023837525E-004
   10.580000000000000       0.44374899430169967        1.2884221109880148E-003
   10.600000000000000       0.44446884309143253        2.5299953936230440E-003
   10.620000000000001       0.44344352746410937        4.1581678022777416E-003
   10.640000000000001       0.44417531192834325        5.3850475852573604E-003
   10.660000000000000       0.44307126842193284        6.9707994209371824E-003
   10.680000000000000       0.44381422213820693        8.1749598679770347E-003
   10.700000000000001       0.44263410536853609        9.7092326424858856E-003
   10.720000000000001       0.44338753972073308        1.0882915010641911E-002
   10.740000000000000       0.44213431868714281        1.2357020094403131E-002
   10.760000000000000       0.44289761734264332        1.3492779424424492E-002
   10.779999999999999       0.44157456297012182        1.4898446902824360E-002
   10.800000000000001       0.44234717561414788        1.5989196180835146E-002
   10.820000000000000       0.44095784689082518        1.7318620790728677E-002
   10.840000000000000       0.44173928228316345        1.8357672331670159E-002
   10.859999999999999       0.44028751107221786        1.9603556228135512E-002
   10.880000000000001       0.44107732949604778        2.0584660051072928E-002
   10.900000000000000       0.43956720410749983        2.1740252175685169E-002
   10.920000000000000       0.44036500928407368        2.2657631161980732E-002
   10.940000000000000       0.43880085689782961        2.3716763006250700E-002
   10.960000000000001       0.43960628744423830        2.4565144653588833E-002
   10.980000000000000       0.43799265548106531        2.5522262234633580E-002
   11.000000000000000       0.43880537599125463        2.6296906842811194E-002
   11.020000000000000       0.43714701253309773        2.7147098732638920E-002
   11.040000000000001       0.43796670436465990        2.7843823880754150E-002
   11.060000000000000       0.43626853772982421        2.8582845155604605E-002
   11.080000000000000       0.43709488958086667        2.9198046354639920E-002
   11.100000000000000       0.43536200716307388        2.9822338356463817E-002
   11.120000000000001       0.43619470552465295        3.0353005786109132E-002
   11.140000000000001       0.43443233200782294        3.0859711614337766E-002
   11.160000000000000       0.43527105157801932        3.1303442878080422E-002
   11.180000000000000       0.43348452664081671        3.1690418556169136E-002
   11.200000000000001       0.43432892078652474        3.2045427414033635E-002
   11.220000000000001       0.43252367641224460        3.2311248701699470E-002
   11.240000000000000       0.43337336776414837        3.2576369765394943E-002
   11.260000000000000       0.43155490527238943        3.2720334613850349E-002
   11.279999999999999       0.43240947653741552        3.2895024014323100E-002
   11.300000000000001       0.43058334345421162        3.2917150687975891E-002
   11.320000000000000       0.43144232852799075        3.3001482750315808E-002
   11.340000000000000       0.42961409541064305        3.2902503664206099E-002
   11.359999999999999       0.43047697087019626        3.2897163649370044E-002
   11.380000000000001       0.42865220820198568        3.2678514996896037E-002
   11.400000000000000       0.42951838525599234        3.2584787993643345E-002
   11.420000000000000       0.42770264052426443        3.2248595263742776E-002
   11.440000000000000       0.42857145749489001        3.2068351337387557E-002
   11.460000000000001       0.42677023256371260        3.1617410844149096E-002
   11.480000000000000       0.42764094797010171        3.1353086571085896E-002
   11.500000000000000       0.42585967685581849        3.0790843141628971E-002
   11.520000000000000       0.42673146316501570        3.0445419679954455E-002
   11.540000000000001       0.42497549031958248        2.9775940668208396E-002
   11.560000000000000       0.42584742842586365        2.9352918535020065E-002
   11.580000000000000       0.42412198762888353        2.8580864349632969E-002
   11.600000000000000       0.42499306211729593        2.8084235094622618E-002
   11.620000000000001       0.42330325607319519        2.7214826448523438E-002
   11.640000000000001       0.42417235131754882        2.6649041431192132E-002
   11.660000000000000       0.42252313204938957        2.5688023538211990E-002
   11.680000000000000       0.42338902918905563        2.5057960032317660E-002
   11.700000000000001       0.42178517931509818        2.4011563992652737E-002
   11.720000000000001       0.42264655414878721        2.3322488856272822E-002
   11.740000000000000       0.42109266912213056        2.2197390487355757E-002
   11.760000000000000       0.42194809095039010        2.1454921650127516E-002
   11.779999999999999       0.42044856233587252        2.0258198032591334E-002
   11.800000000000001       0.42129649377739586        1.9468264063212955E-002
   11.820000000000000       0.41985549363346769        1.8207348083016106E-002
   11.840000000000000       0.42069429143349324        1.7376146109894693E-002
   11.859999999999999       0.41931575786002273        1.6058779287273242E-002
   11.880000000000001       0.42014367470216357        1.5192731553243861E-002
   11.900000000000000       0.41883129860814589        1.3826915456924001E-002
   11.920000000000000       0.41964648593397202        1.2932624795200862E-002
   11.940000000000000       0.41840369907192326        1.1526571346209408E-002
   11.960000000000001       0.41920421090556570        1.0610775869140814E-002
   11.980000000000000       0.41803417521204495        9.1728568425725916E-003
   12.000000000000000       0.41881797298004697        8.2423841373414353E-003
   12.020000000000000       0.41772357125429899        6.7810801725710097E-003
   12.040000000000001       0.41848852958395172        5.8428012987097062E-003
   12.060000000000000       0.41747235752914957        4.3666507287729948E-003
   12.080000000000000       0.41821627100165792        3.4274343112544662E-003
   12.100000000000000       0.41728063064568910        1.9449821204868714E-003
   12.120000000000001       0.41800122147376556        1.0116488292313281E-003
   12.140000000000001       0.41714811597899237       -4.6860395524199981E-004
   12.160000000000000       0.41784304257191057       -1.3893262533102970E-003
   12.180000000000000       0.41707417243588835       -2.8589724359437511E-003
   12.200000000000001       0.41774103880868818       -3.7604925726030768E-003
   12.220000000000001       0.41705779945048266       -5.2112676364479867E-003
   12.240000000000000       0.41769416542794335       -6.0871738140996483E-003
   12.260000000000000       0.41709764614749539       -7.5110034560476463E-003
   12.280000000000001       0.41770103830771760       -8.3551044340654541E-003
   12.300000000000001       0.41719202259869637       -9.7441505143302867E-003
   12.320000000000000       0.41775994589569937       -1.0550515059373704E-002
   12.340000000000000       0.41733891308550197       -1.1897219703227154E-002
   12.359999999999999       0.41786886308517540       -1.2660214065846238E-002
   12.380000000000001       0.41753599126920815       -1.3957341669109840E-002
   12.400000000000000       0.41802546692829579       -1.4671664863147261E-002
   12.420000000000000       0.41778063715944325       -1.5912341767816290E-002
   12.440000000000000       0.41822715407300393       -1.6573058444574622E-002
   12.460000000000001       0.41806995576128847       -1.7750810067112453E-002
   12.480000000000000       0.41847105980030447       -1.8353380792898277E-002
   12.500000000000000       0.41840079727218954       -1.9462166005078860E-002
   12.520000000000000       0.41875407852969726       -2.0002474768446993E-002
   12.540000000000001       0.41876977869132143       -2.1036717349025555E-002
   12.560000000000000       0.41907288565264478       -2.1511096142709251E-002
   12.580000000000000       0.41917330669651043       -2.2465713137545897E-002
   12.600000000000000       0.41942396054689929       -2.2870963479549252E-002
   12.620000000000001       0.41960760163720628       -2.3741390327971325E-002
   12.640000000000001       0.41980361061843574       -2.4074801606491548E-002
   12.660000000000000       0.42006872248636090       -2.4857013912529303E-002
   12.680000000000000       0.42020799621264232       -2.5116378460138540E-002
   12.700000000000001       0.42055259258943811       -2.5806910308672524E-002
   12.720000000000001       0.42063315623233788       -2.5990535132388817E-002
   12.740000000000000       0.42105502604517026       -2.6586493872071869E-002
   12.760000000000000       0.42107503429712961       -2.6693208987452127E-002
   12.780000000000001       0.42157175455010543       -2.7192286424378397E-002
   12.800000000000001       0.42152950527660832       -2.7221449763437780E-002
   12.820000000000000       0.42209845453746403       -2.7621929731789105E-002
   12.840000000000000       0.42199240202890381       -2.7573428616255856E-002
   12.859999999999999       0.42263077444034347       -2.7874190914426479E-002
   12.880000000000001       0.42245954217619142       -2.7748440107444639E-002
   12.900000000000000       0.42316436190987211       -2.7948960810293542E-002
   12.920000000000000       0.42292675474983982       -2.7746897181055833E-002
   12.940000000000000       0.42369489082050832       -2.7847245360829057E-002
   12.960000000000001       0.42338990654001113       -2.7570319217628276E-002
   12.980000000000000       0.42421808789728732       -2.7571150127601238E-002
   13.000000000000000       0.42384492798764228       -2.7221313295304139E-002
   13.020000000000000       0.42472975880341829       -2.7123858091189196E-002
   13.040000000000001       0.42428783846082951       -2.6703548829039130E-002
   13.060000000000000       0.42522581353119587       -2.6509600923563872E-002
   13.080000000000000       0.42471477076267178       -2.6021725798389402E-002
   13.100000000000000       0.42570229094468093       -2.5733623964058275E-002
   13.120000000000001       0.42512199472356815       -2.5181536812291645E-002
   13.140000000000001       0.42615538232898559       -2.4802145166085126E-002
   13.160000000000000       0.42550593973776690       -2.4189623295369979E-002
   13.180000000000000       0.42658145380822110       -2.3722308316905069E-002
   13.200000000000001       0.42586321611158184       -2.3053526114396948E-002
   13.220000000000001       0.42697706750218828       -2.2502130865770336E-002
   13.240000000000000       0.42619063509907529       -2.1781630995412780E-002
   13.260000000000000       0.42733900130065045       -2.1150446726480952E-002
   13.280000000000001       0.42648522751009688       -2.0383109111488860E-002
   13.300000000000001       0.42766426714347427       -1.9676844448622461E-002
   13.320000000000000       0.42674426078530825       -1.8867853248045054E-002
   13.340000000000000       0.42795012770499047       -1.8091601177350973E-002
   13.359999999999999       0.42696525444314676       -1.7246409976849827E-002
   13.380000000000001       0.42819411139154762       -1.6405612844415166E-002
   13.400000000000000       0.42714599381452351       -1.5529908291217996E-002
   13.420000000000000       0.42839402557234341       -1.4630321053035611E-002
   13.440000000000000       0.42728454199234100       -1.3729985173362365E-002
   13.460000000000001       0.42854796797514322       -1.2777637136197414E-002
   13.480000000000000       0.42737924993457965       -1.1858708580259784E-002
   13.500000000000000       0.42865433619036475       -1.0859863881769643E-002
   13.520000000000000       0.42742876467166846       -9.9284983466859031E-003
   13.540000000000001       0.42871183523914391       -8.8896154285804385E-003
   13.560000000000000       0.42743203558104642       -7.9520455132019736E-003
   13.580000000000000       0.42871948317332370       -6.8797358451058374E-003
   13.600000000000000       0.42738831870415922       -5.9422305928069803E-003
   13.620000000000001       0.42867661468774804       -4.8432169067485677E-003
   13.640000000000001       0.42729717909354453       -3.9120412926845882E-003
   13.660000000000000       0.42858288273771727       -2.7931155887858470E-003
   13.680000000000000       0.42715849119006039       -1.8744902069820204E-003
   13.700000000000001       0.42843825816689407       -7.4247178996754946E-004
   13.720000000000001       0.42697243724262707        1.5746700711792658E-004
   13.740000000000000       0.42824302736326025        1.2957732035170752E-003
   13.760000000000000       0.42673950379500647        2.1710124645856529E-003
   13.780000000000001       0.42799778797284116        3.3088570123606131E-003
   13.800000000000001       0.42646047627606054        4.1535454034388169E-003
   13.820000000000000       0.42770344271275829        5.2842747268160529E-003
   13.840000000000000       0.42613643174153687        6.0927595686700933E-003
   13.859999999999999       0.42736119133667272        7.2098552621619322E-003
   13.880000000000001       0.42576872982665487        7.9767181623137968E-003
   13.900000000000000       0.42697252081677028        9.0738350485806800E-003
   13.920000000000000       0.42535900197954263        9.7939259113085323E-003
   13.940000000000000       0.42653919381704769        1.0864928616985644E-002
   13.960000000000001       0.42490913905583555        1.1533397826006065E-002
   13.980000000000000       0.42606323554272352        1.2572395664810408E-002
   14.000000000000000       0.42442127736443497        1.3184724245860919E-002
   14.020000000000000       0.42554691906006170        1.4186104210664175E-002
   14.040000000000001       0.42389778326347843        1.4738131794846681E-002
   14.060000000000000       0.42499274918969793        1.5696589473888113E-002
   14.080000000000000       0.42334123641394178        1.6184539897306002E-002
   14.100000000000000       0.42440344508465683        1.7095108144235708E-002
   14.120000000000001       0.42275441180592938        1.7515612535062230E-002
   14.140000000000001       0.42378192161158973        1.8373687737950121E-002
   14.160000000000000       0.42214026067956800        1.8723804958501154E-002
   14.180000000000000       0.42313126966030973        1.9525170769217771E-002
   14.200000000000001       0.42150189046846698        1.9802405097761360E-002
   14.220000000000001       0.42245473551241952        2.0543253500125824E-002
   14.240000000000000       0.42084254389890741        2.0745569454933735E-002
   14.260000000000000       0.42175569940468643        2.1422519067620393E-002
   14.280000000000001       0.42016557738225385        2.1548353294039667E-002
   14.300000000000001       0.42103765342679528        2.2158464822324805E-002
   14.320000000000000       0.41947443884151825        2.2206734982304448E-002
   14.340000000000000       0.42030417889618543        2.2747523751201523E-002
   14.359999999999999       0.41877264511553614        2.2717634373633645E-002
   14.380000000000001       0.41955892335484174        2.3187079893692779E-002
   14.400000000000000       0.41806375908583032        2.3078925163000516E-002
   14.420000000000000       0.41880557733415363        2.3475477698917408E-002
   14.440000000000000       0.41735136667193212        2.3289441178425890E-002
   14.460000000000001       0.41804785103428083        2.3612025309499202E-002
   14.480000000000000       0.41663905384071087        2.3348976615142694E-002
   14.500000000000000       0.41728945106387727        2.3596991795420377E-002
   14.520000000000000       0.41593038377413388        2.3258280254152674E-002
   14.540000000000001       0.41653405738453270        2.3431598398701212E-002
   14.560000000000000       0.41522887433785977        2.3019043744472726E-002
   14.580000000000000       0.41578530060191504        2.3118003886476009E-002
   14.600000000000000       0.41453797599017256        2.2633884064708433E-002
   14.620000000000001       0.41504673974235684        2.2659284145944331E-002
   14.640000000000001       0.41386105026702213        2.2106320314963838E-002
   14.660000000000000       0.41432184064955080        2.2059406189510276E-002
   14.680000000000000       0.41320134897437427        2.1440745024288419E-002
   14.700000000000001       0.41361395513113852        2.1323196771973998E-002
   14.720000000000001       0.41256199421372886        2.0642390191672168E-002
   14.740000000000000       0.41292630097932720        2.0456305853711484E-002
   14.760000000000000       0.41194595936057327        1.9717288309834807E-002
   14.780000000000001       0.41226194298329200        1.9465165174182921E-002
   14.800000000000001       0.41135605110874723        1.8672228650533799E-002
   14.820000000000000       0.41162377504406578        1.8356942228671104E-002
   14.840000000000000       0.41079489268624941        1.7514709117667952E-002
   14.859999999999999       0.41101450349492608        1.7139489967705299E-002
   14.880000000000001       0.41026490833996732        1.6252883999921822E-002
   14.900000000000000       0.41043663172202116        1.5821292563022352E-002
   14.920000000000000       0.40976830917821494        1.4895507977937383E-002
   14.940000000000000       0.40989244617118120        1.4411407606019298E-002
   14.960000000000001       0.40930708045087449        1.3451876761884302E-002
   14.980000000000000       0.40938400381760059        1.2919405124338304E-002
   15.000000000000000       0.40888297033741700        1.1931764753714956E-002
   15.020000000000000       0.40891312116541140        1.1355303819389734E-002
   15.040000000000001       0.40849748030318783        1.0345360144236653E-002
   15.060000000000000       0.40848136483415870        9.7295049421719706E-003
   15.080000000000000       0.40815185707414547        8.7031978683297252E-003
   15.100000000000000       0.40809004377890079        8.0527242366139166E-003
   15.120000000000001       0.40784708626980504        7.0160908521210274E-003
   15.140000000000001       0.40774020318015558        6.3359223887911997E-003
   15.160000000000000       0.40758388772352500        5.2950599936400153E-003
   15.180000000000000       0.40743262002926728        4.5902344267104815E-003
   15.200000000000001       0.40736271250855483        3.5512633234081681E-003
   15.220000000000001       0.40716780042403666        2.8268985188959141E-003
   15.240000000000000       0.40718374167749755        1.7959247935290252E-003
   15.260000000000000       0.40694597857871745        1.0571846207431460E-003
   15.280000000000001       0.40704688671210415        4.0263143159627833E-005
   15.300000000000001       0.40676711754178779       -7.0767658445776600E-004
   15.320000000000000       0.40695179166966777       -1.7045787152235072E-003
   15.340000000000000       0.40663091160433557       -2.4565640077584385E-003
   15.359999999999999       0.40689783700179577       -3.4276033505608330E-003
   15.380000000000001       0.40653679037150137       -4.1785353055223242E-003
   15.400000000000000       0.40688414501106351       -5.1180270796422778E-003
   15.420000000000000       0.40648392445927861       -5.8628944348052435E-003
   15.440000000000000       0.40690958690106277       -6.7653464274405901E-003
   15.460000000000001       0.40647123276912561       -7.4992572015976167E-003
   15.480000000000000       0.40697279136570619       -8.3594023775877546E-003
   15.500000000000000       0.40649739128336720       -9.0776144056328670E-003
   15.520000000000000       0.40707215465439589       -9.8904420256970930E-003
   15.540000000000001       0.40656084331530262       -1.0588392203087004E-002
   15.560000000000000       0.40720585204086152       -1.1349177266999057E-002
   15.580000000000000       0.40665981113934940       -1.2022509328357507E-002
   15.600000000000000       0.40737185061517572       -1.2726840170697506E-002
   15.620000000000001       0.40679230891848606       -1.3371430838077276E-002
   15.640000000000001       0.40756792331070590       -1.4015234716421045E-002
   15.660000000000000       0.40695615683875874       -1.4627218064441208E-002
   15.680000000000000       0.40779166407060874       -1.5206784592984735E-002
   15.700000000000001       0.40714899635372781       -1.5782574490637379E-002
   15.720000000000001       0.40804050405195630       -1.6294576786224244E-002
   15.740000000000000       0.40736830643549021       -1.6830887288510076E-002
   15.760000000000000       0.40831172875973565       -1.7272400710741105E-002
   15.780000000000001       0.40761142072335554       -1.7766264287357524E-002
   15.800000000000001       0.40860249599782072       -1.8134782669819351E-002
   15.820000000000000       0.40787554545640842       -1.8583566172794466E-002
   15.840000000000000       0.40890985451960188       -1.8877015458348863E-002
   15.860000000000001       0.40815777807208026       -1.9278433745694257E-002
   15.880000000000001       0.40923076325729907       -1.9495182955121350E-002
   15.900000000000000       0.40845512634950459       -1.9847310103166271E-002
   15.920000000000000       0.40956211100609480       -1.9986179583149261E-002
   15.940000000000000       0.40876452797385249       -2.0287457636118670E-002
   15.960000000000001       0.40990073643712038       -2.0347724549490138E-002
   15.980000000000000       0.40908287039605307       -2.0596969770996967E-002
   16.000000000000000       0.41024344831201548       -2.0578370809232187E-002
   16.020000000000000       0.40940701086130477       -2.0774777416567577E-002
   16.039999999999999       0.41058704577126842       -2.0677508731602567E-002
   16.059999999999999       0.40973379647957420       -2.0820650109924638E-002
   16.080000000000002       0.41092833856882333       -2.0645364479391037E-002
   16.100000000000001       0.41006008421186213       -2.0735191889031158E-002
   16.120000000000001       0.41126416712651143       -2.0482993145832410E-002
   16.140000000000001       0.41038276064737883       -2.0519831951857564E-002
   16.160000000000000       0.41159142228371204       -2.0192266725559425E-002
   16.180000000000000       0.41069876144890255       -2.0176810194351830E-002
   16.199999999999999       0.41190706462026055       -1.9775857028024802E-002
   16.219999999999999       0.41100509034647786       -1.9709157750869368E-002
   16.240000000000002       0.41220814323397620       -1.9237213672705013E-002
   16.260000000000002       0.41129883756322150       -1.9120672691118674E-002
   16.280000000000001       0.41249181385825595       -1.8580537335252289E-002
   16.300000000000001       0.41157719756131905       -1.8415891056957397E-002
   16.320000000000000       0.41275535620994630       -1.7810748442377313E-002
   16.340000000000000       0.41183748600128195       -1.7600053450328987E-002
   16.359999999999999       0.41299619046312530       -1.6933451540453080E-002
   16.379999999999999       0.41207715581316023       -1.6679067410096990E-002
   16.399999999999999       0.41321189275047099       -1.5954895588470304E-002
   16.420000000000002       0.41229381228463080       -1.5659465840357427E-002
   16.440000000000001       0.41340020960051471       -1.4881930449897073E-002
   16.460000000000001       0.41248522707766416       -1.4548361775845302E-002
   16.480000000000000       0.41355907122623881       -1.3721959880061817E-002
   16.500000000000000       0.41264935109276923       -1.3353399791166906E-002
   16.520000000000000       0.41368660358812670       -1.2482891325762989E-002
   16.539999999999999       0.41278432610757571       -1.2082704379665280E-002
   16.559999999999999       0.41378113916286374       -1.1173082871798089E-002
   16.580000000000002       0.41288849512468956       -1.0744825644655486E-002
   16.600000000000001       0.41384122635736414       -9.8012876848990217E-003
   16.620000000000001       0.41296041137229200       -9.3486826604563290E-003
   16.640000000000001       0.41386563751660882       -8.3765963190745602E-003
   16.660000000000000       0.41299884590979441       -7.9035048730174366E-003
   16.680000000000000       0.41385337548286544       -6.9083772575230188E-003
   16.699999999999999       0.41300279379995081       -6.4187719199314056E-003
   16.719999999999999       0.41380367867316487       -5.4062160750327388E-003
   16.740000000000002       0.41297147881810903       -4.9041522571813614E-003
   16.760000000000002       0.41371602465137197       -3.8798536110939085E-003
   16.780000000000001       0.41290435667869163       -3.3694409850715795E-003
   16.800000000000001       0.41359013218074786       -2.3391235477770098E-003
   16.820000000000000       0.41280111676847775       -1.8244972684048964E-003
   16.840000000000000       0.41342596175250002       -7.9388978778086928E-004
   16.859999999999999       0.41266168238574763       -2.7918174610334565E-004
   16.879999999999999       0.41322371459539148        7.4601597307744224E-004
   16.899999999999999       0.41248620949379033        1.2567056768689302E-003
   16.920000000000002       0.41298383018097251        2.2708560882467293E-003
   16.940000000000001       0.41227508400660628        2.7734872672001785E-003
   16.960000000000001       0.41270698224834668        3.7710478330247746E-003
   16.980000000000000       0.41202891763379751        4.2616677496389197E-003
   17.000000000000000       0.41239407338153128        5.2372229310441330E-003
   17.020000000000000       0.41174854232057340        5.7119930707263374E-003
   17.039999999999999       0.41204622818136166        6.6602853690467551E-003
   17.059999999999999       0.41143500332745520        7.1155072802453149E-003
   17.080000000000002       0.41166478508246551        8.0314671472396758E-003
   17.100000000000001       0.41108955100258099        8.4636071847383164E-003
   17.120000000000001       0.41125128687404372        9.3423816275601448E-003
   17.140000000000001       0.41071363130744665        9.7480944434853341E-003
   17.160000000000000       0.41080746999099010        1.0585074159238378E-002
   17.180000000000000       0.41030887516441772        1.0961224795338674E-002
   17.199999999999999       0.41033525264921483        1.1752069680011058E-002
   17.219999999999999       0.40987708670136674        1.2095754124659103E-002
   17.240000000000002       0.40983672190586201        1.2836417012078933E-002
   17.260000000000002       0.40942023047528986        1.3144981096152954E-002
   17.280000000000001       0.40931411973139231        1.3831729594277347E-002
   17.300000000000001       0.40894041776269546        1.4102786111527137E-002
   17.320000000000000       0.40876982818619667        1.4732222415789606E-002
   17.340000000000000       0.40843989200990455        1.4963666365404889E-002
   17.359999999999999       0.40820635379948894        1.5532744941921865E-002
   17.379999999999999       0.40792101354112414        1.5722766803717873E-002
   17.400000000000002       0.40762631125266169        1.6228809848809492E-002
   17.420000000000002       0.40738624362622811        1.6375906814641395E-002
   17.440000000000001       0.40703240647305816        1.6816617411267047E-002
   17.460000000000001       0.40683812801358099        1.6919602509895038E-002
   17.480000000000000       0.40642741924719600        1.7293075416150685E-002
   17.500000000000000       0.40627928003595415        1.7351084482712172E-002
