   0.0000000000000000        1.0000000000000000        0.0000000000000000     
   2.0000000000000000E-002   1.0000000000000000        0.0000000000000000     
   4.0000000000000001E-002  0.99948050451920789        2.0000000000000000E-002
   5.9999999999999998E-002  0.99792180668234876        4.0000000000000001E-002
   8.0000000000000002E-002  0.99636470970434110        5.9934413379562665E-002
  0.10000000000000001       0.99377157775343894        7.9868826840123669E-002
  0.12000000000000000       0.99118196239452927        9.9672297134721505E-002
  0.14000000000000001       0.98756263511075937       0.11947579164612941     
  0.16000000000000000       0.98394904607851996       0.13908345767570809     
  0.17999999999999999       0.97931520138186401       0.15869121980484471     
  0.20000000000000001       0.97468961014504063       0.17803897870182009     
  0.22000000000000000       0.96905631963544181       0.19738697652864509     
  0.23999999999999999       0.96343407559153904       0.21641174348849346     
  0.26000000000000001       0.95681974522994295       0.23543698565874951     
  0.28000000000000003       0.95021951309219199       0.25407694925185065     
  0.29999999999999999       0.94264581027942351       0.27271773938891647     
  0.32000000000000001       0.93508949396401597       0.29091261129266255     
  0.34000000000000002       0.92658126133398322       0.30910879663264429     
  0.35999999999999999       0.91809391468649892       0.32680005466797540     
  0.38000000000000000       0.90867907098758871       0.34449326780810280     
  0.40000000000000002       0.89928879574431786       0.36162439119451856     
  0.41999999999999998       0.88899822423890440       0.37875828387565386     
  0.44000000000000000       0.87873605567410829       0.39527497965332892     
  0.46000000000000002       0.86760348054066383       0.41179544753286779     
  0.47999999999999998       0.85650326130455823       0.42764586713971703     
  0.50000000000000000       0.84456511257974731       0.44350126455131200     
  0.52000000000000002       0.83266335528394120       0.45863620958664664     
  0.54000000000000004       0.81995862293309263       0.47377755332796073     
  0.56000000000000005       0.80729436209015826       0.48815066958268022     
  0.57999999999999996       0.79386443984341148       0.50253183082170616     
  0.59999999999999998       0.78047907381496839       0.51609978970768799     
  0.62000000000000000       0.76636759345294325       0.52967767315195025     
  0.64000000000000001       0.75230471710586766       0.54240033972031410     
  0.66000000000000003       0.73755737392263931       0.55513504925138069     
  0.68000000000000005       0.72286260273548908       0.56697563605046397     
  0.70000000000000007       0.70752697294769362       0.57883062608846902     
  0.71999999999999997       0.69224775934890126       0.58975583217747651     
  0.73999999999999999       0.67637311025766378       0.60069804410659255     
  0.76000000000000001       0.66055855301321453       0.61067817860974272     
  0.78000000000000003       0.64419564675999519       0.62067816166550049     
  0.80000000000000004       0.62789629426089055       0.62968725132381964     
  0.82000000000000006       0.61109718604900154       0.63871926741656204     
  0.83999999999999997       0.59436483437754339       0.64673514766996276     
  0.85999999999999999       0.57718266605772828       0.65477725969520617     
  0.88000000000000000       0.56007015273628125       0.66178164890576896     
  0.90000000000000002       0.54255894267710891       0.66881579217144749     
  0.92000000000000004       0.52511993702326931       0.67479434867950860     
  0.94000000000000006       0.50733436720495084       0.68080638516157621     
  0.95999999999999996       0.48962315823275837       0.68574874694886889     
  0.97999999999999998       0.47161835951614201       0.69072850217007320     
   1.0000000000000000       0.45368964233393094       0.69462830898830397     
   1.0200000000000000       0.43552097886470131       0.69856959139962649     
   1.0400000000000000       0.41742964052626352       0.70142448930799017     
   1.0600000000000001       0.39915249423764926       0.70432509213775774     
   1.0800000000000001       0.38095340000446654       0.70613672047848131     
   1.1000000000000001       0.36262295617995799       0.70799840609995368     
   1.1200000000000001       0.34437073714830524       0.70877236702647239     
   1.1400000000000001       0.32604177199897894       0.70960083398025176     
   1.1599999999999999       0.30779061503669436       0.70934664473751985     
   1.1799999999999999       0.28951728623574507       0.70915147762985975     
   1.2000000000000000       0.27132072715944905       0.70788250587003509     
   1.2200000000000000       0.25315636825951526       0.70667710845150244     
   1.2400000000000000       0.23506708916412930       0.70441049095029717     
   1.2600000000000000       0.21706400880107882       0.70221200276073337     
   1.2800000000000000       0.19913364042977946       0.69896854797956842     
   1.3000000000000000       0.18134292718995945       0.69579774502438962     
   1.3200000000000001       0.16362185720438571       0.69160182004065118     
   1.3400000000000001       0.14609319100114113       0.68748300003974583     
   1.3600000000000001       0.12863037897896959       0.68236240244145285     
   1.3800000000000001       0.11141184974873608       0.67732325526483017     
   1.4000000000000001        9.4254649698903098E-002  0.67130907067646883     
   1.4199999999999999        7.7392584187660485E-002  0.66538053464997404     
   1.4399999999999999        6.0586575332825666E-002  0.65850698062275648     
   1.4600000000000000        4.4125372700456897E-002  0.65172308545223734     
   1.4800000000000000        2.7714199232073411E-002  0.64402734251426652     
   1.5000000000000000        1.1696176155533637E-002  0.63642503963722585     
   1.5200000000000000       -4.2786033805579105E-003  0.62794707035670128     
   1.5400000000000000       -1.9813357474058699E-002  0.61956605158643419     
   1.5600000000000001       -3.5312410553929918E-002  0.61034840855387040     
   1.5800000000000001       -5.0326167544943984E-002  0.60123091393212891     
   1.6000000000000001       -6.5312517250065844E-002  0.59131853761538622     
   1.6200000000000001       -7.9770033152119696E-002  0.58150915343555731     
   1.6400000000000001       -9.4209176460408883E-002  0.57094916090413184     
   1.6600000000000001      -0.10807780254520365       0.56049460890761538     
   1.6799999999999999      -0.12193781688693965       0.54933607445999399     
   1.7000000000000000      -0.13518759870080577       0.53828499324382018     
   1.7200000000000000      -0.14843923639519993       0.52657872200368783     
   1.7400000000000000      -0.16104300031788440       0.51498144170735105     
   1.7600000000000000      -0.17365977056576090       0.50277973728099201     
   1.7800000000000000      -0.18559319762345594       0.49068804864496379     
   1.8000000000000000      -0.19755143579208290       0.47804447595329969     
   1.8200000000000001      -0.20879312249814530       0.46551139486070370     
   1.8400000000000001      -0.22007204649543680       0.45248053927506365     
   1.8600000000000001      -0.23060355255420326       0.43956006790156321     
   1.8800000000000001      -0.24118530615101824       0.42619729182249871     
   1.9000000000000001      -0.25099118892221361       0.41294417752759333     
   1.9199999999999999      -0.26086087194303709       0.39930537555087248     
   1.9399999999999999      -0.26992870762623478       0.38577486864656663     
   1.9600000000000000      -0.27907439298988590       0.37191622245995531     
   1.9800000000000000      -0.28739478455005774       0.35816383399021068     
   2.0000000000000000      -0.29580752220298195       0.34414156813883351     
   2.0200000000000000      -0.30337409411912764       0.33022282879541243     
   2.0400000000000000      -0.31104790196406368       0.31609296844245083     
   2.0600000000000001      -0.31785728194300183       0.30206318972978202     
   2.0800000000000001      -0.32478912392513704       0.28788132152309087     
   2.1000000000000001      -0.33084091178154651       0.27379536026672563     
   2.1200000000000001      -0.33703066335246584       0.25961639740071951     
   2.1400000000000001      -0.34232738731396256       0.24552842467089300     
   2.1600000000000001      -0.34777778855053620       0.23140637720686488     
   2.1800000000000002      -0.35232484930274000       0.21736965270074149     
   2.2000000000000002      -0.35704144601336202       0.20335740417773920     
   2.2200000000000002      -0.36084704885433111       0.18942405707121984     
   2.2400000000000002      -0.36483812205840072       0.17557314840384169     
   2.2600000000000002      -0.36791319758427277       0.16179396564647891     
   2.2800000000000002      -0.37118968180227990       0.14815438726559435     
   2.3000000000000003      -0.37354779559623796       0.13457861025034623     
   2.3199999999999998      -0.37612318643705633       0.12119860339795893     
   2.3399999999999999      -0.37778043828162228       0.10787373389138476     
   2.3599999999999999      -0.37967068986040625        9.4799601931807573E-002
   2.3799999999999999      -0.38064560303833306        8.1771218100054957E-002
   2.3999999999999999      -0.38186901580253951        6.9047148656461624E-002
   2.4199999999999999      -0.38218241709401668        5.6358731968230352E-002
   2.4399999999999999      -0.38275951667631325        4.4026630636709425E-002
   2.4600000000000000      -0.38243440769960158        3.1719404366539167E-002
   2.4800000000000000      -0.38238781545456568        1.9818740699255290E-002
   2.5000000000000000      -0.38144923603334052        7.9315206932370451E-003
   2.5200000000000000      -0.38080353194969296       -3.5008129215187839E-003
   2.5400000000000000      -0.37927841622309805       -1.4931754619872881E-002
   2.5600000000000001      -0.37805999493455861       -2.5861570619781137E-002
   2.5800000000000001      -0.37597702095507662       -3.6802628752940186E-002
   2.6000000000000001      -0.37421394160059135       -4.7198558114416270E-002
   2.6200000000000001      -0.37160337519015268       -5.7618903342557391E-002
   2.6400000000000001      -0.36932520589806206       -6.7452494924479828E-002
   2.6600000000000001      -0.36621873955419126       -7.7324168716301933E-002
   2.6800000000000002      -0.36345639734473706       -8.6569973888703772E-002
   2.7000000000000002      -0.35988698500584748       -9.5867968855501320E-002
   2.7200000000000002      -0.35667257192213209      -0.10450361114243595     
   2.7400000000000002      -0.35267426041422173      -0.11320593657430804     
   2.7600000000000002      -0.34904089670324057      -0.12121216611640508     
   2.7800000000000002      -0.34464865469913453      -0.12929989855504920     
   2.8000000000000003      -0.34063030987172888      -0.13666063127423836     
   2.8199999999999998      -0.33587985519861130      -0.14411795003278993     
   2.8399999999999999      -0.33151117780009626      -0.15082029145884740     
   2.8599999999999999      -0.32643880393135405      -0.15763449907524016     
   2.8799999999999999      -0.32175495085315536      -0.16366875287075727     
   2.8999999999999999      -0.31639735341653091      -0.16983028055665625     
   2.9199999999999999      -0.31143381957343547      -0.17518994185329931     
   2.9399999999999999      -0.30582792369919676      -0.18069234007536339     
   2.9600000000000000      -0.30062037288683968      -0.18537407380944676     
   2.9800000000000000      -0.29480316220719771      -0.19021398821308735     
   3.0000000000000000      -0.28938725994025583      -0.19421759272209385     
   3.0200000000000000      -0.28339560803469049      -0.19839472567959598     
   3.0400000000000000      -0.27780685714804160      -0.20172308189293539     
   3.0600000000000001      -0.27167736220867172      -0.20524014002740470     
   3.0800000000000001      -0.26595094198165192      -0.20789914665401138     
   3.1000000000000001      -0.25971976544845443      -0.21076177475773009     
   3.1200000000000001      -0.25389037498646777      -0.21276026993969396     
   3.1400000000000001      -0.24759308487419840      -0.21497697176976080     
   3.1600000000000001      -0.24169479145249190      -0.21632664173471874     
   3.1800000000000002      -0.23536621105978245      -0.21790868822998929     
   3.2000000000000002      -0.22943230410140616      -0.21862396353515962     
   3.2200000000000002      -0.22310636675793097      -0.21958528905619809     
   3.2400000000000002      -0.21716921808198139      -0.21968322907343227     
   3.2600000000000002      -0.21087882855203052      -0.22004031632116711     
   3.2800000000000002      -0.20496975948946761      -0.21954048266496307     
   3.3000000000000003      -0.19874666260998278      -0.21931223698377045     
   3.3200000000000003      -0.19289581854286775      -0.21823655663261474     
   3.3399999999999999      -0.18677047563124236      -0.21744417044942799     
   3.3599999999999999      -0.18100670846742539      -0.21581678935491147     
   3.3799999999999999      -0.17500818198940488      -0.21448359754749272     
   3.3999999999999999      -0.16935894103876500      -0.21233072556521135     
   3.4199999999999999      -0.16351478797987365      -0.21048205258977298     
   3.4399999999999999      -0.15800601965044855      -0.20783180060093989     
   3.4600000000000000      -0.15234219398578114      -0.20549480024174541     
   3.4800000000000000      -0.14699825066879296      -0.20237701036459271     
   3.5000000000000000      -0.14153901527601487      -0.19958049899589861     
   3.5200000000000000      -0.13638257373817270      -0.19602656881124869     
   3.5400000000000000      -0.13115042204743657      -0.19280085308489947     
   3.5600000000000001      -0.12620241159724754      -0.18884355482067414     
   3.5800000000000001      -0.12121799921972543      -0.18522025471077566     
   3.6000000000000001      -0.11649753986214408      -0.18089355034564650     
   3.6200000000000001      -0.11177962638625547      -0.17690541849499145     
   3.6400000000000001      -0.10730397712710978      -0.17224427175183671     
   3.6600000000000001      -0.10286937821855774      -0.16792501007312538     
   3.6800000000000002       -9.8653895627075480E-002 -0.16296519627844985     
   3.7000000000000002       -9.4517445515742829E-002 -0.15834927076685046     
   3.7200000000000002       -9.0575552600420425E-002 -0.15312718555286359     
   3.7400000000000002       -8.6750076984279903E-002 -0.14824964026511289     
   3.7600000000000002       -8.3093242384545032E-002 -0.14280210808678917     
   3.7800000000000002       -7.9589541728251167E-002 -0.13769837923589365     
   3.8000000000000003       -7.6227269172120873E-002 -0.13206246266611324     
   3.8200000000000003       -7.3054112326123202E-002 -0.12676819376983267     
   3.8399999999999999       -6.9993940252598794E-002 -0.12098100452169849     
   3.8599999999999999       -6.7158068267689427E-002 -0.11553186352746211     
   3.8799999999999999       -6.4405579462201212E-002 -0.10963037613420702     
   3.8999999999999999       -6.1911719424621897E-002 -0.10406187542302436     
   3.9199999999999999       -5.9470560466679208E-002  -9.8082744482673706E-002
   3.9399999999999999       -5.7321449130498928E-002  -9.2430064630078024E-002
   3.9600000000000000       -5.5193359405047035E-002  -8.6409446494355141E-002
   3.9800000000000000       -5.3389776351708884E-002  -8.0707264637595671E-002
   4.0000000000000000       -5.1574626329771604E-002  -7.4680644392605022E-002
   4.0200000000000005       -5.0115436339720591E-002  -6.8962968020344323E-002
   4.0400000000000000       -4.8611274789935988E-002  -6.2964992570516271E-002
   4.0600000000000005       -4.7493479068293293E-002  -5.7264999514370751E-002
   4.0800000000000001       -4.6296588819142462E-002  -5.1329317541201736E-002
   4.0999999999999996       -4.5515384676694477E-002  -4.5679202907788791E-002
   4.1200000000000001       -4.4620346509782902E-002  -3.9838312431278888E-002
   4.1399999999999997       -4.4169195062303747E-002  -3.4269143169225739E-002
   4.1600000000000001       -4.3568959280173916E-002  -2.8554247392843964E-002
   4.1799999999999997       -4.3439660693485233E-002  -2.3095825141714925E-002
   4.2000000000000002       -4.3125625871298437E-002  -1.7536697211471528E-002
   4.2199999999999998       -4.3308401646665093E-002  -1.2217430029046947E-002
   4.2400000000000002       -4.3270500045855996E-002  -6.8422872841029450E-003
   4.2599999999999998       -4.3754081810481231E-002  -1.6890707951780944E-003
   4.2800000000000002       -4.3980870904312276E-002   3.4755409683253254E-003
   4.2999999999999998       -4.4752595144975663E-002   8.4374325141572913E-003
   4.3200000000000003       -4.5231354680933721E-002   1.3366744302395886E-002
   4.3399999999999999       -4.6277262835336841E-002   1.8113756634337504E-002
   4.3600000000000003       -4.6994096837637354E-002   2.2784870634553082E-002
   4.3799999999999999       -4.8299040137893670E-002   2.7295257355545673E-002
   4.4000000000000004       -4.9238983235084327E-002   3.1687230092157133E-002
   4.4199999999999999       -5.0786731681099144E-002   3.5941129556201823E-002
   4.4400000000000004       -5.1933859128960647E-002   4.0035043545023609E-002
   4.4600000000000000       -5.3707213956261005E-002   4.4014544470053152E-002
   4.4800000000000004       -5.5044754714940747E-002   4.7793568155091469E-002
   4.5000000000000000       -5.7025663711878186E-002   5.1482763787439101E-002
   4.5200000000000005       -5.8536115928494822E-002   5.4932199608984801E-002
   4.5400000000000000       -6.0705790951678509E-002   5.8317230318735640E-002
   4.5600000000000005       -6.2371039195510604E-002   6.1424550825878083E-002
   4.5800000000000001       -6.4710075229833644E-002   6.4493635075630190E-002
   4.6000000000000005       -6.6511508826640475E-002   6.7248507060513690E-002
   4.6200000000000001       -6.9000003937315604E-002   6.9991960752959853E-002
   4.6399999999999997       -7.0918635752297093E-002   7.2386257447734359E-002
   4.6600000000000001       -7.3536311280874372E-002   7.4796501719647718E-002
   4.6799999999999997       -7.5552896306203404E-002   7.6824303159775939E-002
   4.7000000000000002       -7.8279216670535570E-002   7.8895860751097280E-002
   4.7199999999999998       -8.0374369783212218E-002   8.0553442470131270E-002
   4.7400000000000002       -8.3188661252676738E-002   8.2282922856579843E-002
   4.7599999999999998       -8.5342973521563240E-002   8.3568733137382625E-002
   4.7800000000000002       -8.8224541353437907E-002   8.4954806673025060E-002
   4.7999999999999998       -9.0418694290621049E-002   8.5869432638375223E-002
   4.8200000000000003       -9.3346937631219096E-002   8.6912794010584951E-002
   4.8399999999999999       -9.5561814802181289E-002   8.7458916891868521E-002
   4.8600000000000003       -9.8516338777042411E-002   8.8162238244803917E-002
   4.8799999999999999      -0.10073313420635757        8.8344578220790906E-002
   4.9000000000000004      -0.10369385864730946        8.8712452354646934E-002
   4.9199999999999999      -0.10589418148155502        8.8537703402912990E-002
   4.9400000000000004      -0.10884144576463758        8.8576577504510035E-002
   4.9600000000000000      -0.11100742068175708        8.8053332755658950E-002
   4.9800000000000004      -0.11392208417866113        8.7771433161196996E-002
   5.0000000000000000      -0.11603644706294078        8.6910101290451944E-002
   5.0200000000000005      -0.11889998473956438        8.6317349823272091E-002
   5.0400000000000000      -0.12094617317351025        8.5130063055036995E-002
   5.0600000000000005      -0.12374076590228320        8.4237985519810654E-002
   5.0800000000000001      -0.12570300406080392        8.2738499858284950E-002
   5.1000000000000005      -0.12841162324836941        8.1560127308030403E-002
   5.1200000000000001      -0.13027500081657778        7.9763715640737989E-002
   5.1399999999999997      -0.13288148698503924        7.8313479064302569E-002
   5.1600000000000001      -0.13463203175847377        7.6236817815337130E-002
   5.1799999999999997      -0.13712116675650093        7.4530436920359600E-002
   5.2000000000000002      -0.13874591062142100        7.2191486956143469E-002
   5.2199999999999998      -0.14110348318084157        7.0245853745924888E-002
   5.2400000000000002      -0.14259052121224894        6.7663736258236462E-002
   5.2599999999999998      -0.14480338560611189        6.5496794120319599E-002
   5.2800000000000002      -0.14614192806207668        6.2691662229194464E-002
   5.2999999999999998      -0.14819805566133384        6.0322281268721960E-002
   5.3200000000000003      -0.14937847269383239        5.7315188101525340E-002
   5.3399999999999999      -0.15126699626152418        5.4763037463576109E-002
   5.3600000000000003      -0.15228085520610563        5.1575801476048330E-002
   5.3799999999999999      -0.15399210581002734        4.8861219408121076E-002
   5.4000000000000004      -0.15483220095899261        4.5516287718502094E-002
   5.4199999999999999      -0.15635773742603484        4.2660150127125443E-002
   5.4400000000000004      -0.15701811223221041        3.9180460635578521E-002
   5.4600000000000000      -0.15835074310968614        3.6204048889699469E-002
   5.4800000000000004      -0.15882670481008523        3.2612891952206291E-002
   5.5000000000000000      -0.15996050284115415        2.9537760680584262E-002
   5.5200000000000005      -0.16024862953161648        2.5858641099322399E-002
   5.5400000000000000      -0.16117893869317240        2.2706486719696183E-002
   5.5600000000000005      -0.16127707892624313        1.8962986800704199E-002
   5.5800000000000001      -0.16200051411812691        1.5755517505084839E-002
   5.6000000000000005      -0.16190777913676102        1.1971161918858881E-002
   5.6200000000000001      -0.16242221865068462        8.7299698220356971E-003
   5.6399999999999997      -0.16213896740963202        4.9280929836935375E-003
   5.6600000000000001      -0.16244353834454206        1.6745291210446926E-003
   5.6799999999999997      -0.16197135550927874       -2.1218542160316330E-003
   5.7000000000000002      -0.16206641233684799       -5.3668013799156675E-003
   5.7199999999999998      -0.16140807948646907       -9.1351216493399286E-003
   5.7400000000000002      -0.16129517600578847       -1.2350943567719860E-002
   5.7599999999999998      -0.16045463630117948       -1.6069197396336422E-002
   5.7800000000000002      -0.16013649125534626       -1.9235978040826399E-002
   5.7999999999999998      -0.15911880786701971       -2.2882844130892539E-002
   5.8200000000000003      -0.15859926452600381       -2.5981367277448656E-002
   5.8399999999999999      -0.15741057314705639       -2.9536316595641200E-002
   5.8600000000000003      -0.15669455319081543       -3.2548167265205624E-002
   5.8799999999999999      -0.15534200898936937       -3.5991567008011927E-002
   5.9000000000000004      -0.15443546105252071       -3.8899226570695979E-002
   5.9199999999999999      -0.15292718044461437       -4.2212437416971421E-002
   5.9400000000000004      -0.15183702370892505       -4.4999371910718233E-002
   5.9600000000000000      -0.15018202135698189       -4.8164838115698605E-002
   5.9800000000000004      -0.14891608460038228       -5.0815579374503900E-002
   6.0000000000000000      -0.14712420606399673       -5.3816911305083641E-002
   6.0200000000000005      -0.14569116259465609       -5.6317130537798257E-002
   6.0400000000000000      -0.14377301307939097       -5.9139179296145289E-002
   6.0600000000000005      -0.14218231200052464       -6.1475752804351434E-002
   6.0800000000000001      -0.14014918166663323       -6.4104676635638902E-002
   6.1000000000000005      -0.13841097593207094       -6.6265743407793357E-002
   6.1200000000000001      -0.13627476223847357       -6.8689065637692642E-002
   6.1400000000000006      -0.13439983397055347       -7.0664076606367865E-002
   6.1600000000000001      -0.13217296153996536       -7.2870734904667056E-002
   6.1799999999999997      -0.13017264508999410       -7.4650493703996637E-002
   6.2000000000000002      -0.12786798358879006       -7.6630880521982164E-002
   6.2199999999999998      -0.12575408682611020       -7.8207575633030726E-002
   6.2400000000000002      -0.12338486735731036       -7.9953569713795747E-002
   6.2599999999999998      -0.12116959167594273       -8.1320797936227152E-002
   6.2800000000000002      -0.11874932218562029       -8.2825786848548813E-002
   6.2999999999999998      -0.11644518171752291       -8.3978568087366187E-002
   6.3200000000000003      -0.11398756191399323       -8.5237461784930316E-002
   6.3399999999999999      -0.11160730243523392       -8.6172245190918595E-002
   6.3600000000000003      -0.10912613871662648       -8.7181480649175302E-002
   6.3799999999999999      -0.10668265672726002       -8.7896142200710570E-002
   6.4000000000000004      -0.10419177760655834       -8.8653679233237886E-002
   6.4199999999999999      -0.10169804005679824       -8.9147510895066881E-002
   6.4400000000000004       -9.9211212564231044E-002  -8.9652819299729861E-002
   6.4600000000000000       -9.6680177688695773E-002  -8.9926509940906549E-002
   6.4800000000000004       -9.4211025219562969E-002  -9.0180548173067906E-002
   6.5000000000000000       -9.1655564928055433E-002  -9.0236156471214093E-002
   6.5200000000000005       -8.9217486989776940E-002  -9.0241342086531506E-002
   6.5400000000000000       -8.6650311247334105E-002  -9.0082261688729792E-002
   6.5600000000000005       -8.4256405542830842E-002  -8.9842433841431743E-002
   6.5800000000000001       -8.1689989153781506E-002  -8.9473351093141543E-002
   6.6000000000000005       -7.9352976419361732E-002  -8.8993725416888658E-002
   6.6200000000000001       -7.6799488609987324E-002  -8.8420570009093549E-002
   6.6400000000000006       -7.4531640604853608E-002  -8.7707686246402933E-002
   6.6600000000000001       -7.2002877777102903E-002  -8.6937575167560857E-002
   6.6799999999999997       -6.9815948798559541E-002  -8.5999237950108734E-002
   6.7000000000000002       -6.7323270803274812E-002  -8.5040413163211426E-002
   6.7199999999999998       -6.5228433076856510E-002  -8.3885626378964101E-002
   6.7400000000000002       -6.2782703329285178E-002  -8.2747386674961995E-002
   6.7599999999999998       -6.0790486596505308E-002  -8.1386281888860920E-002
   6.7800000000000002       -5.8402016329663201E-002  -8.0078909395734379E-002
   6.7999999999999998       -5.6522251928061353E-002  -7.8522668818442179E-002
   6.8200000000000003       -5.4200748850953218E-002  -7.7057350670175551E-002
   6.8399999999999999       -5.2442518551779574E-002  -7.5318125194054689E-002
   6.8600000000000003       -5.0197040149745076E-002  -7.3706870885591469E-002
   6.8799999999999999       -4.8568629988131551E-002  -7.1797693728533993E-002
   6.9000000000000004       -4.6407541671851862E-002  -7.0053248701370030E-002
   6.9199999999999999       -4.4916400972867518E-002  -6.7987945217240164E-002
   6.9400000000000004       -4.2847339251021660E-002  -6.6123701235577287E-002
   6.9600000000000000       -4.1500045022778341E-002  -6.3916795464801945E-002
   6.9800000000000004       -3.9529885841166172E-002  -6.1946698354082737E-002
   7.0000000000000000       -3.8332112673316238E-002  -5.9613316899278859E-002
   7.0200000000000005       -3.6466945030653702E-002  -5.7551772227420514E-002
   7.0400000000000000       -3.5423440603394182E-002  -5.5107546046852113E-002
   7.0600000000000005       -3.3668545521125123E-002  -5.2969323333575374E-002
   7.0800000000000001       -3.2783111796381173E-002  -5.0430288049675198E-002
   7.1000000000000005       -3.1142946686926846E-002  -4.8230424090984825E-002
   7.1200000000000001       -3.0418426819921695E-002  -4.5612919412161439E-002
   7.1400000000000006       -2.8896615264992133E-002  -4.3366621305297184E-002
   7.1600000000000001       -2.8334886241109501E-002  -4.0687190156803756E-002
   7.1799999999999997       -2.6934213159216330E-002  -3.8409738605882843E-002
   7.2000000000000002       -2.6536184128111255E-002  -3.5685026559692065E-002
   7.2199999999999998       -2.5258596278432750E-002  -3.3391680033862149E-002
   7.2400000000000002       -2.5024212524932209E-002  -3.0638335618335715E-002
   7.2599999999999998       -2.3870824263368493E-002  -2.8344235922625714E-002
   7.2800000000000002       -2.3799076723004069E-002  -2.5578812380367171E-002
   7.2999999999999998       -2.2770180895798787E-002  -2.3298892184654738E-002
   7.3200000000000003       -2.2859121092005445E-002  -2.0537751231390892E-002
   7.3399999999999999       -2.1954204922869893E-002  -1.8286644085110052E-002
   7.3600000000000003       -2.2200965173136942E-002  -1.5545862203876000E-002
   7.3799999999999999       -2.1418730971556752E-002  -1.3337815543394294E-002
   7.4000000000000004       -2.1819549681291642E-002  -1.0633093326834889E-002
   7.4199999999999999       -2.1157940172780221E-002  -8.4818849589804995E-003
   7.4400000000000004       -2.1708192008497284E-002  -5.8284599883784618E-003
   7.4600000000000000       -2.1164420062131352E-002  -3.7473185075546471E-003
   7.4800000000000004       -2.1858650769950777E-002  -1.1598822304195750E-003
   7.5000000000000000       -2.1429233274718615E-002   8.3858820171859357E-004
   7.5200000000000005       -2.2261198886191033E-002   3.3459691628333161E-003
   7.5400000000000000       -2.1941994505630034E-002   5.2498592768573278E-003
   7.5600000000000005       -2.2904704650712742E-002   7.6638169830057406E-003
   7.5800000000000001       -2.2690955165124704E-002   9.4619777347853661E-003
   7.6000000000000005       -2.3776720191838623E-002   1.1769911588795371E-002
   7.6200000000000001       -2.3663095119151708E-002   1.3452014035138411E-002
   7.6400000000000006       -2.4863576701143000E-002   1.5642153906461283E-002
   7.6600000000000001       -2.4844220871328180E-002   1.7198743328425588E-002
   7.6799999999999997       -2.6150485768330810E-002   1.9260206848499325E-002
   7.7000000000000002       -2.6219069512254424E-002   2.0682750864973433E-002
   7.7199999999999998       -2.7621646134371895E-002   2.2605594634900895E-002
   7.7400000000000002       -2.7771417736136800E-002   2.3886525087667546E-002
   7.7599999999999998       -2.9260355150990871E-002   2.5661789579047266E-002
   7.7800000000000002       -2.9484195203235020E-002   2.6794538010046019E-002
   7.7999999999999998       -3.1049124215409795E-002   2.8414285979652867E-002
   7.8200000000000003       -3.1339601509726339E-002   2.9393312561300029E-002
   7.8399999999999999       -3.2969797434596784E-002   3.0850660840748091E-002
   7.8600000000000003       -3.3319226014233580E-002   3.1671476660708339E-002
   7.8799999999999999       -3.5003672763223005E-002   3.2960621222992627E-002
   7.9000000000000004       -3.5404169762516480E-002   3.3619803865482432E-002
   7.9199999999999999       -3.7131624854078088E-002   3.4736038111143890E-002
   7.9400000000000004       -3.7575168748667773E-002   3.5231240517439179E-002
   7.9600000000000000       -3.9334228858817682E-002   3.6170966763786658E-002
   7.9800000000000004       -3.9812717752550388E-002   3.6500919394867208E-002
   8.0000000000000000       -4.1591884420566445E-002   3.7261653591982344E-002
   8.0199999999999996       -4.2097193999096991E-002   3.7426159955939460E-002
   8.0400000000000009       -4.3884939107999288E-002   3.8006529692854112E-002
   8.0600000000000005       -4.4408979895378536E-002   3.8006455338588756E-002
   8.0800000000000001       -4.6193810552971511E-002   3.8406191241834947E-002
   8.0999999999999996       -4.6728584115921235E-002   3.8243446358461511E-002
   8.1200000000000010       -4.8499106570439099E-002   3.8463367022934139E-002
   8.1400000000000006       -4.9036760325473758E-002   3.8140882820969585E-002
   8.1600000000000001       -5.0781742560155774E-002   3.8182873449505966E-002
   8.1799999999999997       -5.1314622851140003E-002   3.7704572535164620E-002
   8.1999999999999993       -5.3023055514283962E-002   3.7571557498235604E-002
   8.2200000000000006       -5.3543758642317085E-002   3.6942318485776324E-002
   8.2400000000000002       -5.5204913983422879E-002   3.6638228046015672E-002
   8.2599999999999998       -5.5706334887014708E-002   3.5863844684922125E-002
   8.2799999999999994       -5.7309823385430822E-002   3.5393576162721353E-002
   8.3000000000000007       -5.7785201686663887E-002   3.4480711286371410E-002
   8.3200000000000003       -5.9321026076575543E-002   3.3850084972274833E-002
   8.3399999999999999       -5.9763989228217074E-002   3.2806219602518095E-002
   8.3599999999999994       -6.1222595642745473E-002   3.2021929749520311E-002
   8.3800000000000008       -6.1627198931950337E-002   3.0855307717093716E-002
   8.4000000000000004       -6.2999524909441176E-002   2.9924868971034472E-002
   8.4199999999999999       -6.3360288095639830E-002   2.8644437434878326E-002
   8.4399999999999995       -6.4637807212773374E-002   2.7576127083828162E-002
   8.4600000000000009       -6.4949747600426377E-002   2.6191473353006957E-002
   8.4800000000000004       -6.6124510519442056E-002   2.4994269796734872E-002
   8.5000000000000000       -6.6383172290419276E-002   2.3515554876721700E-002
   8.5199999999999996       -6.7447844031372814E-002   2.2199072734942860E-002
   8.5400000000000009       -6.7649323686631027E-002   2.0636962035410815E-002
   8.5600000000000005       -6.8597216960043658E-002   1.9211384328451910E-002
   8.5800000000000001       -6.8738184745877062E-002   1.7576975982363883E-002
   8.5999999999999996       -6.9563289206245257E-002   1.6052983830095634E-002
   8.6200000000000010       -6.9641006426512581E-002   1.4357735083744258E-002
   8.6400000000000006       -7.0338013732769225E-002   1.2746435378070076E-002
   8.6600000000000001       -7.0350345875000164E-002   1.1002087518757090E-002
   8.6799999999999997       -7.0914670470000260E-002   9.3149390315847586E-003
   8.7000000000000011       -7.0860096099992415E-002   7.5334413238249218E-003
   8.7200000000000006       -7.1287891647282789E-002   5.7821797162716654E-003
   8.7400000000000002       -7.1165507053557328E-002   3.9756128187579173E-003
   8.7599999999999998       -7.1453678495924003E-002   2.1721750183512798E-003
   8.7799999999999994       -7.1263198092054197E-002   3.5267435243910685E-004
   8.8000000000000007       -7.1409409322469128E-002  -1.4908772367037111E-003
   8.8200000000000003       -7.1151161841670987E-002  -3.3111977005134924E-003
   8.8399999999999999       -7.1153839003127300E-002  -5.1827506940814068E-003
   8.8599999999999994       -7.0828759545449677E-002  -6.9918737722140713E-003
   8.8800000000000008       -7.0687090001630912E-002  -8.8793405554675152E-003
   8.9000000000000004       -7.0296708019450010E-002  -1.0665419860174680E-002
   8.9199999999999999       -7.0010635063076129E-002  -1.2556811147753430E-002
   8.9399999999999995       -6.9557058395236529E-002  -1.4308243331449894E-002
   8.9600000000000009       -6.9127271785124747E-002  -1.6191740106328796E-002
   8.9800000000000004       -6.8613166873832204E-002  -1.7897234918823526E-002
   9.0000000000000000       -6.8041089315065070E-002  -1.9761258334410704E-002
   9.0199999999999996       -6.7469657762386961E-002  -2.1409906087746615E-002
   9.0400000000000009       -6.6757427466362304E-002  -2.3243184934351929E-002
   9.0600000000000005       -6.6132379108798531E-002  -2.4824520989509616E-002
   9.0800000000000001       -6.5282828591220310E-002  -2.6616156345862323E-002
   9.0999999999999996       -6.4608351291147573E-002  -2.8120222257269855E-002
   9.1200000000000010       -6.3624982586086301E-002  -2.9859748969294567E-002
   9.1400000000000006       -6.2905708957837148E-002  -3.1277149946769001E-002
   9.1600000000000001       -6.1792665444735127E-002  -3.2954594599287478E-002
   9.1799999999999997       -6.1033636750544837E-002  -3.4276552972552776E-002
   9.2000000000000011       -5.9795671808365120E-002  -3.5882488044803970E-002
   9.2200000000000006       -5.9002299275309797E-002  -3.7100892442913161E-002
   9.2400000000000002       -5.7644741993839947E-002  -3.8626486365604076E-002
   9.2599999999999998       -5.6822765817113111E-002  -3.9733936352260135E-002
   9.2799999999999994       -5.5351484009656379E-002  -4.1170999212095730E-002
   9.3000000000000007       -5.4506930320016474E-002  -4.2160845147827870E-002
   9.3200000000000003       -5.2928291094266319E-002  -4.3501869814932717E-002
   9.3399999999999999       -5.2067427178171914E-002  -4.4368247748147828E-002
   9.3599999999999994       -5.0388255332914439E-002  -4.5606446232292971E-002
   9.3800000000000008       -4.9517543402698275E-002  -4.6344307653186610E-002
   9.4000000000000004       -4.7745077927076066E-002  -4.7473642526075416E-002
   9.4199999999999999       -4.6871127745455640E-002  -4.8078778850050297E-002
   9.4399999999999995       -4.5012976704822627E-002  -4.9093989602897278E-002
   9.4600000000000009       -4.4142497373078411E-002  -4.9563051283294454E-002
   9.4800000000000004       -4.2206591470956858E-002  -5.0459675521349931E-002
   9.5000000000000000       -4.1346342693216187E-002  -5.0790185724743711E-002
   9.5199999999999996       -3.9340887802524108E-002  -5.1564575133073193E-002
   9.5400000000000009       -3.8497630939767720E-002  -5.1754937943910187E-002
   9.5600000000000005       -3.6431059898319088E-002  -5.2404268991430546E-002
   9.5800000000000001       -3.5611509124988679E-002  -5.2453772146203573E-002
   9.5999999999999996       -3.3492433090292456E-002  -5.2976051527510108E-002
   9.6200000000000010       -3.2703206963743146E-002  -5.2884863711749330E-002
   9.6400000000000006       -3.0540366620364173E-002  -5.3278928558444773E-002
   9.6600000000000001       -2.9787940368908316E-002  -5.3048091332386471E-002
   9.6799999999999997       -2.7590157278136955E-002  -5.3313604257254753E-002
   9.7000000000000011       -2.6880816107108779E-002  -5.2945018707922821E-002
   9.7200000000000006       -2.4656944483461576E-002  -5.3082457776193331E-002
   9.7400000000000002       -2.3996738190649472E-002  -5.2578866024616984E-002
   9.7599999999999998       -2.1755617382842908E-002  -5.2589509776561273E-002
   9.7799999999999994       -2.1150316564851168E-002  -5.1954471498778791E-002
   9.8000000000000007       -1.8900724510418132E-002  -5.1840379176801801E-002
   9.8200000000000003       -1.8355778630105207E-002  -5.1078243325996898E-002
   9.8399999999999999       -1.6106386542829830E-002  -5.0842230487066695E-002
   9.8599999999999994       -1.5626884115007018E-002  -4.9958102431492950E-002
   9.8800000000000008       -1.3386212652917400E-002  -4.9603712152044267E-002
   9.9000000000000004       -1.2976843791069536E-002  -4.8603416469165280E-002
   9.9199999999999999       -1.0753220939936116E-002  -4.8134886374369940E-002
   9.9399999999999995       -1.0418242490941181E-002  -4.7024925565739700E-002
   9.9600000000000009       -8.2197633841745773E-003  -4.6447150938128338E-002
   9.9800000000000004       -7.9629668609558293E-003  -4.5234660351830755E-002
   10.000000000000000       -5.7974557415814637E-003  -4.4553153595553688E-002
   10.020000000000000       -5.6221382454337658E-003  -4.3245852863395502E-002
   10.040000000000001       -3.4971127595468999E-003  -4.2466699619815293E-002
   10.060000000000000       -3.4060510646540770E-003  -4.1072840934819284E-002
   10.080000000000000       -1.3286890585384493E-003  -4.0202653162534928E-002
   10.100000000000000       -1.3241170110614609E-003  -3.8730966738517954E-002
   10.120000000000001        6.9877401389755421E-004  -3.7776833086244563E-002
   10.140000000000001        6.1518465070585829E-004  -3.6236470155308731E-002
   10.160000000000000        2.5771952899480500E-003  -3.5205903969203013E-002
   10.180000000000000        2.4043504347279051E-003  -3.3606377684752470E-002
   10.200000000000001        4.2994942232759369E-003  -3.2507263002722629E-002
   10.220000000000001        4.0368894318798280E-003  -3.0858387625090172E-002
   10.240000000000000        5.8596246817418703E-003  -2.9698923519311880E-002
   10.260000000000000        5.5073533936221579E-003  -2.8010752268200552E-002
   10.279999999999999        7.2526019498166212E-003  -2.6799395903444333E-002
   10.300000000000001        6.8113599829713991E-003  -2.5082157866134248E-002
   10.320000000000000        8.4745228425266352E-003  -2.3827566645574224E-002
   10.340000000000000        7.9456091173678925E-003  -2.2091603132203812E-002
   10.359999999999999        9.5225788761098256E-003  -2.0802576304117266E-002
   10.380000000000001        8.9078923714741246E-003  -1.9058277041324189E-002
   10.400000000000000        1.0395062483831445E-002  -1.7743697139513844E-002
   10.420000000000000        9.6970954510551058E-003  -1.6001436691332169E-002
   10.440000000000000        1.1091366308358197E-002  -1.4670211179230570E-002
   10.460000000000001        1.0313193791751562E-002  -1.2940285979419167E-002
   10.480000000000000        1.1611975644452722E-002  -1.1601289462703276E-002
   10.500000000000000        1.0757241378499319E-002  -9.8938558356721131E-003
   10.520000000000000        1.1958454147275768E-002  -8.5558732008758319E-003
   10.540000000000001        1.1031352922322718E-002  -6.8808867391414261E-003
   10.560000000000000        1.2133422962021426E-002  -5.5525575662676687E-003
   10.580000000000000        1.1138679570992280E-002  -3.9197142209798086E-003
   10.600000000000000        1.2140533469721985E-002  -2.6094788065583042E-003
   10.620000000000001        1.1083378368351996E-002  -1.0281580341832543E-003
   10.640000000000001        1.1984433881613148E-002   2.5579465231565911E-004
   10.660000000000000        1.0870575713764929E-002   1.7765843594964720E-003
   10.680000000000000        1.1670729950228447E-002   3.0263664783972046E-003
   10.700000000000001        1.0506325107884944E-002   4.4780393675994453E-003
   10.720000000000001        1.1205940099187954E-002   5.6861114805936662E-003
   10.740000000000000        9.9975595036380354E-003   7.0605533283034563E-003
   10.760000000000000        1.0597445305268240E-002   8.2197688673754273E-003
   10.779999999999999        9.3520386117045932E-003   9.5093825128650996E-003
   10.800000000000001        9.8534340956116552E-003   1.0613029195425935E-002
   10.820000000000000        8.5782915377654555E-003   1.1810776569392042E-002
   10.840000000000000        8.9828430496926379E-003   1.2852614530191533E-002
   10.859999999999999        7.6855551541580762E-003   1.3952054953313019E-002
   10.880000000000001        7.9952932197640617E-003   1.4926351386634099E-002
   10.900000000000000        6.6837086312506733E-003   1.5921675937431261E-002
   10.920000000000000        6.9010229048325992E-003   1.6823236067078008E-002
   10.940000000000000        5.5832045736664802E-003   1.7709297844039545E-002
   10.960000000000001        5.7108172316526953E-003   1.8533492063544856E-002
   10.980000000000000        4.3949972233807526E-003   1.9305832192915682E-002
   11.000000000000000        4.4359350116970750E-003   2.0048619244055425E-002
   11.020000000000000        3.1304682055931289E-003   2.0703488511773078E-002
   11.040000000000001        3.0880333554905649E-003   2.1361434595712700E-002
   11.060000000000000        1.8013503040900558E-003   2.1895810609574233E-002
   11.080000000000000        1.6790905350358681E-003   2.2466104351622350E-002
   11.100000000000000        4.1964976051873611E-004   2.2877704167683959E-002
   11.120000000000001        2.2132759128694443E-004   2.3358167383516263E-002
   11.140000000000001       -1.0024324034223640E-003   2.3645455558802354E-002
   11.160000000000000       -1.2728708132703377E-003   2.4034549796978614E-002
   11.180000000000000       -2.4525795404093816E-003   2.4196741858634178E-002
   11.200000000000001       -2.7910357968785595E-003   2.4493570721093823E-002
   11.220000000000001       -3.9184385097070160E-003   2.4530632069984393E-002
   11.240000000000000       -4.3206934186482979E-003   2.4734939338806810E-002
   11.260000000000000       -5.3876982930424824E-003   2.4647579633087627E-002
   11.279999999999999       -5.8494431057385188E-003   2.4759743257979999E-002
   11.300000000000001       -6.8481676077154358E-003   2.4549406349158004E-002
   11.320000000000000       -7.3650348658303695E-003   2.4570428375728984E-002
   11.340000000000000       -8.2878510411527814E-003   2.4239277896070038E-002
   11.359999999999999       -8.8554448151219323E-003   2.4170770439809384E-002
   11.380000000000001       -9.6950232445873839E-003   2.3721671165446986E-002
   11.400000000000000       -1.0308948566830976E-002   2.3565838560313353E-002
   11.420000000000000       -1.1058300739739143E-002   2.3002333698948163E-002
   11.440000000000000       -1.1714192042621472E-002   2.2761950972429921E-002
   11.460000000000001       -1.2366710911182801E-002   2.2088235547933297E-002
   11.480000000000000       -1.3060259289337626E-002   2.1766623396258535E-002
   11.500000000000000       -1.3609757778362028E-002   2.0987513924677091E-002
   11.520000000000000       -1.4336736905792754E-002   2.0588510382384760E-002
   11.540000000000001       -1.4777484164803130E-002   1.9709411054664241E-002
   11.560000000000000       -1.5533774708962769E-002   1.9237340071893348E-002
   11.580000000000000       -1.5860529907831170E-002   1.8264205677985396E-002
   11.600000000000000       -1.6642142295606791E-002   1.7723842836487192E-002
   11.620000000000001       -1.6850185779821922E-002   1.6663138683267603E-002
   11.640000000000001       -1.7653281183901005E-002   1.6059674298200356E-002
   11.660000000000000       -1.7738442821549995E-002   1.4918333389718218E-002
   11.680000000000000       -1.8559352249937006E-002   1.4257333258659128E-002
   11.700000000000001       -1.8518036819322362E-002   1.3042711021568893E-002
   11.720000000000001       -1.9353278205704247E-002   1.2330075094797586E-002
   11.740000000000000       -1.9182487690115161E-002   1.1049901944327783E-002
   11.760000000000000       -2.0028780898242234E-002   1.0291821201235847E-002
   11.779999999999999       -1.9726133572650049E-002   8.9541532536570358E-003
   11.800000000000001       -2.0580413243799247E-002   8.1570650790650876E-003
   11.820000000000000       -2.0144159457039384E-002   6.7702333252855299E-003
   11.840000000000000       -2.1003585645853130E-002   5.9407756864617821E-003
   11.859999999999999       -2.0432620221076749E-002   4.5133339480638492E-003
   11.880000000000001       -2.1294586781514375E-002   3.6582986783063208E-003
   11.900000000000000       -2.0588457977227272E-002   2.1989706720133813E-003
   11.920000000000000       -2.1450598676917988E-002   1.3252561697642087E-003
   11.940000000000000       -2.0609513670655107E-002  -1.5711799101732031E-004
   11.960000000000001       -2.1469706028492477E-002  -1.0425543374180529E-003
   11.980000000000000       -2.0494532904987022E-002  -2.5390718747055840E-003
   12.000000000000000       -2.1350899763246136E-002  -3.4292612273406327E-003
   12.020000000000000       -2.0243166008725607E-002  -4.9310103364371511E-003
   12.040000000000001       -2.1094074867207900E-002  -5.8190196066847692E-003
   12.060000000000000       -1.9855962391069286E-002  -7.3171326752734401E-003
   12.080000000000000       -2.0700022546680862E-002  -8.1961110793827424E-003
   12.100000000000000       -1.9334359271149414E-002  -9.6818171686596025E-003
   12.120000000000001       -2.0170416821793383E-002  -1.0545041844720616E-002
   12.140000000000001       -1.8680664899141594E-002  -1.2009718120605875E-002
   12.160000000000000       -1.9507795685753872E-002  -1.2850638519960392E-002
   12.180000000000000       -1.7898036421140438E-002  -1.4285860331513647E-002
   12.200000000000001       -1.8715536996025624E-002  -1.5098141107754405E-002
   12.220000000000001       -1.6990452571902986E-002  -1.6495730420783297E-002
   12.240000000000000       -1.7797829295141149E-002  -1.7273292551261199E-002
   12.260000000000000       -1.5962681410373776E-002  -1.8625364457676111E-002
   12.280000000000001       -1.6759637788884108E-002  -1.9362424345791513E-002
   12.300000000000001       -1.4820243342122254E-002  -2.0661431383429848E-002
   12.320000000000000       -1.5606665737905335E-002  -2.1352537704828142E-002
   12.340000000000000       -1.3569369700280429E-002  -2.2591311738150283E-002
   12.359999999999999       -1.4345311545343045E-002  -2.3231379810169046E-002
   12.380000000000001       -1.2216957182107458E-002  -2.4403171239304945E-002
   12.400000000000000       -1.2982621847535389E-002  -2.4987514710516728E-002
   12.420000000000000       -1.0770518461783927E-002  -2.6086028794500241E-002
   12.440000000000000       -1.1526240937308529E-002  -2.6610388469841147E-002
   12.460000000000001       -9.2381293213217811E-003  -2.7629818569384353E-002
   12.480000000000000       -9.9843568694730090E-003  -2.8090388206027543E-002
   12.500000000000000       -7.6283726604514674E-003  -2.9025445771728931E-002
   12.520000000000000       -8.3656446159582325E-003  -2.9418894701421561E-002
   12.540000000000001       -5.9502797629164429E-003  -3.0264835854734485E-002
   12.560000000000000       -6.6792066533681747E-003  -3.0588328309630208E-002
   12.580000000000000       -4.2132692106838596E-003  -3.1340976886101241E-002
   12.600000000000000       -4.9345113785761521E-003  -3.1592187927047911E-002
   12.620000000000001       -2.4270838491023509E-003  -3.2247954874125531E-002
   12.640000000000001       -3.1413297582343338E-003  -3.2425082842766635E-002
   12.660000000000000       -6.0172621495357395E-004  -3.2980981887733109E-002
   12.680000000000000       -1.3096706257131950E-003  -3.3082757326507645E-002
   12.700000000000001        1.2526071543795603E-003  -3.3536416853654126E-002
   12.720000000000001        5.5028495601749179E-004  -3.3562107860688001E-002
   12.740000000000000        3.1255921087845638E-003  -3.3911778960587287E-002
   12.760000000000000        2.4282498447093228E-003  -3.3861192969415616E-002
   12.780000000000001        5.0068435475225902E-003  -3.4105753646901341E-002
   12.800000000000001        4.3138970617983829E-003  -3.3979235643801682E-002
   12.820000000000000        6.8859819344288409E-003  -3.4118191194891768E-002
   12.840000000000000        6.1969257103675086E-003  -3.3916618409201967E-002
   12.859999999999999        8.7526992493561599E-003  -3.3950098000564116E-002
   12.880000000000001        8.0671261559582333E-003  -3.3674871125566615E-002
   12.900000000000000        1.0596823965846434E-002  -3.3603620633074420E-002
   12.920000000000000        9.9144440660991918E-003  -3.3256651656716645E-002
   12.940000000000000        1.2408384654348056E-002  -3.3082022842049669E-002
   12.960000000000001        1.1729042914885952E-002  -3.2665719587806751E-002
   12.980000000000000        1.4177671822048694E-002  -3.2389655713775202E-002
   13.000000000000000        1.3501364571782882E-002  -3.1906903212221553E-002
   13.020000000000000        1.5895297614469402E-002  -3.1531921218418510E-002
   13.040000000000001        1.5222187608922624E-002  -3.0986060049438505E-002
   13.060000000000000        1.7552253020263881E-002  -3.0515229429820063E-002
   13.080000000000000        1.6882682978442188E-002  -2.9910031193741974E-002
   13.100000000000000        1.9139962239068310E-002  -2.9346949736693065E-002
   13.120000000000001        1.8474466730693511E-002  -2.8686589829867864E-002
   13.140000000000001        2.0650333892623513E-002  -2.8035356399122368E-002
   13.160000000000000        1.9989649465366455E-002  -2.7324384285490493E-002
   13.180000000000000        2.2075808781602573E-002  -2.6589568836838513E-002
   13.200000000000001        2.1420882230518579E-002  -2.5832876021742463E-002
   13.220000000000001        2.3409403914473364E-002  -2.5019487065684312E-002
   13.240000000000000        2.2761398609064707E-002  -2.4222272991509669E-002
   13.260000000000000        2.4644752560147615E-002  -2.3335722725822076E-002
   13.280000000000001        2.4005052758276808E-002  -2.2503458820910528E-002
   13.300000000000001        2.5776140102948871E-002  -2.1549526169402422E-002
   13.320000000000000        2.5146353195110625E-002  -2.0687918292012688E-002
   13.340000000000000        2.6798535506396264E-002  -1.9672710096501130E-002
   13.359999999999999        2.6180492148532037E-002  -1.8787659624342232E-002
   13.380000000000001        2.7707618221268521E-002  -1.7717570246019346E-002
   13.400000000000000        2.7103370329280240E-002  -1.6815134069000173E-002
   13.420000000000000        2.8499800403196943E-002  -1.5696803662844878E-002
   13.440000000000000        2.7911616997488529E-002  -1.4783153342139345E-002
   13.460000000000001        2.9172244335447087E-002  -1.3623425073819244E-002
   13.480000000000000        2.8602605239095441E-002  -1.2704805434112947E-002
   13.500000000000000        2.9722874983393176E-002  -1.1510681912898621E-002
   13.520000000000000        2.9174462392825389E-002  -1.0593369336746480E-002
   13.540000000000001        3.0150387638272203E-002  -9.3719685403098989E-003
   13.560000000000000        2.9626075600504093E-002  -8.4622292338914513E-003
   13.580000000000000        3.0454250638930404E-002  -7.2207402014803305E-003
   13.600000000000000        2.9957092484404778E-002  -6.3247886996973075E-003
   13.620000000000001        3.0634703191248655E-002  -5.0704272690769974E-003
   13.640000000000001        3.0167916986003157E-002  -4.1943854449143390E-003
   13.660000000000000        3.0692748335562247E-002  -2.9343503056678713E-003
   13.680000000000000        3.0259700430761260E-002  -2.0842071440628188E-003
   13.700000000000001        3.0630141142484624E-002  -8.2563647536832915E-004
   13.720000000000001        3.0234327913175114E-002  -7.2088655413892963E-006
   13.740000000000000        3.0449372246918637E-002   1.2428621795550427E-003
   13.760000000000000        3.0094400125126715E-002   2.0239673872098915E-003
   13.780000000000001        3.0153646858512653E-002   3.2586480966880910E-003
   13.800000000000001        2.9843210778400655E-002   3.9970705324200804E-003
   13.820000000000000        2.9746859414219666E-002   5.2096547042070774E-003
   13.840000000000000        2.9484719798891380E-002   5.9003151935010838E-003
   13.859999999999999        2.9233564064779959E-002   7.0843196239279939E-003
   13.880000000000001        2.9023522495378023E-002   7.7224529611069608E-003
   13.900000000000000        2.8618941211715931E-002   8.8716541304271201E-003
   13.920000000000000        2.8464814929629302E-002   9.4528397109417701E-003
   13.940000000000000        2.7908760334655194E-002   1.0561308456736845E-002
   13.960000000000001        2.7814355736880774E-002   1.1081498582448239E-002
   13.980000000000000        2.7109339370349775E-002   1.2143632566239336E-002
   14.000000000000000        2.7078424666271663E-002   1.2599178253713747E-002
   14.020000000000000        2.6227500924511767E-002   1.3609732041673133E-002
   14.040000000000001        2.6263778129521714E-002   1.3997406180202513E-002
   14.060000000000000        2.5270525615427974E-002   1.4951518775421243E-002
   14.080000000000000        2.5377602062865795E-002   1.5268536499045051E-002
   14.100000000000000        2.4246102864150375E-002   1.6161756180240315E-002
   14.120000000000001        2.4427462421954611E-002   1.6405792336359665E-002
   14.140000000000001        2.3162279459800796E-002   1.7234098676086041E-002
   14.160000000000000        2.3421253641996733E-002   1.7403302292209225E-002
   14.180000000000000        2.2027406240107392E-002   1.8163125246449877E-002
   14.200000000000001        2.2367145405797536E-002   1.8256130916066426E-002
   14.220000000000001        2.0850083236650791E-002   1.8944366896400118E-002
   14.240000000000000        2.1273528070495852E-002   1.8960303024823578E-002
   14.260000000000000        1.9639103641397988E-002   1.9574327884066097E-002
   14.280000000000001        2.0148957109675472E-002   1.9512821755186965E-002
   14.300000000000001        1.8403396955915034E-002   2.0050500637364538E-002
   14.320000000000000        1.9002096931116444E-002   1.9911680282487392E-002
   14.340000000000000        1.7151971687163016E-002   2.0371374308088160E-002
   14.359999999999999        1.7841664431745660E-002   2.0155867178263752E-002
   14.380000000000001        1.5893857953997576E-002   2.0536436955805072E-002
   14.400000000000000        1.6676372650356621E-002   2.0245365419183148E-002
   14.420000000000000        1.4638050366426503E-002   2.0546171394102183E-002
   14.440000000000000        1.5514874875418251E-002   2.0181145099699756E-002
   14.460000000000001        1.3393451535362927E-002   2.0402044771299380E-002
   14.480000000000000        1.4365709559819131E-002   1.9965149940080258E-002
   14.500000000000000        1.2168816564086908E-002   2.0106491996621186E-002
   14.520000000000000        1.3237246386747246E-002   1.9600277719796905E-002
   14.540000000000001        1.0972698863952609E-002   1.9662893160703018E-002
   14.560000000000000        1.2137633821149759E-002   1.9090354803578211E-002
   14.580000000000000        9.8133976261213385E-003   1.9075545136002084E-002
   14.600000000000000        1.1074748469428235E-002   1.8440104963387886E-002
   14.620000000000001        8.6989072683441391E-003   1.8349627577958952E-002
   14.640000000000001        1.0056146556290059E-002   1.7655112734061118E-002
   14.660000000000000        7.6368691611544874E-003   1.7491163581406319E-002
   14.680000000000000        9.0890178120953437E-003   1.6741781573059902E-002
   14.700000000000001        6.6345259213662919E-003   1.6506975278548431E-002
   14.720000000000001        8.1801420467200927E-003   1.5707287125624785E-002
   14.740000000000000        5.6986785426190447E-003   1.5404634694653080E-002
   14.760000000000000        7.3358486670202488E-003   1.4559525925319890E-002
   14.780000000000001        4.8356466129947685E-003   1.4192410205235871E-002
   14.800000000000001        6.5619793745560710E-003   1.3307059886427126E-002
   14.820000000000000        4.0512318485829632E-003   1.2879208963815923E-002
   14.840000000000000        5.8638542584591429E-003   1.1959056968693385E-002
   14.859999999999999        3.3506851494309164E-003   1.1474515692140889E-002
   14.880000000000001        5.2462414753396188E-003   1.0525228416437096E-002
   14.900000000000000        2.7386773607353063E-003   9.9883282449902827E-003
   14.920000000000000        4.7133306840904145E-003   9.0157629928590936E-003
   14.940000000000000        2.2192738975612145E-003   8.4310903791597006E-003
   14.960000000000001        4.2687103785047338E-003   7.4412586464761973E-003
   14.980000000000000        1.7959133659758964E-003   6.8136221709118542E-003
   15.000000000000000        3.9153492349455346E-003   5.8126520598201564E-003
   15.020000000000000        1.4713902874208169E-003   5.1470485379783004E-003
   15.040000000000001        3.6555815660557146E-003   4.1411465408540691E-003
   15.060000000000000        1.2478420065837458E-003   3.4427263310517452E-003
   15.080000000000000        3.4910969448444778E-003   2.4381387249055265E-003
   15.100000000000000        1.1267398361427023E-003   1.7121704655846560E-003
   15.120000000000001        3.4229340365985999E-003   7.1514455927205079E-004
   15.140000000000001        1.1088844647060597E-003  -3.3020432413652552E-005
   15.160000000000000        3.4514786491180644E-003  -1.0162749559899128E-003
   15.180000000000000        1.1944056272392269E-003  -1.7812383930126132E-003
   15.200000000000001        3.5764659849341989E-003  -2.7445877992167945E-003
   15.220000000000001        1.3827660104181322E-003  -3.5209400109642722E-003
   15.240000000000000        3.7969870526039957E-003  -4.4583642629536504E-003
   15.260000000000000        1.6727693388514195E-003  -5.2407194318591539E-003
   15.280000000000001        4.1114991680531107E-003  -6.1463491346721655E-003
   15.300000000000001        2.0625725621318384E-003  -6.9293799603536918E-003
   15.320000000000000        4.5178404514247842E-003  -7.7975322729955110E-003
   15.340000000000000        2.5497020373736979E-003  -8.5760038467382407E-003
   15.359999999999999        5.0132482001405505E-003  -9.4012171431690460E-003
   15.380000000000001        3.1310735774230558E-003  -1.0170019822586026E-002
   15.400000000000000        5.5943809950433129E-003  -1.0947086891317981E-002
   15.420000000000000        3.8030162114399868E-003  -1.1701267973307963E-002
   15.440000000000000        6.2573443737194857E-003  -1.2425267555386196E-002
   15.460000000000001        4.5612994821899603E-003  -1.3160061555011465E-002
   15.480000000000000        6.9977198835222115E-003  -1.3826388031421805E-002
   15.500000000000000        5.4011640832781482E-003  -1.4537245384983027E-002
   15.520000000000000        7.8105973065712014E-003  -1.5141636436917769E-002
   15.540000000000001        6.3173556198414518E-003  -1.5824250459230690E-002
   15.560000000000000        8.6906098302062893E-003  -1.6362812538068910E-002
   15.580000000000000        7.3041612579934825E-003  -1.7013144476666089E-002
   15.600000000000000        9.6319719191308804E-003  -1.7482375934897040E-002
   15.620000000000001        8.3554490117026103E-003  -1.8096677977498060E-002
   15.640000000000001        1.0628519629897056E-002  -1.8493489727039271E-002
   15.660000000000000        9.4647094008662967E-003  -1.9068325833060996E-002
   15.680000000000000        1.1673753094543576E-002  -1.9390059413396596E-002
   15.700000000000001        1.0625099201208571E-002  -1.9922323855413090E-002
   15.720000000000001        1.2760880888177315E-002  -2.0166766810598147E-002
   15.740000000000000        1.1829486995342040E-002  -2.0653700327405738E-002
   15.760000000000000        1.3882865985151189E-002  -2.0819098808141458E-002
   15.780000000000001        1.3070500224959225E-002  -2.1258302287333164E-002
   15.800000000000001        1.5032473000288826E-002  -2.1343370811905332E-002
   15.820000000000000        1.4340573436695845E-002  -2.1732816436503311E-002
   15.840000000000000        1.6202316405376414E-002  -2.1736744762280154E-002
   15.860000000000001        1.5631997408773635E-002  -2.2074784572906233E-002
   15.880000000000001        1.7384909406911411E-002  -2.1997241648198846E-002
   15.900000000000000        1.6936968842102666E-002  -2.2282613489371675E-002
   15.920000000000000        1.8572713168879103E-002  -2.2123748473656432E-002
   15.940000000000000        1.8247640298110105E-002  -2.2355579309979674E-002
   15.960000000000001        1.9758186064122038E-002  -2.2116019668654455E-002
   15.980000000000000        1.9556170066158840E-002  -2.2293826273794243E-002
   16.000000000000000        2.0933832639661774E-002  -2.1974672971676254E-002
   16.020000000000000        2.0854771646007721E-002  -2.2098360010009692E-002
   16.039999999999999        2.2092251985103211E-002  -2.1701179845571530E-002
   16.059999999999999        2.2135762535315521E-002  -2.1771035383114964E-002
   16.080000000000002        2.3226185198962281E-002  -2.1297850522888781E-002
   16.100000000000001        2.3391612018661346E-002  -2.1314539020480843E-002
   16.120000000000001        2.4328561655360049E-002  -2.0767813810032558E-002
   16.140000000000001        2.4614987662891972E-002  -2.0732366667651665E-002
   16.160000000000000        2.5392543782960797E-002  -2.0114991811935976E-002
   16.180000000000000        2.5798800233747109E-002  -2.0028795548377686E-002
   16.199999999999999        2.6411570079228182E-002  -1.9344069770032116E-002
   16.219999999999999        2.6936246760581917E-002  -1.9208851936865223E-002
   16.240000000000002        2.7379396095951289E-002  -1.8460461235994367E-002
   16.260000000000002        2.8020851489517159E-002  -1.8278274178667231E-002
   16.280000000000001        2.8290133146460856E-002  -1.7470268831818080E-002
   16.300000000000001        2.9046504480406517E-002  -1.7243471423915017E-002
   16.320000000000000        2.9138284500915219E-002  -1.6380240873168493E-002
   16.340000000000000        3.0007497619514212E-002  -1.6111478362042179E-002
   16.359999999999999        2.9918778853377185E-002  -1.5197724157367684E-002
   16.379999999999999        3.0898557837632120E-002  -1.4889906270625588E-002
   16.399999999999999        3.0627000863010501E-002  -1.3930613239794647E-002
   16.420000000000002        3.1714877342414724E-002  -1.3586890712330170E-002
   16.440000000000001        3.1258818591474280E-002  -1.2587296542698592E-002
   16.460000000000001        3.2452140693845569E-002  -1.2211036233072212E-002
   16.480000000000000        3.1810607679355105E-002  -1.1176599658361625E-002
   16.500000000000000        3.3106548572838276E-002  -1.0771358431302478E-002
   16.520000000000000        3.2279272126113978E-002  -9.7077262240931050E-003
   16.539999999999999        3.3674838114880153E-002  -9.2772237826630969E-003
   16.559999999999999        3.2662261560397275E-002  -8.1901967596095492E-003
   16.580000000000002        3.4154299703204855E-002  -7.7382876161140434E-003
   16.600000000000001        3.2957584910523280E-002  -6.6337858678820524E-003
   16.620000000000001        3.4542790139086108E-002  -6.1644306468950230E-003
   16.640000000000001        3.3163820408359850E-002  -5.0484582084652863E-003
   16.660000000000000        3.4838742130328657E-002  -4.5656944783423695E-003
   16.680000000000000        3.3280121883504467E-002  -3.4443036576220568E-003
   16.699999999999999        3.5041170062744355E-002  -2.9522164885901780E-003
   16.719999999999999        3.3306221328513901E-002  -1.8314720722058286E-003
   16.740000000000002        3.5149672043189695E-002  -1.3341645195393409E-003
   16.760000000000002        3.3242427739754762E-002  -2.2010807425820278E-004
   16.780000000000001        3.5164428226454769E-002   2.7832821581661284E-004
   16.800000000000001        3.3089622262107571E-002   1.3797137293665774E-003
   16.820000000000000        3.5086195461782287E-002   1.8752275955413007E-003
   16.840000000000000        3.2849249689106304E-002   2.9580526832911321E-003
   16.859999999999999        3.4916298317911328E-002   3.4466620147217339E-003
   16.879999999999999        3.2523306392985590E-002   4.5051647745730982E-003
   16.899999999999999        3.4656616568138982E-002   4.9829843786316184E-003
   16.920000000000002        3.2114324781396086E-002   6.0115636873967074E-003
   16.940000000000001        3.4309569238832903E-002   6.4748322779716256E-003
   16.960000000000001        3.1625354399096438E-002   7.4680798432896125E-003
   16.980000000000000        3.3878095345973816E-002   7.9131859749382947E-003
   17.000000000000000        3.1059939813604720E-002   8.8659170637059824E-003
   17.020000000000000        3.3365631464528568E-002   9.2894238450154046E-003
   17.039999999999999        3.0422095443466482E-002   1.0196706509079115E-002
   17.059999999999999        3.2776086294628935E-002   1.0595374937678328E-002
   17.080000000000002        2.9716277506351238E-002   1.1452557567799273E-002
   17.100000000000001        3.2113812406542742E-002   1.1823368339523868E-002
   17.120000000000001        2.8947353281512937E-002   1.2626105389879714E-002
   17.140000000000001        3.1383575363164884E-002   1.2966279045544041E-002
   17.160000000000000        2.8120567897139463E-002   1.3710554783188847E-002
   17.180000000000000        3.0590520434127948E-002   1.4017570068199705E-002
   17.199999999999999        2.7241508867678038E-002   1.4699720214891240E-002
   17.219999999999999        2.9740137129545902E-002   1.4971330539456063E-002
   17.240000000000002        2.6316068619273675E-002   1.5588061686987623E-002
   17.260000000000002        2.8838221793781288E-002   1.5822309587845657E-002
   17.280000000000001        2.5350405252922720E-002   1.6370716282398522E-002
   17.300000000000001        2.7890838510397198E-002   1.6565945800745902E-002
   17.320000000000000        2.4350901804760156E-002   1.7043525206714885E-002
   17.340000000000000        2.6904278578562521E-002   1.7198392111212057E-002
   17.359999999999999        2.3324124271015555E-002   1.7603056180353838E-002
   17.379999999999999        2.5885018828575648E-002   1.7716535978701806E-002
   17.400000000000002        2.2276778671547474E-002   1.8046621066215046E-002
   17.420000000000002        2.4839679049822087E-002   1.8118014763669314E-002
   17.440000000000001        2.1215667430469872E-002   1.8372288648837134E-002
   17.460000000000001        2.3774978808361193E-002   1.8401226227097597E-002
   17.480000000000000        2.0147645355198817E-002   1.8578892512305652E-002
   17.500000000000000        2.2697693933433429E-002   1.8565334117378946E-002
