   0.0000000000000000        1.0000000000000000        0.0000000000000000     
   2.0000000000000000E-002   1.0000000000000000        0.0000000000000000     
   4.0000000000000001E-002  0.99976029615346163        2.0000000000000000E-002
   5.9999999999999998E-002  0.99904102244307602        4.0000000000000001E-002
   8.0000000000000002E-002  0.99832226381221600        5.9935983109215774E-002
  0.10000000000000001       0.99712547189871314        7.9871966249913551E-002
  0.12000000000000000       0.99592977472407618        9.9680133046483738E-002
  0.14000000000000001       0.99425911759850472       0.11948832574884466     
  0.16000000000000000       0.99259019104131418       0.13910534971933139     
  0.17999999999999999       0.99045090885737153       0.15872247680226478     
  0.20000000000000001       0.98831404019581259       0.17808575786267464     
  0.22000000000000000       0.98571293956610162       0.19744929549197565     
  0.23999999999999999       0.98311497289391803       0.21649721044887552     
  0.26000000000000001       0.98006039974033055       0.23554563578159810     
  0.28000000000000003       0.97700970826365208       0.25421778460580374     
  0.29999999999999999       0.97351151434195304       0.27289082100994083     
  0.32000000000000001       0.97001796640000726       0.29112826781475637     
  0.34000000000000002       0.96608746964796388       0.30936712456531912     
  0.35999999999999999       0.96216238861240488       0.32711263220629244     
  0.38000000000000000       0.95781232749931500       0.34486023758547779     
  0.40000000000000002       0.95346844573517353       0.36205849482896407     
  0.41999999999999998       0.94871292781824490       0.37925972158992138     
  0.44000000000000000       0.94396433491680776       0.39585756183323972     
  0.46000000000000002       0.93881877983638562       0.41245944402380996     
  0.47999999999999998       0.93368086535651429       0.42840605459022690     
  0.50000000000000000       0.92816194252750683       0.44435799477471416     
  0.52000000000000002       0.92265133350686712       0.45960511585166114     
  0.54000000000000004       0.91677689478776214       0.47485908181497144     
  0.56000000000000005       0.91091138830903684       0.48936119415353962     
  0.57999999999999996       0.90470039595251017       0.50387190422262385     
  0.59999999999999998       0.89849888707179437       0.51758640477020113     
  0.62000000000000000       0.89197133728199118       0.53131150094238522     
  0.64000000000000001       0.88545374264711829       0.54419886563800601     
  0.66000000000000003       0.87863058508813585       0.55709907376418832     
  0.68000000000000005       0.87181776259356980       0.56912300678744276     
  0.70000000000000007       0.86472081621140828       0.58116228311997176     
  0.71999999999999997       0.85763448105347506       0.59228985194883921     
  0.73999999999999999       0.85028634658968005       0.60343551542883178     
  0.76000000000000001       0.84294898410123986       0.61363727112922506     
  0.78000000000000003       0.83537295369056808       0.62386012085581699     
  0.80000000000000004       0.82780772934768587       0.63311020309560284     
  0.82000000000000006       0.82002769360434002       0.64238462048979306     
  0.83999999999999997       0.81225836060905310       0.65066084684224035     
  0.85999999999999999       0.80429871361630756       0.65896488209026016     
  0.88000000000000000       0.79634951846917656       0.66624882126589879     
  0.90000000000000002       0.78823506109551789       0.67356426370105427     
  0.92000000000000004       0.78013064757925432       0.67984129242245173     
  0.94000000000000006       0.77188648955047101       0.68615372457979829     
  0.95999999999999996       0.76365180155154444       0.69141306789041301     
  0.97999999999999998       0.75530326271249959       0.69671190304507657     
   1.0000000000000000       0.74696344631122957       0.70094665792076960     
   1.0200000000000000       0.73853595751333223       0.70522516099786881     
   1.0400000000000000       0.73011626277456099       0.70843230320748474     
   1.0600000000000001       0.72163526682521928       0.71168759502908341     
   1.0800000000000001       0.71316094972125355       0.71386796926839347     
   1.1000000000000001       0.70465180282984818       0.71610101418036098     
   1.1200000000000001       0.69614802772495787       0.71725930758123557     
   1.1400000000000001       0.68763590187614021       0.71847488457996911     
   1.1599999999999999       0.67912764499753486       0.71861958377356072     
   1.1799999999999999       0.67063743167694656       0.71882624132886541     
   1.2000000000000000       0.66214938599084361       0.71796957331748268     
   1.2200000000000000       0.65370560168070557       0.71717956816317119     
   1.2400000000000000       0.64526208358389037       0.71533742533006583     
   1.2600000000000000       0.63688877743635497       0.71356664556767202     
   1.2800000000000000       0.62851363566355822       0.71075849522679446     
   1.3000000000000000       0.62023429974830380       0.70802636815985720     
   1.3200000000000001       0.61195082688383018       0.70427514711842687     
   1.3400000000000001       0.60378830939315065       0.70060453230474518     
   1.3600000000000001       0.59561915636154339       0.69593652697989705     
   1.3800000000000001       0.58759557814120944       0.69135359505665450     
   1.4000000000000001       0.57956267203639267       0.68579830775313477     
   1.4199999999999999       0.57169934679389989       0.68033240565450948     
   1.4399999999999999       0.56382381238927159       0.67392240767308786     
   1.4600000000000000       0.55614117091281945       0.66760591092158950     
   1.4800000000000000       0.54844325617625489       0.66037668322722531     
   1.5000000000000000       0.54096077487800265       0.65324483603822003     
   1.5200000000000000       0.53345978079575496       0.64523459827277418     
   1.5400000000000000       0.52619591487166584       0.63732534226618454     
   1.5600000000000001       0.51891012986381113       0.62857487094232611     
   1.5800000000000001       0.51188225133982457       0.61992866330604046     
   1.6000000000000001       0.50482889052729485       0.61048110006670009     
   1.6200000000000001       0.49805323143776442       0.60114072206253766     
   1.6400000000000001       0.49124838099725132       0.59104137293356040     
   1.6600000000000001       0.48473998191666706       0.58105172967847485     
   1.6799999999999999       0.47819854873487661       0.57034785628080620     
   1.7000000000000000       0.47197121285797905       0.55975576877314914     
   1.7200000000000000       0.46570687967099644       0.54849637249475014     
   1.7400000000000000       0.45977313260960867       0.53735036288766624     
   1.7600000000000000       0.45379831878661814       0.52558596304422145     
   1.7800000000000000       0.44816937422401243       0.51393603419544265     
   1.8000000000000000       0.44249520232744433       0.50171844123265508     
   1.8200000000000001       0.43718093364295507       0.48961585158196341     
   1.8400000000000001       0.43181720186943767       0.47699793639070565     
   1.8600000000000001       0.42682611981747903       0.46449497123303246     
   1.8800000000000001       0.42178128039589696       0.45153043166175311     
   1.9000000000000001       0.41712051689468832       0.43868017189520436     
   1.9199999999999999       0.41240166048933663       0.42542329755172037     
   1.9399999999999999       0.40807695854562909       0.41227938698571598     
   1.9600000000000000       0.40368980468404619       0.39878482342282651     
   1.9800000000000000       0.39970551445113134       0.38540123573200358     
   2.0000000000000000       0.39565440796784279       0.37172374910824779     
   2.0200000000000000       0.39201348890525867       0.35815455551282516     
   2.0400000000000000       0.38830140236450927       0.34434879881121139     
   2.0600000000000001       0.38500543143928878       0.33064793755419836     
   2.0800000000000001       0.38163397347202904       0.31676821942792516     
   2.1000000000000001       0.37868315931320712       0.30298926810396315     
   2.1200000000000001       0.37565258877627128       0.28908932539913285     
   2.1400000000000001       0.37304579166682461       0.27528527716900181     
   2.1600000000000001       0.37035503750552828       0.26141805215022074     
   2.1800000000000002       0.36808979506910305       0.24764109684926311     
   2.2000000000000002       0.36573648173853196       0.23385852012498837     
   2.2200000000000002       0.36380904015235344       0.22015983124307553     
   2.2400000000000002       0.36178951842754015       0.20651261135378285     
   2.2600000000000002       0.36019486896792291       0.19294213982916569     
   2.2800000000000002       0.35850425194903385       0.17947956042308669     
   2.3000000000000003       0.35723617265204122       0.16608583615275532     
   2.3199999999999998       0.35586837674773952       0.15285556163128930     
   2.3399999999999999       0.35491947894489101       0.13968550355655510     
   2.3599999999999999       0.35386726959530795       0.12673339402474973     
   2.3799999999999999       0.35322904906290714       0.11383212960291778     
   2.3999999999999999       0.35248409094324579       0.10120206590989997     
   2.4199999999999999       0.35214698338399852        8.8612760731397108E-002
   2.4399999999999999       0.35169989481080066        7.6346480331601282E-002
   2.4600000000000000       0.35165333536799892        6.4110178587055672E-002
   2.4800000000000000       0.35149374661261351        5.2247122895837647E-002
   2.5000000000000000       0.35172623310035783        4.0402599339674522E-002
   2.5200000000000000       0.35184284829823032        2.8979773196722961E-002
   2.5400000000000000       0.35234200781602193        1.7563397193163053E-002
   2.5600000000000001       0.35272267014614628        6.6152409843449680E-003
   2.5800000000000001       0.35347532873276044       -4.3391468414103983E-003
   2.6000000000000001       0.35410708852905887       -1.4780871918181077E-002
   2.6200000000000001       0.35509934349896805       -2.5242069965988850E-002
   2.6400000000000001       0.35596852894453224       -3.5148383072256199E-002
   2.6600000000000001       0.35718582354032358       -4.5087925599656201E-002
   2.6800000000000002       0.35827811358641104       -5.4432713515281048E-002
   2.7000000000000002       0.35970531357267410       -6.3824953694434472E-002
   2.7200000000000002       0.36100581271713256       -7.2585043883624967E-002
   2.7400000000000002       0.36262728453520388       -8.1407222829732909E-002
   2.7600000000000002       0.36412059908961841       -8.9562442104809001E-002
   2.7800000000000002       0.36592028918837888       -9.7794743693341235E-002
   2.8000000000000003       0.36759060465971838      -0.10532796233809644     
   2.8199999999999998       0.36955211961535406      -0.11295355369870476     
   2.8399999999999999       0.37138327882623529      -0.11985071498473636     
   2.8599999999999999       0.37348996586349320      -0.12685577263030506     
   2.8799999999999999       0.37546554743538518      -0.13310590773104866     
   2.8999999999999999       0.37770057496437198      -0.13947962935060393     
   2.9199999999999999       0.37980397179011433      -0.14507485772868148     
   2.9399999999999999       0.38215040957608087      -0.15080945974249910     
   2.9600000000000000       0.38436490691196851      -0.15574497515602509     
   2.9800000000000000       0.38680580550077093      -0.16083567619990585     
   3.0000000000000000       0.38911465831413389      -0.16510971854225401     
   3.0200000000000000       0.39163312734312522      -0.16955470911524551     
   3.0400000000000000       0.39401963655876837      -0.17316852237011973     
   3.0600000000000001       0.39659892159171106      -0.17696892094562622     
   3.0800000000000001       0.39904650888972815      -0.17992669760477831     
   3.1000000000000001       0.40167006642487491      -0.18308649356869891     
   3.1200000000000001       0.40416234725315714      -0.18539530592296866     
   3.1400000000000001       0.40681391756586388      -0.18792128976393044     
   3.1600000000000001       0.40933477204302382      -0.18959100853914226     
   3.1800000000000002       0.41199844953806497      -0.19149268977474915     
   3.2000000000000002       0.41453209093641741      -0.19253589064208471     
   3.2200000000000002       0.41719239170049421      -0.19382540402110277     
   3.2400000000000002       0.41972343221409802      -0.19425726256659559     
   3.2600000000000002       0.42236535847577827      -0.19494926313986646     
   3.2800000000000002       0.42487887199525853      -0.19478743892936515     
   3.3000000000000003       0.42748797321767018      -0.19489898663172930     
   3.3200000000000003       0.42996955485151267      -0.19416349705579605     
   3.3399999999999999       0.43253198520243363      -0.19371393148717642     
   3.3599999999999999       0.43496780730357210      -0.19242701611469815     
   3.3799999999999999       0.43747037926800908      -0.19143782225052552     
   3.3999999999999999       0.43984724374470102      -0.18962379846010061     
   3.4199999999999999       0.44227747766651776      -0.18811846405925667     
   3.4399999999999999       0.44458286437761291      -0.18580357475349474     
   3.4600000000000000       0.44692903373913695      -0.18380744026573079     
   3.4800000000000000       0.44915114479576485      -0.18101969450529892     
   3.5000000000000000       0.45140231706744965      -0.17855979630950736     
   3.5200000000000000       0.45353011688576561      -0.17532880373093296     
   3.5400000000000000       0.45567618980178359      -0.17243371156057558     
   3.5600000000000001       0.45769944077459035      -0.16879051146436111     
   3.5800000000000001       0.45973117391455620      -0.16549016089669216     
   3.6000000000000001       0.46164046759323035      -0.16146704691011998     
   3.6200000000000001       0.46354950917496990      -0.15779256781150688     
   3.6400000000000001       0.46533629287704104      -0.15342290904355479     
   3.6600000000000001       0.46711520169029569      -0.14940645087414578     
   3.6800000000000002       0.46877180047211697      -0.14472451048816234     
   3.7000000000000002       0.47041406290817683      -0.14039906537535637     
   3.7200000000000002       0.47193369686626102      -0.13543981750855408     
   3.7400000000000002       0.47343373902361613      -0.13083904200019797     
   3.7600000000000002       0.47481053591225852      -0.12563798795763426     
   3.7800000000000002       0.47616373078331797      -0.12079602436263634     
   3.8000000000000003       0.47739273395996196      -0.11538900900721649     
   3.8200000000000003       0.47859540372858422      -0.11034030722338237     
   3.8399999999999999       0.47967257546187891      -0.10476333647260817     
   3.8599999999999999       0.48072198896575891       -9.9542477189053569E-002
   3.8799999999999999       0.48164420916429357       -9.3831537513859170E-002
   3.8999999999999999       0.48253857460003802       -8.8473057658444945E-002
   3.9199999999999999       0.48330363504219320       -8.2663938459628966E-002
   3.9399999999999999       0.48404208801407045       -7.7202159740622903E-002
   3.9600000000000000       0.48464868218119445       -7.1330279454251660E-002
   3.9800000000000000       0.48523126921695103       -6.5799140820003016E-002
   4.0000000000000000       0.48567897785304009       -5.9899377574891013E-002
   4.0200000000000005       0.48610663553172923       -5.4332272385879128E-002
   4.0400000000000000       0.48639590807286537       -4.8438800004038642E-002
   4.0600000000000005       0.48667043793022774       -4.2868418678418549E-002
   4.0800000000000001       0.48680256996611060       -3.7014548773416145E-002
   4.0999999999999996       0.48692660936259097       -3.1472727630341209E-002
   4.1200000000000001       0.48690371631050500       -2.5690758519029411E-002
   4.1399999999999997       0.48688070546538953       -2.0208335503810501E-002
   4.1600000000000001       0.48670569265379288       -1.4529408604155901E-002
   4.1799999999999997       0.48653983806612960       -9.1360865359593601E-003
   4.2000000000000002       0.48621636744066382       -3.5900508779169431E-003
   4.2199999999999998       0.48591260193350633        1.6857311855354561E-003
   4.2400000000000002       0.48544505561253937        7.0704457576830238E-003
   4.2599999999999998       0.48500899525156732        1.2201632492803136E-002
   4.2800000000000002       0.48440243617133805        1.7398132899237674E-002
   4.2999999999999998       0.48384033432199192        2.2359163532231816E-002
   4.3200000000000003       0.48310046422297226        2.7342201343333764E-002
   4.3399999999999999       0.48241916302184695        3.2109110867660849E-002
   4.3600000000000003       0.48155227803803258        3.6855180077615825E-002
   4.3799999999999999       0.48075915756435694        4.1405690487067742E-002
   4.4000000000000004       0.47977210168580542        4.5893114813002241E-002
   4.4199999999999999       0.47887502712735591        5.0206716020686583E-002
   4.4400000000000004       0.47777514381338249        5.4415725423017022E-002
   4.4600000000000000       0.47678241092811258        5.8473745594127366E-002
   4.4800000000000004       0.47557749315410952        6.2386541772826570E-002
   4.5000000000000000       0.47449777233409701        6.6172206857531030E-002
   4.5200000000000005       0.47319601135894851        6.9773017538717036E-002
   4.5400000000000000       0.47203829060696223        7.3271499850469907E-002
   4.5600000000000005       0.47064822375047938        7.6546621737790643E-002
   4.5800000000000001       0.46942175088153543        7.9745077481561913E-002
   4.6000000000000005       0.46795220860223724        8.2682907806973099E-002
   4.6200000000000001       0.46666643298295918        8.5570503520984526E-002
   4.6399999999999997       0.46512648554588554        8.8161560189385868E-002
   4.6600000000000001       0.46379099968331272        9.0729488122629792E-002
   4.6799999999999997       0.46218990370539259        9.2966418504126819E-002
   4.7000000000000002       0.46081438499411476        9.5207901009918591E-002
   4.7199999999999998       0.45916153015095246        9.7085479491911084E-002
   4.7400000000000002       0.45775568308311393        9.8995762574686438E-002
   4.7599999999999998       0.45606053925593176       0.10051087704324924     
   4.7800000000000002       0.45463403839278116       0.10208721325146913     
   4.7999999999999998       0.45290610352770694       0.10323884072729715     
   4.8200000000000003       0.45146853752400806       0.10448046163937787     
   4.8399999999999999       0.44971728646797049       0.10526963334763069     
   4.8600000000000003       0.44827810343179070       0.10617771194999981     
   4.8799999999999999       0.44651293800003683       0.10660746815543000     
   4.9000000000000004       0.44508139246024381       0.10718507146185352     
   4.9199999999999999       0.44331159297998357       0.10726040645037714     
   4.9400000000000004       0.44189669472227810       0.10751243875935673     
   4.9600000000000000       0.44013137328525820       0.10724023639447597     
   4.9800000000000004       0.43874183830481922       0.10717337362654100     
   5.0000000000000000       0.43698989394880583       0.10656233395352586     
   5.0200000000000005       0.43563409775370043       0.10618494955241942     
   5.0400000000000000       0.43390417377898960       0.10524550696468167     
   5.0600000000000005       0.43259010726349090       0.10456758988555866     
   5.0800000000000001       0.43089055087574823       0.10331182340600804     
   5.1000000000000005       0.42962577896669574       0.10234488874964111     
   5.1200000000000001       0.42796460342174653       0.10078642501482135     
   5.1399999999999997       0.42675622668416968        9.9543417899278730E-002
   5.1600000000000001       0.42514107609390994        9.7697327465579201E-002
   5.1799999999999997       0.42399569546441596        9.6192520755752922E-002
   5.2000000000000002       0.42243381240589106        9.4075208374841623E-002
   5.2199999999999998       0.42135749720389265        9.2324094915439539E-002
   5.2400000000000002       0.41985569325589744        8.9953184450146675E-002
   5.2599999999999998       0.41885395260373215        8.7972364469214859E-002
   5.2800000000000002       0.41741858191712472        8.5366579141318150E-002
   5.2999999999999998       0.41649633968059918        8.3173643508951789E-002
   5.3200000000000003       0.41513327567000002        8.0352682186601798E-002
   5.3399999999999999       0.41429484901099256        7.7966092227174724E-002
   5.3600000000000003       0.41300946423676482        7.4950502472000885E-002
   5.3799999999999999       0.41225854584934546        7.2389467037962674E-002
   5.4000000000000004       0.41105569513983031        6.9200515640190932E-002
   5.4199999999999999       0.41039533922102117        6.6484866161233822E-002
   5.4400000000000004       0.40927934606604238        6.3144407895420487E-002
   5.4600000000000000       0.40871195805195304        6.0294472118617146E-002
   5.4800000000000004       0.40768660427971254        5.6824817452878922E-002
   5.5000000000000000       0.40721393435745379        5.3861292587269308E-002
   5.5200000000000005       0.40628245308822242        5.0285075075206381E-002
   5.5400000000000000       0.40590559347383676        4.7228901048321933E-002
   5.5600000000000005       0.40507066532540303        4.3568945125251252E-002
   5.5800000000000001       0.40479005127815554        4.0441178649282303E-002
   5.6000000000000005       0.40405380377993327        3.6720368543004415E-002
   5.6200000000000001       0.40386921830378764        3.3542058674837699E-002
   5.6399999999999997       0.40323322845889664        2.9783209126055012E-002
   5.6600000000000001       0.40314381062295607        2.6575274988346036E-002
   5.6799999999999997       0.40260911054057458        2.2801004457154758E-002
   5.7000000000000002       0.40261336733179293        1.9584115767087719E-002
   5.7199999999999998       0.40218045283572490        1.5816722779819981E-002
   5.7400000000000002       0.40227627443938296        1.2611183808394452E-002
   5.7599999999999998       0.40194511654317355        8.8725270736478463E-003
   5.7800000000000002       0.40212979492955536        5.6981646313827624E-003
   5.7999999999999998       0.40189985405370476        2.0095475255145932E-003
   5.8200000000000003       0.40217010473318177       -1.1143964594441339E-003
   5.8399999999999999       0.40204034752612577       -4.7323364685733400E-003
   5.8600000000000003       0.40239233431954041       -7.7873072466206946E-003
   5.8799999999999999       0.40236125293115432       -1.1314703703094252E-002
   5.9000000000000004       0.40279061558806173       -1.4282930375508856E-002
   5.9199999999999999       0.40285624923256735       -1.7700786968173395E-002
   5.9400000000000004       0.40335813371660700       -2.0565373075091719E-002
   5.9600000000000000       0.40351809235097519       -2.3855656340965429E-002
   5.9800000000000004       0.40408718359946783       -2.6600663944110130E-002
   6.0000000000000000       0.40433867353376401       -2.9746389124687911E-002
   6.0200000000000005       0.40496923048761135       -3.2356916005510841E-002
   6.0400000000000000       0.40530908173527042       -3.5342225681179597E-002
   6.0600000000000005       0.40599497442542604       -3.7804475318244921E-002
   6.0800000000000001       0.40641966959420256       -4.0614710490489085E-002
   6.1000000000000005       0.40715441806242064       -4.2916054524462489E-002
   6.1200000000000001       0.40766012258077211       -4.5537817861310712E-002
   6.1400000000000006       0.40843693740505793       -4.7666850801580354E-002
   6.1600000000000001       0.40901953087400145       -5.0088061808556357E-002
   6.1799999999999997       0.40983135506321150       -5.2034647782029125E-002
   6.2000000000000002       0.41048646352026480       -5.4244589708457143E-002
   6.2199999999999998       0.41132601553765208       -5.5999901098186887E-002
   6.2400000000000002       0.41204904441733675       -5.7989259436795872E-002
   6.2599999999999998       0.41290886208951966       -5.9545807305543437E-002
   6.2800000000000002       0.41369502966406296       -6.1306699791645679E-002
   6.2999999999999998       0.41456751472991904       -6.2658356032979340E-002
   6.3200000000000003       0.41541188581423932       -6.4184354097799198E-002
   6.3399999999999999       0.41628934886758284       -6.5326365304654521E-002
   6.3600000000000003       0.41718686857436293       -6.6612506985385442E-002
   6.3799999999999999       0.41806157415494882       -6.7541500072855226E-002
   6.4000000000000004       0.41900710148857134       -6.8584294429464843E-002
   6.4199999999999999       0.41987131307795866       -6.9298274094725776E-002
   6.4400000000000004       0.42085965416026871       -7.0095697230151605E-002
   6.4600000000000000       0.42170567884234900       -7.0594035377603337E-002
   6.4800000000000004       0.42273161956858435       -7.1145518203533695E-002
   6.5000000000000000       0.42355185211910340       -7.1428935507184252E-002
   6.5200000000000005       0.42461019004885031       -7.1735343441857058E-002
   6.5400000000000000       0.42539715622398655       -7.1805883259499603E-002
   6.5600000000000005       0.42648273151962884       -7.1869488086640468E-002
   6.5800000000000001       0.42722913032059151       -7.1730482981204616E-002
   6.6000000000000005       0.42833685555436751       -7.1554927140142027E-002
   6.6200000000000001       0.42903560025299475       -7.1210958302552876E-002
   6.6400000000000006       0.43016048891340014       -7.0801211918479448E-002
   6.6600000000000001       0.43080474663281082       -7.0258061823216339E-002
   6.6799999999999997       0.43194194017161719       -6.9620372823313001E-002
   6.7000000000000002       0.43252516982603995       -6.8884971482438717E-002
   6.7199999999999998       0.43366996309857103       -6.8026809177958350E-002
   6.7400000000000002       0.43418595150747202       -6.7107174391512814E-002
   6.7599999999999998       0.43533381647091268       -6.6037166937762071E-002
   6.7800000000000002       0.43577671247439786       -6.4942338967924146E-002
   6.7999999999999998       0.43692332002172729       -6.3670205143234362E-002
   6.8200000000000003       0.43728766643682948       -6.2410176266407699E-002
   6.8399999999999999       0.43842890625738895       -6.0946652037511491E-002
   6.8600000000000003       0.43870966952818524       -5.9532291452360962E-002
   6.8799999999999999       0.43984166789982182       -5.7889051816972792E-002
   6.9000000000000004       0.44003426530828060       -5.6332026407318693E-002
   6.9199999999999999       0.44115340074036830       -5.4521603025054974E-002
   6.9400000000000004       0.44125372505931326       -5.2834294494334265E-002
   6.9600000000000000       0.44235664172064998       -5.0869989634320316E-002
   6.9800000000000004       0.44236108320516271       -4.9065408542977217E-002
   7.0000000000000000       0.44344470208568648       -4.6961205890512253E-002
   7.0200000000000005       0.44335016771456343       -4.5052903139133155E-002
   7.0400000000000000       0.44441169548493170       -4.2823376014577134E-002
   7.0600000000000005       0.44421562537937642       -4.0825352323804624E-002
   7.0800000000000001       0.44525256092761933       -3.8485569874387476E-002
   7.1000000000000005       0.44495294189009738       -3.6412183817622228E-002
   7.1200000000000001       0.44596308052969780       -3.3977615747151649E-002
   7.1400000000000006       0.44555845666172195       -3.1843490893784243E-002
   7.1600000000000001       0.44653989202050298       -2.9329911296255243E-002
   7.1799999999999997       0.44602937239396334       -2.7149843021686805E-002
   7.2000000000000002       0.44698049600799167       -2.4573233882606269E-002
   7.2199999999999998       0.44636375938041051       -2.2362096396659426E-002
   7.2400000000000002       0.44728325803166369       -1.9738551320540608E-002
   7.2599999999999998       0.44656055461135741       -1.7511205458090109E-002
   7.2800000000000002       0.44744740546207490       -1.4856834172111418E-002
   7.2999999999999998       0.44661955574455942       -1.2628036478954149E-002
   7.3200000000000003       0.44747301933491790       -9.9588706512964073E-003
   7.3399999999999999       0.44654141004692227       -7.7431842845261936E-003
   7.3600000000000003       0.44736102123587212       -5.0750851815011249E-003
   7.3799999999999999       0.44632759843794978       -2.8867931270637765E-003
   7.4000000000000004       0.44711315537964574       -2.3536161593737566E-004
   7.4199999999999999       0.44598041479252154        1.9116172932606293E-003
   7.4400000000000004       0.44673196605270965        4.5311279087352826E-003
   7.4600000000000000       0.44550294068610302        6.6233197126675421E-003
   7.4800000000000004       0.44622077061402216        9.1960875594213065E-003
   7.5000000000000000       0.44489901578967644        1.1220540191535004E-002
   7.5200000000000005       0.44558362827143716        1.3732254957283727E-002
   7.5400000000000000       0.44417320414440248        1.5676611155210476E-002
   7.5600000000000005       0.44482530487336192        1.8113550068744995E-002
   7.5800000000000001       0.44333075656716420        1.9966115793141878E-002
   7.6000000000000005       0.44395123397547515        2.2315215071142442E-002
   7.6200000000000001       0.44237756945760720        2.4065023081227439E-002
   7.6400000000000006       0.44296747446083579        2.6313944488872951E-002
   7.6600000000000001       0.44132014029497768        2.7950812755480215E-002
   7.6799999999999997       0.44188066500841866        3.0088004960721754E-002
   7.7000000000000002       0.44016552012889382        3.1602589631472430E-002
   7.7199999999999998       0.44069797571993313        3.3617344066902088E-002
   7.7400000000000002       0.43892126338209408        3.5001186733157746E-002
   7.7599999999999998       0.43942705722764369        3.6883687714719643E-002
   7.7800000000000002       0.43759537529512699        3.8129256766144259E-002
   7.7999999999999998       0.43807598761676936        3.9870625654291399E-002
   7.8200000000000003       0.43619625735283557        4.0971351543876475E-002
   7.8399999999999999       0.43665321750484626        4.2563684769957019E-002
   7.8600000000000003       0.43473265104030734        4.3513989050041321E-002
   7.8799999999999999       0.43516751362716294        4.4950389868480337E-002
   7.9000000000000004       0.43321358028168067        4.5745707896397876E-002
   7.9199999999999999       0.43362790128200773        4.7020311761403380E-002
   7.9400000000000004       0.43164829291881424        4.7657109011696390E-002
   7.9600000000000000       0.43204360599198693        4.8765102515538436E-002
   7.9800000000000004       0.43004620158832663        4.9240884473953021E-002
   8.0000000000000000       0.43042399473809484        5.0178517822119587E-002
   8.0199999999999996       0.42841682435492057        5.0491833474638363E-002
   8.0400000000000009       0.42877851712155290        5.1256426511141699E-002
   8.0600000000000005       0.42676972545623348        5.1406865478881868E-002
   8.0800000000000001       0.42711664680471761        5.1996807312456747E-002
   8.0999999999999996       0.42511445650974367        5.1984990720159073E-002
   8.1200000000000010       0.42544782357662420        5.2399733038847811E-002
   8.1400000000000006       0.42346049852555379        5.2227298240693533E-002
   8.1600000000000001       0.42378139638103784        5.2467342438144944E-002
   8.1799999999999997       0.42181720506022646        5.2136921759561777E-002
   8.1999999999999993       0.42212656763529005        5.2203800031082964E-002
   8.2200000000000006       0.42019374683633065        5.1718993718844287E-002
   8.2400000000000002       0.42049233915675560        5.1615244318643942E-002
   8.2599999999999998       0.41859905814004977        5.0980587923742507E-002
   8.2799999999999994       0.41888746000066363        5.0709724806710113E-002
   8.3000000000000007       0.41704178529519120        4.9930651255024709E-002
   8.3200000000000003       0.41732037649812137        4.9497128356630130E-002
   8.3399999999999999       0.41553023749632118        4.8579924991137440E-002
   8.3599999999999994       0.41579918476687255        4.7989095427449599E-002
   8.3800000000000008       0.41407234026663442        4.6940856332512951E-002
   8.4000000000000004       0.41433158594951425        4.6198926828776798E-002
   8.4199999999999999       0.41267559178766922        4.5027500771730788E-002
   8.4399999999999995       0.41292484441478539        4.4141481652273627E-002
   8.4600000000000009       0.41134702232821796        4.2855415999993970E-002
   8.4800000000000004       0.41158574913723345        4.1833067094334757E-002
   8.5000000000000000       0.41009315697888926        4.0441548082626594E-002
   8.5199999999999996       0.41032057844920028        3.9291320922428340E-002
   8.5400000000000009       0.40891998187688278        3.7804110673787882E-002
   8.5600000000000005       0.40913506833677699        3.6535087372632689E-002
   8.5800000000000001       0.40783291408278316        3.4962458073157024E-002
   8.5999999999999996       0.40803438442830320        3.3584287295959039E-002
   8.6200000000000010       0.40683677524770567        3.1936952954832058E-002
   8.6400000000000006       0.40702309780027213        3.0459783395975784E-002
   8.6600000000000001       0.40593576918507884        2.8748829620996442E-002
   8.6799999999999997       0.40610516470129476        2.7183241419951376E-002
   8.7000000000000011       0.40513346343687762        2.5420053649960118E-002
   8.7200000000000006       0.40528391027022526        2.3776988180149266E-002
   8.7400000000000002       0.40443277489937124        2.1973178819932836E-002
   8.7599999999999998       0.40456201629980038        2.0263867291009083E-002
   8.7799999999999994       0.40383595954857265        1.8431202196321116E-002
   8.8000000000000007       0.40394151307235093        1.6667093511734794E-002
   8.8200000000000003       0.40334460628072022        1.4817418271473639E-002
   8.8399999999999999       0.40342377526944623        1.3010106582315210E-002
   8.8599999999999994       0.40295963485843217        1.1155273041680309E-002
   8.8800000000000008       0.40300952193288286        9.3164254342872847E-003
   8.9000000000000004       0.40268129792879576        7.4682188969350735E-003
   8.9199999999999999       0.40269882043036520        5.6095036457104964E-003
   8.9399999999999995       0.40250918705572680        3.7795711846084191E-003
   8.9600000000000009       0.40249109435568975        1.9125869929719325E-003
   8.9800000000000004       0.40244224268559747        1.1236728887685076E-004
   9.0000000000000000       0.40238513527037012       -1.7514260696650454E-003
   9.0199999999999996       0.40247876794251553       -3.5107709563144025E-003
   9.0400000000000009       0.40237911817155453       -5.3601201982454195E-003
   9.0600000000000005       0.40261644612786923       -7.0677707316352378E-003
   9.0800000000000001       0.40247062054991839       -8.8916944413899371E-003
   9.0999999999999996       0.40285236177795547       -1.0537236818009440E-002
   9.1200000000000010       0.40265664488107422       -1.2325088278126251E-002
   9.1400000000000006       0.40318302511379062       -1.3898574584582442E-002
   9.1600000000000001       0.40293364437504253       -1.5640101711908359E-002
   9.1799999999999997       0.40360439969867856       -1.7132106701137899E-002
   9.2000000000000011       0.40329755179057269       -1.8817508764337503E-002
   9.2200000000000006       0.40411193310187082       -2.0219182941731521E-002
   9.2400000000000002       0.40374381110468305       -2.1839163758444510E-002
   9.2599999999999998       0.40470059035079181       -2.3142282494266357E-002
   9.2799999999999994       0.40426741181279330       -2.4688099830894455E-002
   9.3000000000000007       0.40536488993990022       -2.5885108241684534E-002
   9.3200000000000003       0.40486292562132442       -2.7348619164809837E-002
   9.3399999999999999       0.40609894215138581       -2.8432672534069125E-002
   9.3599999999999994       0.40552454528270643       -2.9806374489744020E-002
   9.3800000000000008       0.40689648943162149       -3.0771374026896395E-002
   9.4000000000000004       0.40624612531242305       -3.2048441452327346E-002
   9.4199999999999999       0.40775094855765626       -3.2889065218602263E-002
   9.4399999999999995       0.40702122431907772       -3.4063381519898003E-002
   9.4600000000000009       0.40865545432008771       -3.4775110380167548E-002
   9.4800000000000004       0.40784314867152410       -3.5841295139655380E-002
   9.5000000000000000       0.40960290444242325       -3.6420433630217922E-002
   9.5199999999999996       0.40870499722189452       -3.7373864937165796E-002
   9.5400000000000009       0.41058600545254920       -3.7817556970805043E-002
   9.5600000000000005       0.40959970679989360       -3.8654388800036625E-002
   9.5800000000000001       0.41159731921918630       -3.8960628161211444E-002
   9.5999999999999996       0.41052009819200702       -3.9677802754880663E-002
   9.6200000000000010       0.41262930986521867       -3.9845438369429546E-002
   9.6400000000000006       0.41145892231930137       -4.0440693607945069E-002
   9.6600000000000001       0.41367439077052920       -4.0469429603032375E-002
   9.6799999999999997       0.41240890632924443       -4.0941301381608008E-002
   9.7000000000000011       0.41472497137943720       -4.0831691982612571E-002
   9.7200000000000006       0.41336279932042541       -4.1179511639986469E-002
   9.7400000000000002       0.41577350353198322       -4.0932950981455940E-002
   9.7599999999999998       0.41431341742416844       -4.1156837856793457E-002
   9.7799999999999994       0.41681252704409577       -4.0775544814282735E-002
   9.8000000000000007       0.41525368797376266       -4.0876394036983746E-002
   9.8200000000000003       0.41783471426906016       -4.0363392215392931E-002
   9.8399999999999999       0.41617669250031836       -4.0342857860299348E-002
   9.8599999999999994       0.41883291338162498       -3.9701950902060822E-002
   9.8800000000000008       0.41707570830404167       -3.9562424669246081E-002
   9.9000000000000004       0.41980019013646119       -3.8798167072225678E-002
   9.9199999999999999       0.41794424836092159       -3.8542752675994899E-002
   9.9399999999999995       0.42072986786445343       -3.7660416336120307E-002
   9.9600000000000009       0.41877609933736398       -3.7292899811917052E-002
   9.9800000000000004       0.42161556548336965       -3.6298436529189321E-002
   10.000000000000000       0.41956535749909724       -3.5823252689660329E-002
   10.020000000000000       0.42245123331373075       -3.4723252898213479E-002
   10.040000000000001       0.42030646231562002       -3.4145448190606102E-002
   10.060000000000000       0.42323118650608743       -3.2947096193737729E-002
   10.080000000000000       0.42099422757745836       -3.2272288229985499E-002
   10.100000000000000       0.42395013590230679       -3.0983314239482841E-002
   10.120000000000001       0.42162386986044503       -3.0217648287674568E-002
   10.140000000000001       0.42460321617076247       -2.8846277583211691E-002
   10.160000000000000       0.42219103418901227       -2.7996380324552223E-002
   10.180000000000000       0.42518601107340170       -2.6551279863354350E-002
   10.200000000000001       0.42269181676898920       -2.5624210732136880E-002
   10.220000000000001       0.42569457574141045       -2.4114433551429046E-002
   10.240000000000000       0.42312278467949738       -2.3117633986888368E-002
   10.260000000000000       0.42612545585549716       -2.1552561751813182E-002
   10.279999999999999       0.42348099243312037       -2.0493802699968602E-002
   10.300000000000001       0.42647570364654402       -1.8883086757630337E-002
   10.320000000000000       0.42376399533346792       -1.7770414768320843E-002
   10.340000000000000       0.42674289065241233       -1.6123916074362657E-002
   10.359999999999999       0.42396985957943573       -1.4965598343603656E-002
   10.380000000000001       0.42692511718691073       -1.3293326631237067E-002
   10.400000000000000       0.42409716908575701       -1.2097795341778829E-002
   10.420000000000000       0.42702101849722096       -1.0409847904458732E-002
   10.440000000000000       0.42414502900973089       -9.1856442180057209E-003
   10.460000000000001       0.42702976760630368       -7.4921446759926083E-003
   10.480000000000000       0.42411306599417220       -6.2478627289674626E-003
   10.500000000000000       0.42695107485685807       -4.5589001468664177E-003
   10.520000000000000       0.42400142515654021       -3.3031313979020671E-003
   10.540000000000001       0.42678518419316491       -1.6287001149537200E-003
   10.560000000000000       0.42381076387375416       -3.6997838651408200E-004
   10.580000000000000       0.42653286623649006        1.2800810860134387E-003
   10.600000000000000       0.42354224243127686        2.5333335372956282E-003
   10.620000000000001       0.42619540822855217        4.1493922067402196E-003
   10.640000000000001       0.42319751162353769        5.3889172661950886E-003
   10.660000000000000       0.42577460093576075        6.9616136037369937E-003
   10.680000000000000       0.42277869741056390        8.1793682081074248E-003
   10.700000000000001       0.42527272262440130        9.6996620285269754E-003
   10.720000000000001       0.42228838275270036        1.0887867109047211E-002
   10.740000000000000       0.42469252023359189        1.2347091080059078E-002
   10.760000000000000       0.42172958676142225        1.3498278254637191E-002
   10.779999999999999       0.42403718788856409        1.4888186747682794E-002
   10.800000000000001       0.42110574131939887        1.5995242494423269E-002
   10.820000000000000       0.42331034291154845        1.7308057507205578E-002
   10.840000000000000       0.42042066533706540        1.8364264569750960E-002
   10.859999999999999       0.42251599950118912        1.9592718470651953E-002
   10.880000000000001       0.41967853682592615        2.0591794265423725E-002
   10.900000000000000       0.42165854026390487        2.1729169131124250E-002
   10.920000000000000       0.41888386298058433        2.2665300947372902E-002
   10.940000000000000       0.42074268579188578        2.3705464287360593E-002
   10.960000000000001       0.41804144847200103        2.4573341092856464E-002
   10.980000000000000       0.41977346249241393        2.5510777777916851E-002
   11.000000000000000       0.41715636216368496        2.6305618465984774E-002
   11.020000000000000       0.41875616888186723        2.7135458702075638E-002
   11.040000000000001       0.41623390247035263        2.7853036639350699E-002
   11.060000000000000       0.41769634056507393        2.8571079853307930E-002
   11.080000000000000       0.41527956158504375        2.9207743611916012E-002
   11.100000000000000       0.41659971412659008        2.9810478141074865E-002
   11.120000000000001       0.41429898880569738        3.0363168323766530E-002
   11.140000000000001       0.41547219016495696        3.0847786827647383E-002
   11.160000000000000       0.41329795319577350        3.1314048919581082E-002
   11.180000000000000       0.41431979570403837        3.1678459458124177E-002
   11.200000000000001       0.41228230581562864        3.2056452664348339E-002
   11.220000000000001       0.41314864621713426        3.2299285413627261E-002
   11.240000000000000       0.41125794176202252        3.2587787466693531E-002
   11.260000000000000       0.41196490749971859        3.2708397069433390E-002
   11.279999999999999       0.41023076225235167        3.2906805016829119E-002
   11.300000000000001       0.41077475762536581        3.2905268591244118E-002
   11.320000000000000       0.40920663698798837        3.3013595597307391E-002
   11.340000000000000       0.40958434921673043        3.2890706453598526E-002
   11.359999999999999       0.40819136702747849        3.2909574675122032E-002
   11.380000000000001       0.40839977225935603        3.2666831814286458E-002
   11.400000000000000       0.40719064839534364        3.2597461432980028E-002
   11.420000000000000       0.40722701768064729        3.2237054927231806E-002
   11.440000000000000       0.40621003664589089        3.2081249445454457E-002
   11.460000000000001       0.40607194190958884        3.1606041823398559E-002
   11.480000000000000       0.40525491259379848        3.1366169751952520E-002
   11.500000000000000       0.40494023262478457        3.0779673534554092E-002
   11.520000000000000       0.40433044941437762        3.0458646622724059E-002
   11.540000000000001       0.40383737588918289        2.9764998177942550E-002
   11.560000000000000       0.40344158130637187        2.9366246356240196E-002
   11.580000000000000       0.40276862485951148        2.8570176260831082E-002
   11.600000000000000       0.40259297389901461        2.8097619485951401E-002
   11.620000000000001       0.40173897024704219        2.7204419602262716E-002
   11.640000000000001       0.40178899657289996        2.6662436811468050E-002
   11.660000000000000       0.40075311269392050        2.5677924304969586E-002
   11.680000000000000       0.40103369685111356        2.5071319703391035E-002
   11.700000000000001       0.39981543721600926        2.4001798243075183E-002
   11.720000000000001       0.40033077700310493        2.3335765162171177E-002
   11.740000000000000       0.39892998984910139        2.2187983560770189E-002
   11.760000000000000       0.39968357298905444        2.1468066139330118E-002
   11.779999999999999       0.39810045662054316        2.0249174703429719E-002
   11.800000000000001       0.39909503585708983        1.9481227653988967E-002
   11.820000000000000       0.39733014495287794        1.8198732525518006E-002
   11.840000000000000       0.39856771568974131        1.7388879258802805E-002
   11.859999999999999       0.39662196759016638        1.6050595038989344E-002
   11.880000000000001       0.39810374817958916        1.5205184426989883E-002
   11.900000000000000       0.39597842912126718        1.3819185381653302E-002
   11.920000000000000       0.39770484389726141        1.2944747446096947E-002
   11.940000000000000       0.39540161515767835        1.1519317597062175E-002
   11.960000000000001       0.39737228029788330        1.0622518414402614E-002
   11.980000000000000       0.39489318420664249        9.1661008258566382E-003
   12.000000000000000       0.39710689649487435        8.2536969423973646E-003
   12.020000000000000       0.39445436226322284        6.7748425131515105E-003
   12.040000000000001       0.39690909081273634        5.8536351645830419E-003
   12.060000000000000       0.39408594012806047        4.3609512374600040E-003
   12.080000000000000       0.39677882111328561        3.4377406659203513E-003
   12.100000000000000       0.39378827344063344        1.9398397638668297E-003
   12.120000000000001       0.39671560787275639        1.0213799226558538E-003
   12.140000000000001       0.39356128540115837       -4.7317108228489210E-004
   12.160000000000000       0.39671853997044648       -1.3802171509618884E-003
   12.180000000000000       0.39340447213790664       -2.8629471349622942E-003
   12.200000000000001       0.39678628313318637       -3.7520509703349442E-003
   12.220000000000001       0.39331691066074548       -5.2146336275699888E-003
   12.240000000000000       0.39691709096399297       -6.0794437980090177E-003
   12.260000000000000       0.39329726932625758       -7.5137453978620129E-003
   12.280000000000001       0.39710881846790597       -8.3481284650186137E-003
   12.300000000000001       0.39334382072493096       -9.7462540220480329E-003
   12.320000000000000       0.39735893797329447       -1.0544333771824302E-002
   12.340000000000000       0.39345445688672914       -1.1898671365799173E-002
   12.359999999999999       0.39766455733294420       -1.2654866069341499E-002
   12.380000000000001       0.39362670668793526       -1.3958129066101613E-002
   12.400000000000000       0.39802244027607575       -1.4667186548177235E-002
   12.420000000000000       0.39385775532958511       -1.5912453486913905E-002
   12.440000000000000       0.39842902877017261       -1.6569483794476477E-002
   12.460000000000001       0.39414446574613876       -1.7750235723159532E-002
   12.480000000000000       0.39888046724018533       -1.8350741203528202E-002
   12.500000000000000       0.39448340179234737       -1.9460896261518104E-002
   12.520000000000000       0.39937262848238569       -2.0000798877275891E-002
   12.540000000000001       0.39487085304661551       -2.1034743942542549E-002
   12.560000000000000       0.39990114110092984       -2.1510409668887353E-002
   12.580000000000000       0.39530286106058571       -2.2463028906590101E-002
   12.600000000000000       0.40046141828709581       -2.2871289076324224E-002
   12.620000000000001       0.39577524687722782       -2.3737989245666280E-002
   12.640000000000001       0.40104868775423708       -2.4076158727162324E-002
   12.660000000000000       0.39628363963343860       -2.4852891124289164E-002
   12.680000000000000       0.40165802263576500       -2.5118783238492589E-002
   12.700000000000001       0.39682350605807376       -2.5802062174625467E-002
   12.720000000000001       0.40228437314897292       -2.5994000278315194E-002
   12.740000000000000       0.39739018067246945       -2.6580918014163780E-002
   12.760000000000000       0.40292259882425618       -2.6697743698158430E-002
   12.780000000000001       0.39797889649787571       -2.7185981777804270E-002
   12.800000000000001       0.40356750109727879       -2.7227059650438316E-002
   12.820000000000000       0.39858481607282692       -2.7614896600186265E-002
   12.840000000000000       0.40421385606088955       -2.7580115648052649E-002
   12.859999999999999       0.39920306258331234       -2.7866431028073565E-002
   12.880000000000001       0.40485644717409486       -2.7756202567603156E-002
   12.900000000000000       0.39982875090967518       -2.7940477386401642E-002
   12.920000000000000       0.40549009772713779       -2.7755729641192196E-002
   12.940000000000000       0.40045701839644171       -2.7838043164893418E-002
   12.960000000000001       0.40610970286469317       -2.7580212524681336E-002
   12.980000000000000       0.40108305515474257       -2.7561235534708746E-002
   13.000000000000000       0.40671026097333840       -2.7232254572368345E-002
   13.020000000000000       0.40170213371160018       -2.7113239146150804E-002
   13.040000000000001       0.40728690424476605       -2.6715521488984421E-002
   13.060000000000000       0.40230963782608636       -2.6498287398762015E-002
   13.080000000000000       0.40783492823262169       -2.6034709569491398E-002
   13.100000000000000       0.40290109029915255       -2.5721627413964436E-002
   13.120000000000001       0.40834982022833505       -2.5195507775135666E-002
   13.140000000000001       0.40347217961175375       -2.4789478977506798E-002
   13.160000000000000       0.40882728628980608       -2.4204553930370187E-002
   13.180000000000000       0.40401878523466833       -2.3708987754157401E-002
   13.200000000000001       0.40926327676625174       -2.3069385359379219E-002
   13.220000000000001       0.40453700146309651       -2.2488173110126759E-002
   13.240000000000000       0.40965401017284891       -2.1798384312837763E-002
   13.260000000000000       0.40502315963963259       -2.1135870909429328E-002
   13.280000000000001       0.40999599527995312       -2.0400718565029837E-002
   13.300000000000001       0.40547384864047936       -1.9661671678628378E-002
   13.320000000000000       0.41028605129355583       -1.8886277588373350E-002
   13.340000000000000       0.40588593351173075       -1.8075854559997412E-002
   13.359999999999999       0.41052132601618985       -1.7265604736608528E-002
   13.380000000000001       0.40625657215510930       -1.6389317495938385E-002
   13.400000000000000       0.41069931189061859       -1.5549825889273393E-002
   13.420000000000000       0.40658322997563107       -1.4613504107402333E-002
   13.440000000000000       0.41081785984226582       -1.3750575028503957E-002
   13.460000000000001       0.40686369241719000       -1.2760327745961565E-002
   13.480000000000000       0.41087519085037477       -1.1879917234567855E-002
   13.500000000000000       0.40709607532592756       -1.0842093213003445E-002
   13.520000000000000       0.41086990519223693       -9.9502695987967009E-003
   13.540000000000001       0.40727883309538637       -8.8714166501921328E-003
   13.560000000000000       0.41080098931941528       -7.9743205616727136E-003
   13.580000000000000       0.40741076456175479       -6.8611441128348400E-003
   13.600000000000000       0.41066782033961163       -5.9649481897170176E-003
   13.620000000000001       0.40749101663190213       -4.8242693420707822E-003
   13.640000000000001       0.41047016809260506       -3.9351379075081528E-003
   13.660000000000000       0.40751908564129014       -2.7738512528717495E-003
   13.680000000000000       0.41020819482342857       -1.8979002006369798E-003
   13.700000000000001       0.40749481645314151       -7.2293165272004859E-004
   13.720000000000001       0.40988245247056238        1.3381119829496352E-004
   13.740000000000000       0.40741839932436058        1.3155462994511981E-003
   13.760000000000000       0.40949387760132255        2.1471801353567213E-003
   13.780000000000001       0.40729036457754986        3.3288183928535525E-003
   13.800000000000001       0.40904378404072395        4.1296073772685666E-003
   13.820000000000000       0.40711157513196816        5.3043779331846397E-003
   13.840000000000000       0.40853385325381342        6.0687879871824521E-003
   13.859999999999999       0.40688321695934737        7.2300521042747215E-003
   13.880000000000001       0.40796612255472797        7.9527862675271774E-003
   13.900000000000000       0.40660678754305374        9.0940756647756808E-003
   13.920000000000000       0.40734297122844887        9.7701078217145559E-003
   13.940000000000000       0.40628408243106512        1.0885161541511108E-002
   13.960000000000001       0.40666710466333045        1.1509768307668136E-002
   13.980000000000000       0.40591717998457588        1.2592567903550570E-002
   14.000000000000000       0.40594153660390814        1.3161358479787090E-002
   14.020000000000000       0.40550842443466489        1.4206161325923039E-002
   14.040000000000001       0.40516956964417133        1.4715105141932364E-002
   14.060000000000000       0.40506040736931037        1.5716475678974887E-002
   14.080000000000000       0.40435477409136256        1.6161927662144648E-002
   14.100000000000000       0.40457594778205386        1.7114766408525099E-002
   14.120000000000001       0.40350096533938268        1.7493489729886704E-002
   14.140000000000001       0.40405807082175238        1.8393059902981321E-002
   14.160000000000000       0.40261217989898906        1.8702246068447566E-002
   14.180000000000000       0.40350998539006727        1.9544197676251825E-002
   14.200000000000001       0.40169265023913142        1.9781483848545337E-002
   14.220000000000001       0.40293506073958402        2.0561875129407756E-002
   14.240000000000000       0.40074677859993640        2.0725358583902263E-002
   14.260000000000000       0.40233680223070373        2.1440674689397688E-002
   14.280000000000001       0.39977910994299942        2.1528924325417313E-002
   14.300000000000001       0.40171882640966899        2.2176093159465747E-002
   14.320000000000000       0.39879430420874246        2.2188158007298897E-002
   14.340000000000000       0.40108483557326358        2.2764563153044686E-002
   14.359999999999999       0.39779710805363339        2.2699977835910528E-002
   14.380000000000001       0.40043859198784282        2.3203468520551718E-002
   14.400000000000000       0.39679232624202321        2.3062255649889798E-002
   14.420000000000000       0.39978389193140379        2.3491153716471050E-002
   14.440000000000000       0.39578479286823604        2.3273823218089195E-002
   14.460000000000001       0.39912453972738859        2.3626927092126406E-002
   14.480000000000000       0.39477934258434616        2.3334472479819533E-002
   14.500000000000000       0.39846432193783865        2.3611058137393330E-002
   14.520000000000000       0.39378078200780342        2.3244949769518741E-002
   14.540000000000001       0.39780698188139385        2.3444768732041578E-002
   14.560000000000000       0.39279386148073780        2.3006944105088828E-002
   14.580000000000000       0.39715619463847762        2.3130218504203270E-002
   14.600000000000000       0.39182324734940743        2.2623069655515731E-002
   14.620000000000001       0.39651554270185263        2.2670484429408725E-002
   14.640000000000001       0.39087349492787815        2.2096842538789758E-002
   14.660000000000000       0.39588849242560387        2.2069534838502158E-002
   14.680000000000000       0.38994902230467232        2.1432652135365687E-002
   14.700000000000001       0.39527837141954264        2.1332198036334776E-002
   14.720000000000001       0.38905408514483725        2.0635727135236905E-002
   14.740000000000000       0.39468834702907163        2.0464125765233824E-002
   14.760000000000000       0.38819275263270447        1.9712096567953322E-002
   14.780000000000001       0.39412140603275453        1.9471751777674060E-002
   14.800000000000001       0.38736888469259345        1.8668546094405152E-002
   14.820000000000000       0.39358033568124817        1.8362245811155614E-002
   14.840000000000000       0.38658611061590736        1.7512569866753060E-002
   14.859999999999999       0.39306770619193998        1.7143463284855314E-002
   14.880000000000001       0.38584780921353840        1.6252318288352659E-002
   14.900000000000000       0.39258585480364844        1.5823891062016048E-002
   14.920000000000000       0.38515709060230774        1.4896542028753863E-002
   14.940000000000000       0.39213687148515985        1.4412589644135023E-002
   14.960000000000001       0.38451677972337783        1.3454532669725209E-002
   14.980000000000000       0.39172258638025764        1.2919132182685375E-002
   15.000000000000000       0.38392940167926481        1.1936060376646617E-002
