   0.0000000000000000        1.0000000000000000        0.0000000000000000     
   2.0000000000000000E-002   1.0000000000000000        0.0000000000000000     
   4.0000000000000001E-002  0.99946045693437369        2.0000000000000000E-002
   5.9999999999999998E-002  0.99784169602304329        4.0000000000000001E-002
   8.0000000000000002E-002  0.99622448733048474        5.9934411719210212E-002
  0.10000000000000001       0.99353172094501052        7.9868822803905545E-002
  0.12000000000000000       0.99084210073042911        9.9672285968529895E-002
  0.14000000000000001       0.98708422869099588       0.11947577208430971     
  0.16000000000000000       0.98333113231652791       0.13908341994348533     
  0.17999999999999999       0.97852070709800032       0.15869116334806485     
  0.20000000000000001       0.97371671516825442       0.17803888615460745     
  0.22000000000000000       0.96786989177729577       0.19738685059046385     
  0.23999999999999999       0.96203117890035172       0.21641155584263821     
  0.26000000000000001       0.95516764964386502       0.23543674623043506     
  0.28000000000000003       0.94831391820163224       0.25407661448596230     
  0.29999999999999999       0.94045683263879554       0.27271733195092696     
  0.32000000000000001       0.93261123187111561       0.29091206704555156     
  0.34000000000000002       0.92378710231178418       0.30910815811268488     
  0.35999999999999999       0.91497613308779568       0.32679923064272237     
  0.38000000000000000       0.90521472606861253       0.34449232946561847     
  0.40000000000000002       0.89546813178597739       0.36162321242680917     
  0.41999999999999998       0.88480234602176733       0.37875697494955085     
  0.44000000000000000       0.87415299013901571       0.39527337046303712     
  0.46000000000000002       0.86261872151056795       0.41179369945487276     
  0.47999999999999998       0.85110245227969239       0.42764375555493933     
  0.50000000000000000       0.83873844647951379       0.44349901550296750     
  0.52000000000000002       0.82639394950471490       0.45863353201004942     
  0.54000000000000004       0.81324164301944390       0.47377475290563575     
  0.56000000000000005       0.80011028232330073       0.48814737546168585     
  0.57999999999999996       0.78621363248493326       0.50252844457148160     
  0.59999999999999998       0.77233928081498804       0.51609584597276204     
  0.62000000000000000       0.75774458570262893       0.52967368674463577     
  0.64000000000000001       0.74317344485920556       0.54239573476899816     
  0.66000000000000003       0.72792915387850909       0.55513047208656296     
  0.68000000000000005       0.71270956588833834       0.56697038307794034     
  0.70000000000000007       0.69686608189696331       0.57882549414428164     
  0.71999999999999997       0.68104833189670100       0.58974997168605192     
  0.73999999999999999       0.66465780578082434       0.60069242188734995     
  0.76000000000000001       0.64829391750969412       0.61067177996806787     
  0.78000000000000003       0.63141003614879243       0.62067214314067798     
  0.80000000000000004       0.61455356098025182       0.62968041329002444     
  0.82000000000000006       0.59723132956487823       0.63871297588983755     
  0.83999999999999997       0.57993713003333003       0.64672799783912360     
  0.85999999999999999       0.56223264972342113       0.65477084658929707     
  0.88000000000000000       0.54455667852350509       0.66177434208910879     
  0.90000000000000002       0.52652692045281002       0.66880943476115184     
  0.92000000000000004       0.50852599590568748       0.67478706426836010     
  0.94000000000000006       0.49022857255119628       0.68080028333170950     
  0.95999999999999996       0.47196015154446147       0.68574168535873303     
  0.97999999999999998       0.45345308648821769       0.69072287431498691     
   1.0000000000000000       0.43497503590363384       0.69462168731552876     
   1.0200000000000000       0.41631653301806026       0.69856466961507024     
   1.0400000000000000       0.39768690066423956       0.70141853636219353     
   1.0600000000000001       0.37893511375110844       0.70432111688266408     
   1.0800000000000001       0.36021189981655266       0.70613167137668764     
   1.1000000000000001       0.34142470372403150       0.70799562052431964     
   1.1200000000000001       0.32266563375966173       0.70876845754925177     
   1.1400000000000001       0.30390039799150781       0.70959947812509128     
   1.1599999999999999       0.28516269842097880       0.70934410565283845     
   1.1799999999999999       0.26647606423699999       0.70915178270603418     
   1.2000000000000000       0.24781624137777128       0.70788155742708403     
   1.2200000000000000       0.22926390336518671       0.70667929139635000     
   1.2400000000000000       0.21073752692357464       0.70441133773368902     
   1.2600000000000000       0.19237401999497522       0.70221626125541992     
   1.2800000000000000       0.17403551197431180       0.69897137429477119     
   1.3000000000000000       0.15591400471963460       0.69580425313175731     
   1.3200000000000001       0.13781643465230040       0.69160678597546787     
   1.3400000000000001       0.11998852993969747       0.68749190459338416     
   1.3600000000000001       0.10218341732128088       0.68236964071711415     
   1.3800000000000001        8.4698961005109014E-002  0.67733467310659778     
   1.4000000000000001        6.7236085772392928E-002  0.67131868436702558     
   1.4199999999999999        5.0142984325915539E-002  0.66539455077687570     
   1.4399999999999999        3.3070206179944946E-002  0.65851904178459431     
   1.4600000000000000        1.6414254025884527E-002  0.65173975209608415     
   1.4800000000000000       -2.2265864281776487E-004  0.64404189173039117     
   1.5000000000000000       -1.6397941378827600E-002  0.63644437626355621     
   1.5200000000000000       -3.2555472253571319E-002  0.62796411716460332     
   1.5400000000000000       -4.8208990893106020E-002  0.61958804576432847     
   1.5600000000000001       -6.3846025524638805E-002  0.61036793269278034     
   1.5800000000000001       -7.8939250271371136E-002  0.60125552299525664     
   1.6000000000000001       -9.4017214297766202E-002  0.59134049099990871     
   1.6200000000000001      -0.10851430739599469       0.58153630682826318     
   1.6400000000000001      -0.12299729264189906       0.57097347020769273     
   1.6600000000000001      -0.13686522275794225       0.56052421108904860     
   1.6799999999999999      -0.15072010072595096       0.54936264417406078     
   1.7000000000000000      -0.16392874411436639       0.53831692700870148     
   1.7200000000000000      -0.17712526644327409       0.52660743782783548     
   1.7400000000000000      -0.18964749452465540       0.51501557177430579     
   1.7600000000000000      -0.20215838005330061       0.50281046969477616     
   1.7800000000000000      -0.21397013309692417       0.49072422536246052     
   1.8000000000000000      -0.22577114123794670       0.47807708382343972     
   1.8200000000000001      -0.23685148791042548       0.46554945788625024     
   1.8400000000000001      -0.24792147810514753       0.45251487336020313     
   1.8600000000000001      -0.25825266071513686       0.43959984972136801     
   1.8800000000000001      -0.26857363780858701       0.42623319805212073     
   1.9000000000000001      -0.27814110314709478       0.41298550670059098     
   1.9199999999999999      -0.28769824859054327       0.39934269797388083     
   1.9399999999999999      -0.29649066433614230       0.38581757267753297     
   1.9600000000000000      -0.30527235319302365       0.37195480578091139     
   1.9800000000000000      -0.31328160992085519       0.35820774176049930     
   2.0000000000000000      -0.32127941372023439       0.34418125978466158     
   2.0200000000000000      -0.32850061262274677       0.33026777250539929     
   2.0400000000000000      -0.33570928817215839       0.31613362012833524     
   2.0600000000000001      -0.34214071466765700       0.30210900633314464     
   2.0800000000000001      -0.34855817900383312       0.28792279031204149     
   2.1000000000000001      -0.35420126247575923       0.27384189240198464     
   2.1200000000000001      -0.35982855419709919       0.25965854627568824     
   2.1400000000000001      -0.36468781417214147       0.24557552111906991     
   2.1600000000000001      -0.36952904146040927       0.23144907519629213     
   2.1800000000000002      -0.37361202059674314       0.21741716841854380     
   2.2000000000000002      -0.37767429629707217       0.20340052609408651     
   2.2200000000000002      -0.38099148061488686       0.18947185286604110     
   2.2400000000000002      -0.38428484480240832       0.17561657426931809     
   2.2600000000000002      -0.38684957164712108       0.16184190757209202     
   2.2800000000000002      -0.38938690216511612       0.14819800150942547     
   2.3000000000000003      -0.39121525644899824       0.13462656881010715     
   2.3199999999999998      -0.39301216795713190       0.12124229391493115     
   2.3399999999999999      -0.39412286727722834       0.10792158313891498     
   2.3599999999999999      -0.39519759939890614        9.4843259092434212E-002
   2.3799999999999999      -0.39561186867788145        8.1818834725841894E-002
   2.3999999999999999      -0.39598516388285149        6.9090664355182824E-002
   2.4199999999999999      -0.39572660022453204        5.6405994454693562E-002
   2.4399999999999999      -0.39542157212633861        4.4069897456479004E-002
   2.4600000000000000      -0.39451600061905900        3.1766192284377721E-002
   2.4800000000000000      -0.39355799340665981        1.9861651259290517E-002
   2.5000000000000000      -0.39203331464489927        7.9777141989744726E-003
   2.5200000000000000      -0.39044975440353835       -3.4583663823977741E-003
   2.5400000000000000      -0.38833578453161405       -1.4886275040493693E-002
   2.5600000000000001      -0.38615602323976600       -2.5819696388071380E-002
   2.5800000000000001      -0.38348432735041998       -3.6757982267814224E-002
   2.6000000000000001      -0.38073948036718386       -4.7157364856262964E-002
   2.6200000000000001      -0.37754320011266557       -5.7575208471765470E-002
   2.6400000000000001      -0.37426597799330236       -6.7412091247991149E-002
   2.6600000000000001      -0.37057965428693856       -7.7281542752814070E-002
   2.6800000000000002      -0.36680418978325130       -8.6530467629491792E-002
   2.7000000000000002      -0.36266358148545386       -9.5826527030380027E-002
   2.7200000000000002      -0.35842525260235802      -0.10446510840274945     
   2.7400000000000002      -0.35386715209651803      -0.11316579100275011     
   2.7600000000000002      -0.34920240208641595      -0.12117477010111802     
   2.7800000000000002      -0.34426444865714950      -0.12926115701110014     
   2.8000000000000003      -0.33921060383959661      -0.13662444097708984     
   2.8199999999999998      -0.33393109576834651      -0.14408071460910363     
   2.8399999999999999      -0.32852618206398870      -0.15078540025931866     
   2.8599999999999999      -0.32294388835506688      -0.15759886478954543     
   2.8799999999999999      -0.31722644741996153      -0.16363524710561422     
   2.8999999999999999      -0.31138042006377131      -0.16979633396851601     
   2.9199999999999999      -0.30538932590302370      -0.17515789942709570     
   2.9399999999999999      -0.29931871357248463      -0.18066015797542787     
   2.9600000000000000      -0.29309299050069476      -0.18534356290531578     
   2.9800000000000000      -0.28683685456187286      -0.19018363644257097     
   3.0000000000000000      -0.28041549736227506      -0.19418867066824821     
   3.0200000000000000      -0.27401263106098667      -0.19836625813051154     
   3.0400000000000000      -0.26743442817546753      -0.20169579423187783     
   3.0600000000000001      -0.26092317983827984      -0.20521359786465354     
   3.0800000000000001      -0.25422654039679532      -0.20787352645106327     
   3.1000000000000001      -0.24764464145751564      -0.21073718589304791     
   3.1200000000000001      -0.24086742692792570      -0.21273633735568878     
   3.1400000000000001      -0.23425182555949708      -0.21495435060538826     
   3.1600000000000001      -0.22743118676764765      -0.21630440387522887     
   3.1800000000000002      -0.22081788786451356      -0.21788803567743051     
   3.2000000000000002      -0.21399010809969077      -0.21860341457608637     
   3.2200000000000002      -0.20741402031733616      -0.21956659282319305     
   3.2400000000000002      -0.20061436520018541      -0.21966435065081846     
   3.2600000000000002      -0.19410915571690879      -0.22002355144863925     
   3.2800000000000002      -0.18737173046575908      -0.21952324450605715     
   3.3000000000000003      -0.18096968808699890      -0.21929736660454757     
   3.3200000000000003      -0.17432730277448788      -0.21822091739601193     
   3.3399999999999999      -0.16805920995245510      -0.21743114673240907     
   3.3599999999999999      -0.16154325329765495      -0.21580269764040483     
   3.3799999999999999      -0.15543826758886889      -0.21447236278496798     
   3.3999999999999999      -0.14907858978102839      -0.21231812104906433     
   3.4199999999999999      -0.14316413521188645      -0.21047254038199587     
   3.4399999999999999      -0.13698894021070440      -0.20782061524978032     
   3.4600000000000000      -0.13129060896672462      -0.20548693673167215     
   3.4800000000000000      -0.12532635667104319      -0.20236716968102836     
   3.5000000000000000      -0.11986782146920211      -0.19957420410819449     
   3.5200000000000000      -0.11413914009145387      -0.19601799306650244     
   3.5400000000000000      -0.10894207753741061      -0.19279604172668327     
   3.5600000000000001      -0.10347168646537902      -0.18883616023380001     
   3.5800000000000001       -9.8555711638648277E-002 -0.18521683789685361     
   3.6000000000000001       -9.3364355009422084E-002 -0.18088725017489266     
   3.6200000000000001       -8.8746967460059223E-002 -0.17690330436715210     
   3.6400000000000001       -8.3853358613796336E-002 -0.17223897727106788     
   3.6600000000000001       -7.9549899894213835E-002 -0.16792410479099806     
   3.6800000000000002       -7.4970676817798870E-002 -0.16296081761977987     
   3.7000000000000002       -7.0994299613274275E-002 -0.15834947925640480     
   3.7200000000000002       -6.6743991426476149E-002 -0.15312363240530336     
   3.7400000000000002       -6.3105640288063453E-002 -0.14825086681961738     
   3.7600000000000002       -5.9196644767690210E-002 -0.14279929024931304     
   3.7800000000000002       -5.5905048391932374E-002 -0.13770052797259005     
   3.8000000000000003       -5.2347620473048889E-002 -0.13206029046163756     
   3.8200000000000003       -4.9409295414423869E-002 -0.12677116895329518     
   3.8399999999999999       -4.6211546552246290E-002 -0.12097938908565066     
   3.8599999999999999       -4.3630812196969543E-002 -0.11553556977722169     
   3.8799999999999999       -4.0798720418868034E-002 -0.10962922959730492     
   3.8999999999999999       -3.8577724992816885E-002 -0.10406621782825706     
   3.9199999999999999       -3.6115155417224917E-002  -9.8081980071983266E-002
   3.9399999999999999       -3.4253912746627403E-002  -9.2434948797771463E-002
   3.9600000000000000       -3.2162648294836116E-002  -8.6408978579483403E-002
   3.9800000000000000       -3.0659084986248197E-002  -8.0712596702506023E-002
   4.0000000000000000       -2.8938866964308203E-002  -7.4680388504952400E-002
   4.0200000000000005       -2.7788879620542363E-002  -6.8968654645219563E-002
   4.0400000000000000       -2.6437457802037129E-002  -6.2964865422882238E-002
   4.0600000000000005       -2.5634979843339605E-002  -5.7270947907419746E-002
   4.0800000000000001       -2.4648171639850835E-002  -5.1329237072831178E-002
   4.0999999999999996       -2.4185249254974672E-002  -4.5685320881379873E-002
   4.1200000000000001       -2.3557007519831114E-002  -3.9838197899848729E-002
   4.1399999999999997       -2.3423884229920349E-002  -3.4275339259536866E-002
   4.1600000000000001       -2.3146373202488836E-002  -2.8554019530184716E-002
   4.1799999999999997       -2.3331582482060222E-002  -2.3102008803821253E-002
   4.2000000000000002       -2.3395261344565554E-002  -1.7536278454307476E-002
   4.2199999999999998       -2.3885726708514615E-002  -1.2223511916051824E-002
   4.2400000000000002       -2.4279440195308848E-002  -6.8416020851197693E-003
   4.2599999999999998       -2.5060582128924817E-002  -1.6949631238216568E-003
   4.2800000000000002       -2.5771657599394315E-002   3.4765657498630146E-003
   4.2999999999999998       -2.6827506679972961E-002   8.4318155150887794E-003
   4.3200000000000003       -2.7841857040982770E-002   1.3368178937108552E-002
   4.3399999999999999       -2.9155172574888377E-002   1.8108498202194234E-002
   4.3600000000000003       -3.0457404416909729E-002   2.2786781998427631E-002
   4.3799999999999999       -3.2009797894949808E-002   2.7290437613002372E-002
   4.4000000000000004       -3.3583324187871369E-002   3.1689681097462091E-002
   4.4199999999999999       -3.5355386844684020E-002   3.5936824889941092E-002
   4.4400000000000004       -3.7182543524826674E-002   4.0038092546512680E-002
   4.4600000000000000       -3.9153977274695807E-002   4.4010826890376685E-002
   4.4800000000000004       -4.1216143043772073E-002   4.7797268353592728E-002
   4.5000000000000000       -4.3365894055916655E-002   5.1479700291929407E-002
   4.5200000000000005       -4.5643612705619126E-002   5.4936598475437963E-002
   4.5400000000000000       -4.7950006876566344E-002   5.8314882283480696E-002
   4.5600000000000005       -5.0423111449136845E-002   6.1429689568560493E-002
   4.5800000000000001       -5.2863991028284395E-002   6.4492057696638572E-002
   4.6000000000000005       -5.5511729123790321E-002   6.7254420156648523E-002
   4.6200000000000001       -5.8064589750668978E-002   6.9991202558327761E-002
   4.6399999999999997       -6.0865749295761523E-002   7.2392972258027294E-002
   4.6600000000000001       -6.3507876713785660E-002   7.4796604169945602E-002
   4.6799999999999997       -6.6440911514383166E-002   7.6831839640860322E-002
   4.7000000000000002       -6.9149517235964478E-002   7.8896857941526788E-002
   4.7199999999999998       -7.2192671647522189E-002   8.0561812995640969E-002
   4.7400000000000002       -7.4945026859241329E-002   8.2284841329951453E-002
   4.7599999999999998       -7.8076458922946859E-002   8.3577942433669505E-002
   4.7800000000000002       -8.0850025936930525E-002   8.4957665347786801E-002
   4.7999999999999998       -8.4047928348194731E-002   8.5879477836013671E-002
   4.8200000000000003       -8.6820488926814141E-002   8.6916604223263000E-002
   4.8399999999999999       -9.0063207223684133E-002   8.7469787689309478E-002
   4.8600000000000003       -9.2812987129037794E-002   8.8167003901559432E-002
   4.8799999999999999       -9.6079134512499539E-002   8.8356257152096482E-002
   4.9000000000000004       -9.8784923659713864E-002   8.8718170182451261E-002
   4.9199999999999999      -0.10205349188511546        8.8550166197643082E-002
   4.9400000000000004      -0.10469475950911747        8.8583237388899366E-002
   4.9600000000000000      -0.10794522531795492        8.8066548775879230E-002
   4.9800000000000004      -0.11050222959685266        8.7779018554850582E-002
   5.0000000000000000      -0.11371465619072464        8.6924034027624345E-002
   5.0200000000000005      -0.11616854780506679        8.6325838207876648E-002
   5.0400000000000000      -0.11932368089851873        8.5144670668322181E-002
   5.0600000000000005      -0.12165660004427475        8.4247348902883892E-002
   5.0800000000000001      -0.12473595807029476        8.2753735735557568E-002
   5.1000000000000005      -0.12693112448416807        8.1570332736577988E-002
   5.1200000000000001      -0.12991708256503812        7.9779528964359608E-002
   5.1399999999999997      -0.13195887816345106        7.8324489138319534E-002
   5.1600000000000001      -0.13483474550025518        7.6253154116366753E-002
   5.1799999999999997      -0.13670878927777264        7.4542210291155347E-002
   5.2000000000000002      -0.13945887965387052        7.2208288643062904E-002
   5.2199999999999998      -0.14115209453269487        7.0258345586903220E-002
   5.2400000000000002      -0.14376178966962982        6.7680943109261843E-002
   5.2599999999999998      -0.14526246103883650        6.5509956561002086E-002
   5.2800000000000002      -0.14771826658719955        6.2709211840643708E-002
   5.2999999999999998      -0.14901609231831595        6.0336063786264639E-002
   5.3200000000000003      -0.15130568631077307        5.7333016288305422E-002
   5.3399999999999999      -0.15239181808485996        5.4777387229584945E-002
   5.3600000000000003      -0.15450409172360149        5.1593842623905248E-002
   5.3799999999999999      -0.15537116755390087        4.8876081592013232E-002
   5.4000000000000004      -0.15729625824993018        4.5534475091036634E-002
   5.4199999999999999      -0.15793842613312339        4.2675468160417417E-002
   5.4400000000000004      -0.15966774275980716        3.9198726641988799E-002
   5.4600000000000000      -0.16008067543771293        3.6219764698259577E-002
   5.4800000000000004      -0.16160691580561198        3.2631168384118801E-002
   5.5000000000000000      -0.16178781666748157        2.9553814893928700E-002
   5.5200000000000005      -0.16310497727142267        2.5876859346798547E-002
   5.5400000000000000      -0.16305257747460120        2.2722818867737637E-002
   5.5600000000000005      -0.16415595560699359        1.8981078058482537E-002
   5.5800000000000001      -0.16387050254036292        1.5772066213306284E-002
   5.6000000000000005      -0.16475669090667885        1.1989057394083487E-002
   5.6200000000000001      -0.16423992816673924        8.7466730158507894E-003
   5.6399999999999997      -0.16490680217964160        4.9457241157995682E-003
   5.6600000000000001      -0.16416194127309466        1.6913242491558185E-003
   5.6799999999999997      -0.16460863924069707       -2.1045555138960647E-003
   5.7000000000000002      -0.16364032326974642       -5.3499770949634977E-003
   5.7199999999999998      -0.16386721973073246       -9.1182227198851606E-003
   5.7400000000000002      -0.16268147935781013       -1.2334152845754256E-002
   5.7599999999999998      -0.16269015185143193       -1.6052764533623504E-002
   5.7800000000000002      -0.16129435387849858       -1.9219283223569909E-002
   5.7999999999999998      -0.16108754347064777       -2.2866942239408994E-002
   5.8200000000000003      -0.15949033240441934       -2.5964829970708786E-002
   5.8399999999999999      -0.15907189832185498       -2.9521008813528253E-002
   5.8600000000000003      -0.15728313133011404       -3.2531847945995195E-002
   5.8799999999999999      -0.15665800008339820       -3.5976914297914345E-002
   5.9000000000000004      -0.15468867577879955       -3.8883184164357383E-002
   5.9199999999999999      -0.15386278518039984       -4.2198498130714274E-002
   5.9400000000000004      -0.15172496669674213       -4.4983663345683100E-002
   5.9600000000000000      -0.15070520520399566       -4.8151667541404049E-002
   5.9800000000000004      -0.14841193805567898       -5.0800259124481384E-002
   6.0000000000000000      -0.14720607988877357       -5.3804561207292705E-002
   6.0200000000000005      -0.14477130512699130       -5.6302250162831698E-002
   6.0400000000000000      -0.14338794162972171       -5.9127697460900616E-002
   6.0600000000000005      -0.14082640482874992       -6.1461360503228202E-002
   6.0800000000000001      -0.13927487255447968       -6.4094106433243717E-002
   6.1000000000000005      -0.13660202917815489       -6.6251883594683564E-002
   6.1200000000000001      -0.13489233519510427       -6.8679445615955265E-002
   6.1400000000000006      -0.13212425290715915       -7.0650789524290464E-002
   6.1600000000000001      -0.13026699782581067       -7.2862098424872151E-002
   6.1799999999999997      -0.12742025631812451       -7.4637815086788434E-002
   6.2000000000000002      -0.12542655554916660       -7.6623255448639446E-002
   6.2199999999999998      -0.12251814446915779       -7.8195536425982190E-002
   6.2400000000000002      -0.12039954822297248       -7.9946978167476951E-002
   6.2599999999999998      -0.11744676378530136       -8.1309424083537321E-002
   6.2800000000000002      -0.11521517632355446       -8.2820245028935438E-002
   6.2999999999999998      -0.11223551719202772       -8.3967880392170652E-002
   6.3200000000000003      -0.10990311583847052       -8.5232979868680850E-002
   6.3399999999999999      -0.10691417886156505       -8.6162259250991330E-002
   6.3600000000000003      -0.10449333327275050       -8.7178062764519351E-002
   6.3799999999999999      -0.10151270965054857       -8.7886868420175027E-002
   6.4000000000000004       -9.9015901837866224E-002  -8.8651323510459915E-002
   6.4199999999999999       -9.6061074289473872E-002  -8.9138954569719167E-002
   6.4400000000000004       -9.3500819871796356E-002  -8.9651517994060501E-002
   6.4600000000000000       -9.0589061360579093E-002  -8.9918671412193465E-002
   6.4800000000000004       -8.7977832511983323E-002  -9.0180287854089380E-002
   6.5000000000000000       -8.5126107071290716E-002  -9.0229031341648516E-002
   6.5200000000000005       -8.2476257610883397E-002  -9.0242103886143940E-002
   6.5400000000000000       -7.9701123795455464E-002  -9.0075841089672246E-002
   6.5600000000000005       -7.7024816846419264E-002  -8.9844193750813650E-002
   6.5800000000000001       -7.4342334314497216E-002  -8.9467621994512983E-002
   6.6000000000000005       -7.1651472937224459E-002  -8.8996454621787069E-002
   6.6200000000000001       -6.9077112645666183E-002  -8.8415515559764263E-002
   6.6400000000000006       -6.6383273825415146E-002  -8.7711351489544911E-002
   6.6600000000000001       -6.3931832294993635E-002  -8.6933175054907247E-002
   6.6799999999999997       -6.1246204638055822E-002  -8.6003801909544098E-002
   6.7000000000000002       -5.8931722718763853E-002  -8.5036643980638885E-002
   6.7199999999999998       -5.6265048182848582E-002  -8.3891048051706482E-002
   6.7400000000000002       -5.4100734719621520E-002  -8.2744222287019928E-002
   6.7599999999999998       -5.1463254674234550E-002  -8.1392516970239526E-002
   6.7800000000000002       -4.9461415442224009E-002  -8.0076321291734809E-002
   6.7999999999999998       -4.6862821323438733E-002  -7.8529670069033261E-002
   6.8200000000000003       -4.5034793569018940E-002  -7.7055308298882033E-002
   6.8399999999999999       -4.2484182360415804E-002  -7.5325842787834441E-002
   6.8600000000000003       -4.0840275249686975E-002  -7.3705341965466339E-002
   6.8799999999999999       -3.8346109987580881E-002  -7.1806075577872566E-002
   6.9000000000000004       -3.6895551228459569E-002  -7.0052199502939935E-002
   6.9199999999999999       -3.4465626695060939E-002  -6.7996937272422758E-002
   6.9400000000000004       -3.3216515562331392E-002  -6.6123096834579925E-002
   6.9600000000000000       -3.0857929295412617E-002  -6.3926341987798521E-002
   6.9800000000000004       -2.9817196250574027E-002  -6.1946502856075100E-002
   7.0000000000000000       -2.7536324962758259E-002  -5.9623360713376448E-002
   7.0200000000000005       -2.6709698022359604E-002  -5.7551948966351775E-002
   7.0400000000000000       -2.4512179487532954E-002  -5.5118028765411942E-002
   7.0600000000000005       -2.3904157455160405E-002  -5.2969835048362383E-002
   7.0800000000000001       -2.1794877883948689E-002  -5.0441150288596574E-002
   7.1000000000000005       -2.1408710522338840E-002  -4.8231233085300466E-002
   7.1200000000000001       -1.9391797413301243E-002  -4.5624100991563526E-002
   7.1400000000000006       -1.9229472594413016E-002  -4.3367689596539451E-002
   7.1600000000000001       -1.7308293012797453E-002  -4.0698630297935245E-002
   7.1799999999999997       -1.7370530845299485E-002  -3.8411028069608659E-002
   7.2000000000000002       -1.5547695047083424E-002  -3.5696664083134960E-002
   7.2199999999999998       -1.5833948942809675E-002  -3.3393152549843583E-002
   7.2400000000000002       -1.4111319228513913E-002  -3.0650109149194568E-002
   7.2599999999999998       -1.4619783832210685E-002  -2.8345853528140917E-002
   7.2800000000000002       -1.2998488482813091E-002  -2.5590660565365630E-002
   7.2999999999999998       -1.3726114353140898E-002  -2.3300617239708429E-002
   7.3200000000000003       -1.2206566469514875E-002  -2.0549612971690886E-002
   7.3399999999999999       -1.3149081363966640E-002  -1.8288439453055041E-002
   7.3600000000000003       -1.1731002401798021E-002  -1.5557676906066360E-002
   7.3799999999999999       -1.2882938984130506E-002  -1.3339644788977877E-002
   7.4000000000000004       -1.1565386748389689E-002  -1.0644801172993483E-002
   7.4199999999999999       -1.2920116504508351E-002  -8.4837125642596746E-003
   7.4400000000000004       -1.1701517341423905E-002  -5.8400022244904292E-003
   7.4600000000000000       -1.3251290458573272E-002  -3.7491101045086352E-003
   7.4800000000000004       -1.2129475358809648E-002  -1.1712014708311954E-003
   7.5000000000000000       -1.3865466293552394E-002   8.3686558460490616E-004
   7.5200000000000005       -1.2837710598066399E-002   3.3349286187364042E-003
   7.5400000000000000       -1.4750069031024028E-002   5.2482369581697648E-003
   7.5600000000000005       -1.3813135410978502E-002   7.6531088270009595E-003
   7.5800000000000001       -1.5891042260783257E-002   9.4604851192222096E-003
   7.6000000000000005       -1.5041226625035060E-002   1.1759587179036119E-002
   7.6200000000000001       -1.7272954770522507E-002   1.3450678354204517E-002
   7.6400000000000006       -1.6506134738665072E-002   1.5632261948531571E-002
   7.6600000000000001       -1.8879114077123796E-002   1.7197589389508373E-002
   7.6799999999999997       -1.8190799642928041E-002   1.9250793089484054E-002
   7.7000000000000002       -2.0691686093308088E-002   2.0681800815708591E-002
   7.7199999999999998       -2.0077072092730863E-002   2.2596701577615744E-002
   7.7400000000000002       -2.2691820136173803E-002   2.3885798202312590E-002
   7.7599999999999998       -2.2145840125937705E-002   2.5653456223176635E-002
   7.7800000000000002       -2.4859778461892856E-002   2.6794050504038859E-002
   7.7999999999999998       -2.4377159609017155E-002   2.8406547595810926E-002
   7.8200000000000003       -2.7175069493600722E-002   2.9393077439323921E-002
   7.8399999999999999       -2.6750388073198211E-002   3.0843548782452303E-002
   7.8600000000000003       -2.9616583897371138E-002   3.1671503602466844E-002
   7.8799999999999999       -2.9244320995521930E-002   3.2954162780282320E-002
   7.9000000000000004       -3.2162732654129486E-002   3.3620099152074895E-002
   7.9199999999999999       -3.1837329674687678E-002   3.4730256408160715E-002
   7.9400000000000004       -3.4791586273426364E-002   3.5231806999794363E-002
   7.9600000000000000       -3.4507499852181087E-002   3.6165880701138443E-002
   7.9800000000000004       -3.7481014298128452E-002   3.6501756504220363E-002
   8.0000000000000000       -3.7232770234784343E-002   3.7257277833218722E-002
   8.0199999999999996       -4.0208824257222275E-002   3.7427263754906820E-002
   8.0400000000000009       -3.9991070085128345E-002   3.8002874692970638E-002
   8.0600000000000005       -4.2952899236973457E-002   3.8007818610079208E-002
   8.0800000000000001       -4.2760455062341426E-002   3.8403263314464864E-002
   8.0999999999999996       -4.5691333258515772E-002   3.8245058728534967E-002
   8.1200000000000010       -4.5519240514943528E-002   3.8461168441845550E-002
   8.1400000000000006       -4.8402563672409700E-002   3.8142730910860664E-002
   8.1600000000000001       -4.8246131452762721E-002   3.8181402579245176E-002
   8.1799999999999997       -5.1065499807630560E-002   3.7706640137078438E-002
   8.1999999999999993       -5.0920348453621790E-002   3.7570808948276274E-002
   8.2200000000000006       -5.3659647143617553E-002   3.6944586756753307E-002
   8.2400000000000002       -5.3521748793639898E-002   3.6638192842603237E-002
   8.2599999999999998       -5.6165226309208782E-002   3.5866292353066306E-002
   8.2799999999999994       -5.6030942126978213E-002   3.5394241932738511E-002
   8.3000000000000007       -5.8563286251251873E-002   3.4483314864028738E-002
   8.3200000000000003       -5.8429400081467554E-002   3.3851436133876298E-002
   8.3399999999999999       -6.0835810958143811E-002   3.2808953601549402E-002
   8.3599999999999994       -6.0699559180508914E-002   3.2023947704956805E-002
   8.3800000000000008       -6.2965819169225487E-002   3.0858144862167321E-002
   8.4000000000000004       -6.2824916548635451E-002   2.9927532297957398E-002
   8.4199999999999999       -6.4937456549529010E-002   2.8647348871655293E-002
   8.4399999999999995       -6.4790117907852371E-002   2.7579411722377704E-002
   8.4600000000000009       -6.6736079860527125E-002   2.6194428849144382E-002
   8.4800000000000004       -6.6581037424000983E-002   2.4998149230799658E-002
   8.5000000000000000       -6.8348332710929646E-002   2.3518523014708994E-002
   8.5199999999999996       -6.8184849016586793E-002   2.2203518167070099E-002
   8.5400000000000009       -6.9762212526868025E-002   2.0639910397312847E-002
   8.5600000000000005       -6.9590088801421007E-002   1.9216364848916579E-002
   8.5800000000000001       -7.0967128437654917E-002   1.7579871327509104E-002
   8.5999999999999996       -7.0786708392696795E-002   1.6058466581544216E-002
   8.6200000000000010       -7.1953949831344205E-002   1.4360543521208472E-002
   8.6400000000000006       -7.1766118849399152E-002   1.2752385717886111E-002
   8.6600000000000001       -7.2715045393190320E-002   1.1004774677107847E-002
   8.6799999999999997       -7.2521225109870829E-002   9.3213206946391111E-003
   8.7000000000000011       -7.3244312499453276E-002   7.5359725209736394E-003
   8.7200000000000006       -7.3046450817569136E-002   5.7889549809926446E-003
   8.7400000000000002       -7.3537196898461984E-002   3.9779532348975183E-003
   8.7599999999999998       -7.3337753500193337E-002   2.1793048790666137E-003
   8.7799999999999994       -7.3590702670077182E-002   3.5478920892001919E-004
   8.8000000000000007       -7.3392630123090261E-002  -1.4834328884365394E-003
   8.8200000000000003       -7.3403392513341145E-002  -3.3093429538854249E-003
   8.8399999999999999       -7.3210113095812657E-002  -5.1750328769094396E-003
   8.8599999999999994       -7.2975378469822105E-002  -6.9903132595624876E-003
   8.8800000000000008       -7.2790756867575454E-002  -8.8713909928660670E-003
   8.9000000000000004       -7.2308303246627750E-002  -1.0664187070494244E-002
   8.9199999999999999       -7.2136615302805226E-002  -1.2548672049095103E-002
   8.9399999999999995       -7.1405312357953415E-002  -1.4307370897880093E-002
   8.9600000000000009       -7.1251210081694716E-002  -1.6183453934591571E-002
   8.9800000000000004       -7.0271017357040721E-002  -1.7896754387009318E-002
   9.0000000000000000       -7.0139490422357426E-002  -1.9752867561706331E-002
   9.0199999999999996       -6.8911450481257006E-002  -2.1409847675037272E-002
   9.0400000000000009       -6.8807784470543018E-002  -2.3234731787432662E-002
   9.0600000000000005       -6.7334011081388548E-002  -2.4824913337701929E-002
   9.0800000000000001       -6.7263742749652980E-002  -2.6607682544671638E-002
   9.0999999999999996       -6.5547404251909150E-002  -2.8121092182457685E-002
   9.1200000000000010       -6.5516274107736930E-002  -2.9851295462411751E-002
   9.1400000000000006       -6.3561572121697524E-002  -3.1278522190567384E-002
   9.1600000000000001       -6.3575474639019830E-002  -3.2946201300730185E-002
   9.1799999999999997       -6.1387618304207386E-002  -3.4278449959479651E-002
   9.2000000000000011       -6.1452550095095426E-002  -3.5874193577060773E-002
   9.2200000000000006       -5.9037726042238885E-002  -3.7103334049004490E-002
   9.2400000000000002       -5.9159732335029046E-002  -3.8618327813946168E-002
   9.2599999999999998       -5.6525070615035526E-002  -3.9736939690047164E-002
   9.2799999999999994       -5.6710190394070908E-002  -4.1163011895152049E-002
   9.3000000000000007       -5.3863726604275672E-002  -4.2164424372613918E-002
   9.3200000000000003       -5.4117936777341259E-002  -4.3494087076208436E-002
   9.3399999999999999       -5.1068570640502700E-002  -4.4372413890095726E-002
   9.3599999999999994       -5.1397729607583584E-002  -4.5598899256783211E-002
   9.3800000000000008       -4.8155180272528145E-002  -4.6349068479088915E-002
   9.4000000000000004       -4.8564971274790272E-002  -4.7466360185402325E-002
   9.4199999999999999       -4.5139729619255588E-002  -4.8084138757836063E-002
   9.4399999999999995       -4.5635604250108215E-002  -4.9086998331517480E-002
   9.4600000000000009       -4.2038882476143756E-002  -4.9569011231371744E-002
   9.4800000000000004       -4.2626004736876451E-002  -5.0452999225387658E-002
   9.5000000000000000       -3.8869683557112927E-002  -5.0796743197235830E-002
   9.5199999999999996       -3.9552874837906773E-002  -5.1558235132283983E-002
   9.5400000000000009       -3.5649448557083539E-002  -5.1762086951769544E-002
   9.5600000000000005       -3.6433133920188085E-002  -5.2398283993745687E-002
   9.5800000000000001       -3.2395653720528890E-002  -5.2461503263134701E-002
   9.5999999999999996       -3.3283809856099564E-002  -5.2970437634606710E-002
   9.6200000000000010       -2.9125825597459461E-002  -5.2893164142894321E-002
   9.6400000000000006       -3.0121930814004341E-002  -5.3273699299880781E-002
   9.6600000000000001       -2.5857431660194968E-002  -5.3056945012869436E-002
   9.6799999999999997       -2.6964418260837654E-002  -5.3308770649945929E-002
   9.7000000000000011       -2.2607772442205912E-002  -5.2954406427654879E-002
   9.7200000000000006       -2.3827981825099195E-002  -5.3078028405425560E-002
   9.7400000000000002       -1.9393875844328543E-002  -5.2588765575259787E-002
   9.7599999999999998       -2.0729016650629740E-002  -5.2585490894351196E-002
   9.7799999999999994       -1.6232394233907620E-002  -5.1964857838472364E-002
   9.8000000000000007       -1.7683503849841905E-002  -5.1836774813254591E-002
   9.8200000000000003       -1.3139504939055311E-002  -5.1089088757383536E-002
   9.8399999999999999       -1.4706914639849938E-002  -5.0839042570433306E-002
   9.8599999999999994       -1.0130814713407838E-002  -4.9969376788708560E-002
   9.8800000000000008       -1.1814118716390877E-002  -4.9600940633440338E-002
   9.9000000000000004       -7.2212687167101707E-003  -4.8615087309806564E-002
   9.9199999999999999       -9.0192973887550393E-003  -4.8132529353563006E-002
   9.9399999999999995       -4.4250645234777891E-003  -4.7036958364323277E-002
   9.9600000000000009       -6.3358619643714880E-003  -4.6445204787397852E-002
   9.9800000000000004       -1.7555716361045462E-003  -4.5247018691903472E-002
   10.000000000000000       -3.7763778344633335E-003  -4.4551613079339913E-002
   10.020000000000000        7.7474305964630487E-004  -4.3258498626191959E-002
   10.040000000000001       -1.3524946725524557E-003  -4.2465558008654480E-002
   10.060000000000000        3.1543834995550447E-003  -4.1085734483147132E-002
   10.080000000000000        9.2511688418033108E-004  -4.0201902340582199E-002
   10.100000000000000        5.3728859517944861E-003  -3.8744067095336829E-002
   10.120000000000001        3.0468217443089030E-003  -3.7776463652465196E-002
   10.140000000000001        7.4208735237321086E-003  -3.6249735177208899E-002
   10.160000000000000        5.0040697811902044E-003  -3.5205905333023452E-002
   10.180000000000000        9.2901034006389258E-003  -3.3619764231192208E-002
   10.200000000000001        6.7894379269448401E-003  -3.2507623475534798E-002
   10.220000000000001        1.0973506599352728E-002  -3.0871851724781203E-002
   10.240000000000000        8.3966647542123313E-003  -2.9699630403686478E-002
   10.260000000000000        1.2465220067897241E-002  -2.8024249284410330E-002
   10.279999999999999        9.8206774066778753E-003  -2.6800435582207089E-002
   10.300000000000001        1.3760611010572904E-002  -2.5095642662884447E-002
   10.320000000000000        1.1057610787931473E-002  -2.3828924673020602E-002
   10.340000000000000        1.4856293366810080E-002  -2.2105030243377712E-002
   10.359999999999999        1.2104818966875024E-002  -2.0804237501582681E-002
   10.380000000000001        1.5750136420813791E-002  -1.9071600844554244E-002
   10.400000000000000        1.2960878806342377E-002  -1.7745645697285820E-002
   10.420000000000000        1.6441265567436553E-002  -1.6014611588235229E-002
   10.440000000000000        1.3625585869549581E-002  -1.4672430766403686E-002
   10.460000000000001        1.6930055307503539E-002  -1.2953266583302314E-002
   10.480000000000000        1.4099942706162135E-002  -1.1603763346063134E-002
   10.500000000000000        1.7218114592700059E-002  -9.9065971672761440E-003
   10.520000000000000        1.4386139665874587E-002  -8.5585843732873812E-003
   10.540000000000001        1.7308264685840999E-002  -6.8933444303570174E-003
   10.560000000000000        1.4487528432176378E-002  -5.5554888843738909E-003
   10.580000000000000        1.7204509746611297E-002  -3.9318447258023630E-003
   10.600000000000000        1.4408588512167444E-002  -2.6126131369077921E-003
   10.620000000000001        1.6912000395442033E-002  -1.0399188455068394E-003
   10.640000000000001        1.4154886959640803E-002   2.5247428025849906E-004
   10.660000000000000        1.6436990548827170E-002   1.7652344892680910E-003
   10.680000000000000        1.3733031647932785E-002   3.0228767145090529E-003
   10.700000000000001        1.5786787857863586E-002   4.4671402046894508E-003
   10.720000000000001        1.3150618446034828E-002   5.6824684942734967E-003
   10.740000000000000        1.4969698117898382E-002   7.0501429374427030E-003
   10.760000000000000        1.2416172685958692E-002   8.2159881886901751E-003
   10.779999999999999        1.3994964050694905E-002   9.4994970422093046E-003
   10.800000000000001        1.1539085341161074E-002   1.0609125560498202E-002
   10.820000000000000        1.2872698891301378E-002   1.1801450043911565E-002
   10.840000000000000        1.0529544364792262E-002   1.2848601734186251E-002
   10.859999999999999        1.1613815239660048E-002   1.3943319080075298E-002
   10.880000000000001        9.3984616624834625E-003   1.4922242147619075E-002
   10.900000000000000        1.0229949661785118E-002   1.5913559926021514E-002
   10.920000000000000        8.1573961971941975E-003   1.6819041903795594E-002
   10.940000000000000        8.7333835469386896E-003   1.7701828245042933E-002
   10.960000000000001        6.8184737431900800E-003   1.8529223189752978E-002
   10.980000000000000        7.1369607455394630E-003   1.9299032756932108E-002
   11.000000000000000        5.3943038224178686E-003   2.0044284481597834E-002
   11.020000000000000        5.4540025274637067E-003   2.0697380070879713E-002
   11.040000000000001        3.8978943693154895E-003   2.1357041307888687E-002
   11.060000000000000        3.6982204118775419E-003   2.1890410982521074E-002
   11.080000000000000        2.3425646793875099E-003   2.2461658397778007E-002
   11.100000000000000        1.8836274277310551E-003   2.2873028089438783E-002
   11.120000000000001        7.4185720266076605E-004   2.3353673095107656E-002
   11.140000000000001        2.4448368526784224E-005   2.3641514634388593E-002
   11.160000000000000       -8.9055125459827221E-004   2.4030009974697928E-002
   11.180000000000000       -1.8649703940517063E-003   2.4193544540563706E-002
   11.200000000000001       -2.5409383577602125E-003   2.4488986652036481E-002
   11.220000000000001       -3.7702509755788618E-003   2.4528183658009416E-002
   11.240000000000000       -4.1956245438662439E-003   2.4730310832121485E-002
   11.260000000000000       -5.6770733672776540E-003   2.4645882294509834E-002
   11.279999999999999       -5.8410602445013657E-003   2.4755068697010052E-002
   11.300000000000001       -7.5712636005792642E-003   2.4548459157561070E-002
   11.320000000000000       -7.4639114936466185E-003   2.4565704784341946E-002
   11.340000000000000       -9.4388801536952806E-003   2.4239076886098804E-002
   11.359999999999999       -9.0511433973444588E-003   2.4165993560432603E-002
   11.380000000000001       -1.1266298081857395E-002   2.3722209401150350E-002
   11.400000000000000       -1.0590100959827613E-002   2.3561002941152341E-002
   11.420000000000000       -1.3040290371752080E-002   2.3003601353232716E-002
   11.440000000000000       -1.2068586781563246E-002   2.2757050061437280E-002
   11.460000000000001       -1.4748106042467702E-002   2.2090219990832351E-002
   11.480000000000000       -1.3474935168297435E-002   2.1761649639633632E-002
   11.500000000000000       -1.6377544539818423E-002   2.0990199818409692E-002
   11.520000000000000       -1.4798082216479571E-002   2.0583455325699287E-002
   11.540000000000001       -1.7917025998036486E-002   1.9712780453819342E-002
   11.560000000000000       -1.6027631469216798E-002   1.9232194462331573E-002
   11.580000000000000       -1.9355656972341054E-002   1.8268238133591290E-002
   11.600000000000000       -1.7153914767955872E-002   1.7718596725134057E-002
   11.620000000000001       -2.0683291277593194E-002   1.6667811349966449E-002
   11.640000000000001       -1.8168047958201768E-002   1.6054317141775534E-002
   11.660000000000000       -2.1890585601917031E-002   1.4923621135729384E-002
   11.680000000000000       -1.9061981142536707E-002   1.4251854020550091E-002
   11.700000000000001       -2.2969049599580120E-002   1.3048586541562433E-002
   11.720000000000001       -1.9828543210767748E-002   1.2324462345660170E-002
   11.740000000000000       -2.3911090204347327E-002   1.1056335875712682E-002
   11.760000000000000       -2.0461480414966215E-002   1.0286063219780612E-002
   11.779999999999999       -2.4710049942709891E-002   8.9611142970936423E-003
   11.800000000000001       -2.0955488796222145E-002   8.1511499539100533E-003
   11.820000000000000       -2.5360239065598335E-002   6.7776883704388224E-003
   11.840000000000000       -2.1306240309871334E-002   5.9346914200909123E-003
   11.859999999999999       -2.5856961357163390E-002   4.5212482057109806E-003
   11.880000000000001       -2.1510402536508360E-002   3.6520332942187868E-003
   11.900000000000000       -2.6196533519700558E-002   2.2073078135994750E-003
   11.920000000000000       -2.1565651907021529E-002   1.3187978238296590E-003
   11.940000000000000       -2.6376298074547871E-002  -1.4839568541582344E-004
   11.960000000000001       -2.1470680410920748E-002  -1.0492172405637537E-003
   11.980000000000000       -2.6394629759550273E-002  -2.5300033592923739E-003
   12.000000000000000       -2.1225195798124312E-002  -3.4361399123051272E-003
   12.020000000000000       -2.6250935444207910E-002  -4.9216356330987763E-003
   12.040000000000001       -2.0829915324875922E-002  -5.8261247995430691E-003
   12.060000000000000       -2.5945647623663113E-002  -7.3074926974964274E-003
   12.080000000000000       -2.0286553134333935E-002  -8.2034528743468935E-003
   12.100000000000000       -2.5480211591991025E-002  -9.6719535364399537E-003
   12.120000000000001       -1.9597801401371951E-002  -1.0552629565944330E-002
   12.140000000000001       -2.4857066433606981E-002  -1.1999672967305058E-002
   12.160000000000000       -1.8767305409021273E-002  -1.2858480579632185E-002
   12.180000000000000       -2.4079620008763219E-002  -1.4275676104084353E-002
   12.200000000000001       -1.7799632760548079E-002  -1.5106244862075905E-002
   12.220000000000001       -2.3152218144860251E-002  -1.6485449675222707E-002
   12.240000000000000       -1.6700236966177458E-002  -1.7281664156302428E-002
   12.260000000000000       -2.2080108279436624E-002  -1.8615029651938432E-002
   12.280000000000001       -1.5475415676749586E-002  -1.9371068615537942E-002
   12.300000000000001       -2.0869397833028280E-002  -2.0651084670321368E-002
   12.320000000000000       -1.4132263867928771E-002  -2.1361457973965381E-002
   12.340000000000000       -1.9527007620420919E-002  -2.2580994760921441E-002
   12.359999999999999       -1.2678622307805679E-002  -2.3240577804275422E-002
   12.380000000000001       -1.8060620636984690E-002  -2.4392924932733481E-002
   12.400000000000000       -1.1123021667671776E-002  -2.4996990426343058E-002
   12.420000000000000       -1.6478626582623265E-002  -2.6075893194221499E-002
   12.440000000000000       -9.4746226602532221E-003  -2.6620140068248616E-002
   12.460000000000001       -1.4790062509247068E-002  -2.7619832632070650E-002
   12.480000000000000       -7.7431526116346558E-003  -2.8100411919932927E-002
   12.500000000000000       -1.3004549998467101E-002  -2.9015647208456792E-002
   12.520000000000000       -5.9388388923636501E-003  -2.9429184760774819E-002
   12.540000000000001       -1.1132229294292067E-002  -3.0255260979520002E-002
   12.560000000000000       -4.0723396497031206E-003  -3.0598876885038484E-002
   12.580000000000000       -9.1836908309049781E-003  -3.1331660481148271E-002
   12.600000000000000       -2.1546722966084217E-003  -3.1602985093183260E-002
   12.620000000000001       -7.1699046080218737E-003  -3.2238930072841267E-002
   12.640000000000001       -1.9714022368315072E-004  -3.2436116562175932E-002
   12.660000000000000       -5.1021478758381611E-003  -3.2972280076046183E-002
   12.680000000000000        1.7887417919337416E-003  -3.3094013453908451E-002
   12.700000000000001       -2.9919315981098917E-003  -3.3528067589647860E-002
   12.720000000000001        3.7913230021048511E-003  -3.3573570167310066E-002
   12.740000000000000       -8.5092616547885903E-004  -3.3903809911961381E-002
   12.760000000000000        5.7988924473336544E-003  -3.3872843186459591E-002
   12.780000000000001        1.3091131682683070E-003  -3.4098190545323585E-002
   12.800000000000001        7.7997545815128647E-003  -3.3991053523657805E-002
   12.820000000000000        3.4764206566972504E-003  -3.4111057805918527E-002
   12.840000000000000        9.7823042870924890E-003  -3.3928581802721423E-002
   12.859999999999999        5.6392937729741474E-003  -3.3943416107511698E-002
   12.880000000000001        1.1735100813210601E-002  -3.3686956073421620E-002
   12.900000000000000        7.7861658070335852E-003  -3.3597410033024952E-002
   12.920000000000000        1.3646940179424579E-002  -3.3268832492731604E-002
   12.940000000000000        9.9056769018033754E-003  -3.3076301352081228E-002
   12.960000000000001        1.5506925600554004E-002  -3.2677969052095759E-002
   12.980000000000000        1.1986743096297062E-002  -3.2384439185517103E-002
   13.000000000000000        1.7304535503698086E-002  -3.1919192572024066E-002
   13.020000000000000        1.4018622959655622E-002  -3.1527223559143530E-002
   13.040000000000001        1.9029688726603478E-002  -3.0998359225697995E-002
   13.060000000000000        1.5990981418964906E-002  -3.0511062628484791E-002
   13.080000000000000        2.0672806507100499E-002  -2.9922308891707605E-002
   13.100000000000000        1.7893950404756918E-002  -2.9343323893610503E-002
   13.120000000000001        2.2224870896150765E-002  -2.8698813672299768E-002
   13.140000000000001        1.9718185961369650E-002  -2.8032279758277177E-002
   13.160000000000000        2.3677479251997206E-002  -2.7336520947394055E-002
   13.180000000000000        2.1454921494627705E-002  -2.6587047820213795E-002
   13.200000000000001        2.5022894499806856E-002  -2.5844891365923401E-002
   13.220000000000001        2.3096016856439035E-002  -2.5017526309335503E-002
   13.240000000000000        2.6254090869865278E-002  -2.4234132204606171E-002
   13.260000000000000        2.4634002994696206E-002  -2.3334325117785746E-002
   13.280000000000001        2.7364794857626839E-002  -2.2515126549898668E-002
   13.300000000000001        2.6062121927129429E-002  -2.1548692889843301E-002
   13.320000000000000        2.8349521180547635E-002  -2.0699358781475916E-002
   13.340000000000000        2.7374361829281449E-002  -1.9672440660760442E-002
   13.359999999999999        2.9203603539420669E-002  -1.8798836855027347E-002
   13.380000000000001        2.8565487059353682E-002  -1.7717862551415942E-002
   13.400000000000000        2.9923220025683723E-002  -1.6826011898337323E-002
   13.420000000000000        2.9631062976096155E-002  -1.5697654040186457E-002
   13.440000000000000        3.0505413050663226E-002  -1.4793695647473503E-002
   13.460000000000001        3.0567475439965412E-002  -1.3624828344598439E-002
   13.480000000000000        3.0948103707733460E-002  -1.2714976259375397E-002
   13.500000000000000        3.1371944922236959E-002  -1.1512631453076749E-002
   13.520000000000000        3.1250100513689295E-002  -1.0603133043189010E-002
   13.540000000000001        3.2042535181413929E-002  -9.3744563514347318E-003
   13.560000000000000        3.1411102511032768E-002  -8.4715506553200356E-003
   13.580000000000000        3.2578156500904107E-002  -7.2237569896526346E-003
   13.600000000000000        3.1431696748139726E-002  -6.3336333023877528E-003
   13.620000000000001        3.2978563516327865E-002  -5.0739625319877087E-003
   13.640000000000001        3.1313350189187114E-002  -4.2027194920851441E-003
   13.660000000000000        3.3244347694758043E-002  -2.9383924275909806E-003
   13.680000000000000        3.1058396140071061E-002  -2.0919978644389089E-003
   13.700000000000001        3.3376924561471309E-002  -8.3017282963359371E-004
   13.720000000000001        3.0670015310123866E-002  -1.4424625186814938E-005
   13.740000000000000        3.3378515802207756E-002   1.2378451214495353E-003
   13.760000000000000        3.0152211662043096E-002   2.0173569109606803E-003
   13.780000000000001        3.3252126400295470E-002   3.2531646505096568E-003
   13.800000000000001        2.9509783233883594E-002   3.9910941764236272E-003
   13.820000000000000        3.3001516998112622E-002   5.2037198544629204E-003
   13.840000000000000        2.8748288147048450E-002   5.8950001354246030E-003
   13.859999999999999        3.2631171701052709E-002   7.0779489031276947E-003
   13.880000000000001        2.7874006042770696E-002   7.7178245491837253E-003
   13.900000000000000        3.2146261569259864E-002   8.8648634980632735E-003
   13.920000000000000        2.6893895216438101E-002   9.4489212989764242E-003
   13.940000000000000        3.1552604067753169E-002   1.0554114180016607E-002
   13.960000000000001        2.5815545744123741E-002   1.1078311372239830E-002
   13.980000000000000        3.0856618769015083E-002   1.2136051104616127E-002
   14.000000000000000        2.4647128918702459E-002   1.2596741147031167E-002
   14.020000000000000        3.0065279623545688E-002   1.3601779937157115E-002
   14.040000000000001        2.3397343333827939E-002   1.3995735642328552E-002
   14.060000000000000        2.9186064133161178E-002   1.4943212550493268E-002
   14.080000000000000        2.2075357972700764E-002   1.5267646435707466E-002
   14.100000000000000        2.8226899778834913E-002   1.6153112244965073E-002
   14.120000000000001        2.0690752674872796E-002   1.6405693985600735E-002
   14.140000000000001        2.7196108069550747E-002   1.7225133245728587E-002
   14.160000000000000        1.9253456368220515E-002   1.7404004132423177E-002
   14.180000000000000        2.6102346590884257E-002   1.8153854270560904E-002
   14.200000000000001        1.7773683464608534E-002   1.8257638591073464E-002
   14.220000000000001        2.4954549441786600E-002   1.8934805999967382E-002
   14.240000000000000        1.6261868826598691E-002   1.8962619286468477E-002
   14.260000000000000        2.3761866455272854E-002   1.9564492320951119E-002
   14.280000000000001        1.4728601718801084E-002   1.9515946423568565E-002
   14.300000000000001        2.2533601603382480E-002   2.0040405255874558E-002
   14.320000000000000        1.3184559161088310E-002   1.9915610223561444E-002
   14.340000000000000        2.1279150988871620E-002   2.0361033528191571E-002
   14.359999999999999        1.1640439101897127E-002   2.0160596298232945E-002
   14.380000000000001        2.0007940825618586E-002   2.0525864757200522E-002
   14.400000000000000        1.0106893828233295E-002   2.0250884674809615E-002
   14.420000000000000        1.8729365806695455E-002   2.0535381314110864E-002
   14.440000000000000        8.5944640248024826E-003   2.0187442523458714E-002
   14.460000000000001        1.7452728253516223E-002   2.0391049911376580E-002
   14.480000000000000        7.1135138879562356E-003   1.9972210678926596E-002
   14.500000000000000        1.6187178431467459E-002   2.0095305036182957E-002
   14.520000000000000        5.6741676909260975E-003   1.9608084086243333E-002
   14.540000000000001        1.4941656407028553E-002   1.9651526376938424E-002
   14.560000000000000        4.2862481851956308E-003   1.9098886337783307E-002
   14.580000000000000        1.3724835808677602E-002   1.9064010428388168E-002
   14.600000000000000        2.9592172089185657E-003   1.8449338505020507E-002
   14.620000000000001        1.2545069838952516E-002   1.8337936496307661E-002
   14.640000000000001        1.7021188571349705E-003   1.7665022502835279E-002
   14.660000000000000        1.1410339868005215E-002   1.7479327356439513E-002
   14.680000000000000        5.2352555028279410E-004   1.6752339257009929E-002
   14.700000000000001        1.0328206919972601E-002   1.6495004854205818E-002
   14.720000000000001       -5.6851268272157390E-004   1.5718461976399419E-002
   14.740000000000000        9.3057663426260404E-003   1.5392540761572614E-002
   14.760000000000000       -1.5665154126125451E-003   1.4571284860000698E-002
   14.780000000000001        8.3496059281966441E-003   1.4180203235090654E-002
   14.800000000000001       -2.4636152386235885E-003   1.3319367595603719E-002
   14.820000000000000        7.4657677291619902E-003   1.2866899244428924E-002
   14.840000000000000       -3.2535971928119114E-003   1.1971876030739908E-002
   14.859999999999999        6.6597137872846327E-003   1.1462113363512967E-002
   14.880000000000001       -3.9309339012147020E-003   1.0538519418115644E-002
   14.900000000000000        5.9362959674851808E-003   9.9758433365539460E-003
   14.920000000000000       -4.4908163109640166E-003   9.0294846565136654E-003
   14.940000000000000        5.2997300603903497E-003   8.4185328486990098E-003
   14.960000000000001       -4.9291798212524234E-003   7.4553679641652564E-003
   14.980000000000000        4.7535742888019199E-003   6.8010019456594198E-003
   15.000000000000000       -5.2427256856138887E-003   5.8271044347604408E-003
