   0.0000000000000000        1.0000000000000000        0.0000000000000000     
   2.0000000000000000E-002   1.0000000000000000        0.0000000000000000     
   4.0000000000000001E-002  0.99974033139527019        2.0000000000000000E-002
   5.9999999999999998E-002  0.99896110833059382        4.0000000000000001E-002
   8.0000000000000002E-002  0.99818261936620811        5.9935984593754904E-002
  0.10000000000000001       0.99688601388275655        7.9871969020684511E-002
  0.12000000000000000       0.99559120631689990        9.9680140676892376E-002
  0.14000000000000001       0.99378115818588575       0.11948833709113652     
  0.16000000000000000       0.99197429123295833       0.13910537140479395     
  0.17999999999999999       0.98965649278776335       0.15872250556513398     
  0.20000000000000001       0.98734356560987357       0.17808580458327428     
  0.22000000000000000       0.98452543931276348       0.19744935335223490     
  0.23999999999999999       0.98171416628216523       0.21649729584072752     
  0.26000000000000001       0.97840483512264687       0.23554573679848695     
  0.28000000000000003       0.97510461396586179       0.25421792433019702     
  0.29999999999999999       0.97131486482042295       0.27289098098029491     
  0.32000000000000001       0.96753673778726534       0.29112847874381120     
  0.34000000000000002       0.96327897790236172       0.30936736021427802     
  0.35999999999999999       0.95903558613492135       0.32711293146653908     
  0.38000000000000000       0.95432379292647695       0.34486056563568929     
  0.40000000000000002       0.94962932423416313       0.36205889875107294     
  0.41999999999999998       0.94447898862739188       0.37926015775794347     
  0.44000000000000000       0.93934911890425610       0.39585808486060653     
  0.46000000000000002       0.93377718246713448       0.41246000199575306     
  0.47999999999999998       0.92822901101672572       0.42840670820107207     
  0.50000000000000000       0.92225379716881239       0.44435868521399619     
  0.52000000000000002       0.91630577622963294       0.45960590754869146     
  0.54000000000000004       0.90994691583499610       0.47485991145338252     
  0.56000000000000005       0.90361877462608697       0.48936212657211275     
  0.57999999999999996       0.89689712630472673       0.50387287508183953     
  0.59999999999999998       0.89020978993587840       0.51758747495051027     
  0.62000000000000000       0.88314735545209033       0.53131260972685501     
  0.64000000000000001       0.87612285906652809       0.54420006449934955     
  0.66000000000000003       0.86874269417501426       0.55710031145828465     
  0.68000000000000005       0.86140409271402152       0.56912431883353232     
  0.70000000000000007       0.85373021386510839       0.58116363481281463     
  0.71999999999999997       0.84610148786381423       0.59229125522276893     
  0.73999999999999999       0.83815877518776005       0.60343696037976613     
  0.76000000000000001       0.83026473302912462       0.61363873742566499     
  0.78000000000000003       0.82207883003610627       0.62386163280260409     
  0.80000000000000004       0.81394500710589390       0.63311169842649595     
  0.82000000000000006       0.80554221755275157       0.64238616819069816     
  0.83999999999999997       0.79719477275190109       0.65066233214129165     
  0.85999999999999999       0.78860195513902132       0.65896643008086186     
  0.88000000000000000       0.78006756522123155       0.66625025330693166     
  0.90000000000000002       0.77131202539298926       0.67356577323723288     
  0.92000000000000004       0.76261777760447547       0.67984262491771263     
  0.94000000000000006       0.75372715993438755       0.68615515473038802     
  0.95999999999999996       0.74490044343957917       0.69141425272751289     
  0.97999999999999998       0.73590262108670079       0.69671321189141711     
   1.0000000000000000       0.72697101766810757       0.70094764649145036     
   1.0200000000000000       0.71789398239420288       0.70522630689322297     
   1.0400000000000000       0.70888515691675513       0.70843304777800697     
   1.0600000000000001       0.69975690895438358       0.71168853786874342     
   1.0800000000000001       0.69069850008423717       0.71386842434015596     
   1.1000000000000001       0.68154693854411863       0.71610171663330857     
   1.1200000000000001       0.67246645020921836       0.71725943119126911     
   1.1400000000000001       0.66331926451108558       0.71847531323512714     
   1.1599999999999999       0.65424395858571716       0.71861933868769035     
   1.1799999999999999       0.64512852139036791       0.71882636771314645     
   1.2000000000000000       0.63608531207852903       0.71796892807404067     
   1.2200000000000000       0.62702857418999058       0.71717936959445694     
   1.2400000000000000       0.61804392457272339       0.71533635509878701     
   1.2600000000000000       0.60907231226839675       0.71356610581324376     
   1.2800000000000000       0.60017213346830434       0.71075698245560426     
   1.3000000000000000       0.59131144870173247       0.70802547787927905     
   1.3200000000000001       0.58252100210381985       0.70427318194985267     
   1.3400000000000001       0.57379632600940023       0.70060328926537729     
   1.3600000000000001       0.56514012896121524       0.69593410742837025     
   1.3800000000000001       0.55657572907284569       0.69135200411941422     
   1.4000000000000001       0.54807746446874239       0.68579543964407907     
   1.4199999999999999       0.53969670604514763       0.68033047853678763     
   1.4399999999999999       0.53137913617945109       0.67391910435398439     
   1.4600000000000000       0.52320439800789398       0.66760366575295205     
   1.4800000000000000       0.51508928305992419       0.66037296506940912     
   1.5000000000000000       0.50714187808727951       0.65324229673232082     
   1.5200000000000000       0.49924989957770993       0.64523049199020099     
   1.5400000000000000       0.49155000069359051       0.63732253773885972     
   1.5600000000000001       0.48390069022659876       0.62857040875966153     
   1.5800000000000001       0.47646726149750712       0.61992562657460359     
   1.6000000000000001       0.46907893507675352       0.61047631877360076     
   1.6200000000000001       0.46192966870321872       0.60113748926466903     
   1.6400000000000001       0.45481936688200114       0.59103631286480462     
   1.6600000000000001       0.44797062612249350       0.58104833905070474     
   1.6799999999999999       0.44115406021961517       0.57034256026292074     
   1.7000000000000000       0.43462082849585287       0.55975225962876340     
   1.7200000000000000       0.42811233307894903       0.54849088479900199     
   1.7400000000000000       0.42190816944716858       0.53734677463198288     
   1.7600000000000000       0.41572066125462059       0.52558032838340007     
   1.7800000000000000       0.40985766239662685       0.51393240541296736     
   1.8000000000000000       0.40400260583789804       0.50171270383513478     
   1.8200000000000001       0.39849137469438967       0.48961221922513970     
   1.8400000000000001       0.39297875403680227       0.47699213918008715     
   1.8600000000000001       0.38782837517374114       0.46449136993642837     
   1.8800000000000001       0.38266667349153399       0.45152461556422580     
   1.9000000000000001       0.37788469525834129       0.43867663343232738     
   1.9199999999999999       0.37308088018746061       0.42541750094647535     
   1.9399999999999999       0.36867330369373646       0.41227593987855105     
   1.9600000000000000       0.36423282000337470       0.39877908174372612     
   1.9800000000000000       0.36020409490880345       0.38539790501616950     
   2.0000000000000000       0.35613086386837178       0.37171809459785332     
   2.0200000000000000       0.35248389094864530       0.35815136265427094     
   2.0400000000000000       0.34878031643679980       0.34434326042151397     
   2.0600000000000001       0.34551645685691906       0.33064490050692391     
   2.0800000000000001       0.34218343812761520       0.31676282285600382     
   2.1000000000000001       0.33930252932296462       0.30298640149262035     
   2.1200000000000001       0.33633948031244199       0.28908409324073531     
   2.1400000000000001       0.33383985834771929       0.27528259257563664     
   2.1600000000000001       0.33124473337597049       0.26141300415012275     
   2.1800000000000002       0.32912326162254329       0.24763860318006475     
   2.2000000000000002       0.32689258731334209       0.23385367350007791     
   2.2200000000000002       0.32514469125702955       0.22015753514890690     
   2.2400000000000002       0.32327360447213072       0.20650798116321248     
   2.2600000000000002       0.32189331243591285       0.19294004615290386     
   2.2800000000000002       0.32037560399172454       0.17947515995955191     
   2.3000000000000003       0.31935559353159332       0.16608394837703983     
   2.3199999999999998       0.31818375744059590       0.15285140280847007     
   2.3399999999999999       0.31751540714780652       0.13968382422734296     
   2.3599999999999999       0.31668069510237684       0.12672948773808831     
   2.3799999999999999       0.31635414152185526       0.11383066070713253     
   2.3999999999999999       0.31584662231506910       0.10119842235101838     
   2.4199999999999999       0.31585082166779138        8.8611504010746883E-002
   2.4399999999999999       0.31565944522433104        7.6343109240585627E-002
   2.4600000000000000       0.31598223960121857        6.4109135774560302E-002
   2.4800000000000000       0.31609490527181056        5.2244033740104098E-002
   2.5000000000000000       0.31672309294817436        4.0401772310336537E-002
   2.5200000000000000       0.31712672170311329        2.8976975269981931E-002
   2.5400000000000000       0.31804613120601855        1.7562788025284944E-002
   2.5600000000000001       0.31872674134738410        6.6127434240451054E-003
   2.5800000000000001       0.31992230889356593       -4.3395358927731040E-003
   2.6000000000000001       0.32086509489177878       -1.4783060191863751E-002
   2.6200000000000001       0.32232094480098838       -2.5242236577283427E-002
   2.6400000000000001       0.32351035884944235       -3.5150253488540853E-002
   2.6600000000000001       0.32520988652739308       -4.5087867558511102E-002
   2.6800000000000002       0.32662972239908977       -5.4434258044995368E-002
   2.7000000000000002       0.32855567947554742       -6.3824669137056672E-002
   2.7200000000000002       0.33018915825798917       -7.2586255277567222E-002
   2.7400000000000002       0.33232373945904137       -8.1406710519753636E-002
   2.7600000000000002       0.33415359673812944       -8.9563314162263791E-002
   2.7800000000000002       0.33647852806729522       -9.7794003324211842E-002
   2.8000000000000003       0.33848710212765065      -0.10532849018838825     
   2.8199999999999998       0.34098372992826054      -0.11295258620109490     
   2.8399999999999999       0.34315305053623396      -0.11985089536453010     
   2.8599999999999999       0.34580243100741936      -0.12685458046627346     
   2.8799999999999999       0.34811430834407592      -0.13310573924084435     
   2.8999999999999999       0.35089729708473871      -0.13947821677753922     
   2.9199999999999999       0.35333341039927219      -0.14507434105352174     
   2.9399999999999999       0.35623075155853495      -0.15080783303186390     
   2.9600000000000000       0.35877273711784968      -0.15574411323772358     
   2.9800000000000000       0.36176515173667551      -0.16083384379852519     
   3.0000000000000000       0.36439468965423227      -0.16510851669331020     
   3.0200000000000000       0.36746296279110247      -0.16955268174009519     
   3.0400000000000000       0.37016186232750070      -0.17316698832274185     
   3.0600000000000001       0.37328692857119128      -0.17696671160661709     
   3.0800000000000001       0.37603721151029257      -0.17992484149190546     
   3.1000000000000001       0.37920023849482648      -0.18308411751762618     
   3.1200000000000001       0.38198422021244000      -0.18539314019167952     
   3.1400000000000001       0.38516668976313589      -0.18791876437137378     
   3.1600000000000001       0.38796705762030231      -0.18958854780017989     
   3.1800000000000002       0.39115084417540663      -0.19149003434009079     
   3.2000000000000002       0.39395073288504551      -0.19253315146224900     
   3.2200000000000002       0.39711817885462763      -0.19382263952381668     
   3.2400000000000002       0.39990124248865550      -0.19425426321331452     
   3.2600000000000002       0.40303523023116655      -0.19494641194268986     
   3.2800000000000002       0.40578571055504575      -0.19478419907874039     
   3.3000000000000003       0.40886973067208132      -0.19489607214815560     
   3.3200000000000003       0.41157252151501073      -0.19416003747674865     
   3.3399999999999999       0.41459073718626410      -0.19371097782684457     
   3.3599999999999999       0.41723144457775829      -0.19242335834247357     
   3.3799999999999999       0.42016875168078310      -0.19143485385649436     
   3.3999999999999999       0.42273374950808229      -0.18961996447232590     
   3.4199999999999999       0.42557583229117785      -0.18811550535085828     
   3.4399999999999999       0.42805231325666282      -0.18579958666124458     
   3.4600000000000000       0.43078569535782468      -0.18380451529973879     
   3.4800000000000000       0.43316171704124734      -0.18101557427028828     
   3.5000000000000000       0.43577380767155638      -0.17855692847081411     
   3.5200000000000000       0.43803833352830440      -0.17532457291810585     
   3.5400000000000000       0.44051746866422486      -0.17243092329155080     
   3.5600000000000001       0.44266040381788119      -0.16878619103690298     
   3.5800000000000001       0.44499588227356512      -0.16548747347202061     
   3.6000000000000001       0.44700810398856100      -0.16146265707142055     
   3.6200000000000001       0.44919021826627181      -0.15779000116271186     
   3.6400000000000001       0.45106360101432480      -0.15341846912802748     
   3.6600000000000001       0.45308366285835716      -0.14940402346534196     
   3.6800000000000002       0.45481109792048996      -0.14472003890022958     
   3.7000000000000002       0.45666145852733481      -0.14039679412918130     
   3.7200000000000002       0.45823686810144609      -0.13543533170666811     
   3.7400000000000002       0.45991093296628571      -0.13083694227047726     
   3.7600000000000002       0.46132927877834506      -0.12563350447804447     
   3.7800000000000002       0.46282151718512465      -0.12079410994825954     
   3.8000000000000003       0.46407880362995185      -0.11538454352041751     
   3.8200000000000003       0.46538475281912045      -0.11033859041619742     
   3.8399999999999999       0.46647802468423882      -0.10475890386408770     
   3.8599999999999999       0.46759428875864673       -9.9540968847398659E-002
   3.8799999999999999       0.46852162361173821       -9.3827151979962151E-002
   3.8999999999999999       0.46944586726698551       -8.8471767297265524E-002
   3.9199999999999999       0.47020636261388132       -8.2659613609086927E-002
   3.9399999999999999       0.47093729980450200       -7.7201095628982530E-002
   3.9600000000000000       0.47153105515028659       -7.1326028406187694E-002
   3.9800000000000000       0.47206843282739847       -6.5798310077171102E-002
   4.0000000000000000       0.47249652679795773       -5.9895213044866474E-002
   4.0200000000000005       0.47284110387728828       -5.4331681068024329E-002
   4.0400000000000000       0.47310556658237263       -4.8434734370899082E-002
   4.0600000000000005       0.47325908832376840       -4.2868071849185785E-002
   4.0800000000000001       0.47336286916524906       -3.7010594121240609E-002
   4.0999999999999996       0.47332803716578387       -3.1472629410158520E-002
   4.1200000000000001       0.47327496831614679       -2.5686926650293297E-002
   4.1399999999999997       0.47305540633865756       -2.0208489094559461E-002
   4.1600000000000001       0.47285016213479819       -1.4525711022176617E-002
   4.1799999999999997       0.47245037801200318       -9.1364942195428806E-003
   4.2000000000000002       0.47209843052796296       -3.5864987386527002E-003
   4.2199999999999998       0.47152377439916965        1.6850680742901396E-003
   4.2400000000000002       0.47103134547850178        7.0738417224769142E-003
   4.2599999999999998       0.47028796463121320        1.2200713616665675E-002
   4.2800000000000002       0.46966197467510212        1.7401362483725872E-002
   4.2999999999999998       0.46875676527751314        2.2357989621667105E-002
   4.3200000000000003       0.46800477909853144        2.7345254988915990E-002
   4.3399999999999999       0.46694533512091196        3.2107683805328725E-002
   4.3600000000000003       0.46607550518431773        3.6858049007389988E-002
   4.3799999999999999       0.46487006481756094        4.1404013400560449E-002
   4.4000000000000004       0.46389107220227027        4.5895791172135214E-002
   4.4199999999999999       0.46254846209040179        5.0204793376735987E-002
   4.4400000000000004       0.46146945551017321        5.4418202417407066E-002
   4.4600000000000000       0.45999903312034424        5.8471583287313195E-002
   4.4800000000000004       0.45882956635225780        6.2388813798488332E-002
   4.5000000000000000       0.45724116081066468        6.6169812286722071E-002
   4.5200000000000005       0.45599112888264770        6.9775080294774069E-002
   4.5400000000000000       0.45429498060792672        7.3268881976807865E-002
   4.5600000000000005       0.45297455509986279        7.6548472316785479E-002
   4.5800000000000001       0.45118125456680219        7.9742246862709268E-002
   4.6000000000000005       0.44980081838066327        8.2684544757346115E-002
   4.6200000000000001       0.44792124434657243        8.5567472317542637E-002
   4.6399999999999997       0.44649132630004695        8.8162983546361665E-002
   4.6600000000000001       0.44453658382384637        9.0726270074018636E-002
   4.6799999999999997       0.44306779341912189        9.2967629786799982E-002
   4.7000000000000002       0.44104915199919986        9.5204511378513726E-002
   4.7199999999999998       0.43955211471393063        9.7086481665955043E-002
   4.7400000000000002       0.43748094686509714        9.8992218058546091E-002
   4.7599999999999998       0.43596624030618369       0.10051167445029453     
   4.7800000000000002       0.43385396088868855       0.10208353186747125     
   4.7999999999999998       0.43233205214137188       0.10323943898355326     
   4.8200000000000003       0.43019005874600363       0.10447666257994405     
   4.8399999999999999       0.42867124324098715       0.10527003921568229     
   4.8600000000000003       0.42651085792379623       0.10617381541774107     
   4.8799999999999999       0.42500520013372417       0.10660768939425817     
   4.9000000000000004       0.42283761278199639       0.10718109848737624     
   4.9199999999999999       0.42135488904571078       0.10726045164948758     
   4.9400000000000004       0.41919110264353410       0.10750841100807422     
   4.9600000000000000       0.41774074640218695       0.10724011479852623     
   4.9800000000000004       0.41559152444939479       0.10716931320062449     
   5.0000000000000000       0.41418257416279697       0.10656205528401644     
   5.0200000000000005       0.41205839048532977       0.10618087879398620     
   5.0400000000000000       0.41069944047996648       0.10524508124511332     
   5.0600000000000005       0.40861043165286598       0.10456353118684758     
   5.0800000000000001       0.40730958613490326       0.10331126079643170     
   5.1000000000000005       0.40526550672134848       0.10234086437529508     
   5.1200000000000001       0.40403033716880027       0.10078573566095246     
   5.1399999999999997       0.40204051795991552        9.9539449824984694E-002
   5.1600000000000001       0.40087802408804535        9.7696521366666733E-002
   5.1799999999999997       0.39895133350877088        9.6188630526436336E-002
   5.2000000000000002       0.39786790798188254        9.4074295273332512E-002
   5.2199999999999998       0.39601271680811423        9.2320303525036757E-002
   5.2400000000000002       0.39501411384925661        8.9952173744937053E-002
   5.2599999999999998       0.39323826336084644        8.7968692262820822E-002
   5.2800000000000002       0.39232957138873947        8.5365479825103591E-002
   5.2999999999999998       0.39064034506192413        8.3170110106930734E-002
   5.3200000000000003       0.38982596346172793        8.0351502806598918E-002
   5.3399999999999999       0.38823006228323909        7.7962716469694493E-002
   5.3600000000000003       0.38751368239475892        7.4949251112177706E-002
   5.3799999999999999       0.38601720385838445        7.2386266947427266E-002
   5.4000000000000004       0.38540179424205528        6.9199199922169261E-002
   5.4199999999999999       0.38401021506688993        6.6481858919294395E-002
   5.4400000000000004       0.38349801108453868        6.3143034994447261E-002
   5.4600000000000000       0.38221617367270166        6.0291674053875914E-002
   5.4800000000000004       0.38180867139676877        5.6823394124737948E-002
   5.5000000000000000       0.38064077402709701        5.3858719169478257E-002
   5.5200000000000005       0.38033872846883143        5.0283607689676157E-002
   5.5400000000000000       0.37928831920209621        4.7226566884827618E-002
   5.5600000000000005       0.37909174682634228        4.3567439701713020E-002
   5.5800000000000001       0.37816172107699808        4.0439097479674738E-002
   5.6000000000000005       0.37806990654868672        3.6718830784056765E-002
   5.6200000000000001       0.37726250825815655        3.3540243360205217E-002
   5.6399999999999997       0.37727401534361116        2.9781644445473165E-002
   5.6600000000000001       0.37659084167074952        2.6573737492187784E-002
   5.6799999999999997       0.37670352819553266        2.2799417999208867E-002
   5.7000000000000002       0.37614553762128988        1.9582867125748062E-002
   5.7199999999999998       0.37635657436565362        1.5815119427791506E-002
   5.7400000000000002       0.37592409809119093        1.2610234089809359E-002
   5.7599999999999998       0.37622999148435998        8.8709114463048980E-003
   5.7800000000000002       0.37592274798502567        5.6975228819112402E-003
   5.7999999999999998       0.37631936644062869        2.0079239612702396E-003
   5.8200000000000003       0.37613647902239167       -1.1147222793465470E-003
   5.8399999999999999       0.37661908273945860       -4.7339639391475487E-003
   5.8600000000000003       0.37655909992968262       -7.7873103362006016E-003
   5.8799999999999999       0.37712237396682652       -1.1316331394847281E-002
   5.9000000000000004       0.37718329255773358       -1.4282605174477402E-002
   5.9199999999999999       0.37782138297251294       -1.7702411586730405E-002
   5.9400000000000004       0.37800067352339045       -2.0564715348169869E-002
   5.9600000000000000       0.37870722635447379       -2.3857275032937202E-002
   5.9800000000000004       0.37900186094768717       -2.6599670865688568E-002
   6.0000000000000000       0.37977006380437744       -2.9747999529390744E-002
   6.0200000000000005       0.38017654584060750       -3.2355586240477727E-002
   6.0400000000000000       0.38099917185258730       -3.5343825980307726E-002
   6.0600000000000005       0.38151356766246042       -3.7802809094976776E-002
   6.0800000000000001       0.38238302153233561       -4.0616299452179691E-002
   6.1000000000000005       0.38300099357479034       -4.2914053696135747E-002
   6.1200000000000001       0.38390935946718041       -4.5539394875247066E-002
   6.1400000000000006       0.38462620087953830       -4.7664518892330796E-002
   6.1600000000000001       0.38556529187311672       -5.0089626909151412E-002
   6.1799999999999997       0.38637596213391728       -5.2031990015040316E-002
   6.2000000000000002       0.38733737095696891       -5.4246143583720811E-002
   6.2199999999999998       0.38823653242019279       -5.5996924403493541E-002
   6.2400000000000002       0.38921168318594096       -5.7990803421179737E-002
   6.2599999999999998       0.39019373824428394       -5.9542520306151162E-002
   6.2800000000000002       0.39117393889945473       -6.1308235841937335E-002
   6.2999999999999998       0.39223306753481529       -6.2654769008782793E-002
   6.3200000000000003       0.39320956273364910       -6.4185884751959799E-002
   6.3399999999999999       0.39433976021493949       -6.5322490134534048E-002
   6.3600000000000003       0.39530378433112090       -6.6614035305042091E-002
   6.3799999999999999       0.39649889882287553       -6.7537350156199466E-002
   6.4000000000000004       0.39744172881361345       -6.8585823927539216E-002
   6.4199999999999999       0.39869549866362020       -6.9293864254419954E-002
   6.4400000000000004       0.39960850650334750       -7.0097231785786765E-002
   6.4600000000000000       0.40091459698362147       -7.0589381747200197E-002
   6.4800000000000004       0.40178930138946339       -7.1147061967037198E-002
   6.5000000000000000       0.40314134067227114       -7.1424055405504325E-002
   6.5200000000000005       0.40396945784951599       -7.1736900732783118E-002
   6.5400000000000000       0.40536107200878657       -7.1800795056265729E-002
   6.5600000000000005       0.40613456515203328       -7.1871063288368994E-002
   6.5800000000000001       0.40755941199029611       -7.1725205957489144E-002
   6.6000000000000005       0.40827053928469925       -7.1556524594369411E-002
   6.6200000000000001       0.40972234079660036       -7.1205512509800090E-002
   6.6400000000000006       0.41036370167362340       -7.0802835822916868E-002
   6.6600000000000001       0.41183627496901598       -7.0252467944405012E-002
   6.6799999999999997       0.41240085438227486       -6.9622027135604544E-002
   6.7000000000000002       0.41388814090477599       -6.8879250698586039E-002
   6.7199999999999998       0.41436935140383468       -6.8028497528403065E-002
   6.7400000000000002       0.41586544429450567       -6.7101348256216123E-002
   6.7599999999999998       0.41625716568779902       -6.6038892552879910E-002
   6.7800000000000002       0.41775633515814836       -6.4936429292022563E-002
   6.7999999999999998       0.41805295157047362       -6.3671970781588177E-002
   6.8200000000000003       0.41954966816420980       -6.2404205014158512E-002
   6.8399999999999999       0.41974610230936249       -6.0948459938524317E-002
   6.8600000000000003       0.42123505794813798       -5.9526280649805093E-002
   6.8799999999999999       0.42132680245318138       -5.7890903662799226E-002
   6.9000000000000004       0.42280292917787349       -5.6325998062795667E-002
   6.9199999999999999       0.42278607481213132       -5.4523499914916340E-002
   6.9400000000000004       0.42424456114789327       -5.2828270530438509E-002
   6.9600000000000000       0.42411582182694801       -5.0871932070130806E-002
   6.9800000000000004       0.42555212671723591       -4.9059410738659139E-002
   7.0000000000000000       0.42530886116990213       -4.6963193772137861E-002
   7.0200000000000005       0.42671872544183026       -4.5046953080169594E-002
   7.0400000000000000       0.42635895544615565       -4.2825408642705572E-002
   7.0600000000000005       0.42773841078675201       -4.0819471359516642E-002
   7.0800000000000001       0.42726083589947655       -3.8487645958762501E-002
   7.1000000000000005       0.42860621133959526       -3.6406393021518227E-002
   7.1200000000000001       0.42801022006207035       -3.3979733417847796E-002
   7.1400000000000006       0.42931814598176243       -3.1837811025759076E-002
   7.1600000000000001       0.42860382332399743       -2.9332068115739449E-002
   7.1799999999999997       0.42987123300994340       -2.7144294489510432E-002
   7.2000000000000002       0.42903936443310281       -2.4575426856542824E-002
   7.2199999999999998       0.43026349323516722       -2.2356699214730505E-002
   7.2400000000000002       0.42931556497139139       -1.9740776905629628E-002
   7.2599999999999998       0.43049394712137301       -1.7505979201792823E-002
   7.2800000000000002       0.42943214288813852       -1.4859088279686091E-002
   7.2999999999999998       0.43056260605926078       -1.2623000233415584E-002
   7.3200000000000003       0.42938980020353934       -9.9611486459127221E-003
   7.3399999999999999       0.43047045790406502       -7.7383565870976908E-003
   7.3600000000000003       0.42919020502918814       -5.0773818743044706E-003
   7.3799999999999999       0.43021944693766040       -2.8821919034106112E-003
   7.4000000000000004       0.42883596808296198       -2.3767125315012853E-004
   7.4199999999999999       0.42981244844588545        1.9159747990144345E-003
   7.4400000000000004       0.42833061390579064        4.5288116613253189E-003
   7.4600000000000000       0.42925323813099664        6.6274170127609798E-003
   7.4800000000000004       0.42767854701617170        9.1937716346108984E-003
   7.5000000000000000       0.42854645660658469        1.1224361632909529E-002
   7.5200000000000005       0.42688501326498135        1.3729946905483452E-002
   7.5400000000000000       0.42769756924795577        1.5680141999534269E-002
   7.5600000000000005       0.42595605667800662        1.8111258075834635E-002
   7.5800000000000001       0.42671282169477287        1.9969342296408947E-002
   7.6000000000000005       0.42489847209655307        2.2312947972926177E-002
   7.6200000000000001       0.42559919132454593        2.4067932570665099E-002
   7.6400000000000006       0.42371975394735323        2.6311711779864369E-002
   7.6600000000000001       0.42436433503525001        2.7953393701469289E-002
   7.6799999999999997       0.42242804149171675        3.0085816795076464E-002
   7.7000000000000002       0.42301653369284714        3.1604831712281969E-002
   7.7199999999999998       0.42103206092033529        3.3615211249529001E-002
   7.7400000000000002       0.42156463361470919        3.5003080890512385E-002
   7.7599999999999998       0.41954106467431523        3.6881621680928497E-002
   7.7800000000000002       0.42001798547282526        3.8130795249963559E-002
   7.7999999999999998       0.41796476838480034        3.9868638436755137E-002
   7.8200000000000003       0.41838638101117753        4.0972527944931739E-002
   7.8399999999999999       0.41631328583292188        4.2561788952259608E-002
   7.8600000000000003       0.41667998797974737        4.3514798319742656E-002
   7.8799999999999999       0.41459706233874988        4.4948598525056921E-002
   7.9000000000000004       0.41490928369325319        4.5746146353425790E-002
   7.9199999999999999       0.41282680699239915        4.7018638384230795E-002
   7.9400000000000004       0.41308498762591112        4.7657174335699895E-002
   7.9600000000000000       0.41101342414247066        4.8763560928471374E-002
   7.9800000000000004       0.41121799345426296        4.9240575687022087E-002
   8.0000000000000000       0.40916794455659694        5.0177122084262726E-002
   8.0199999999999996       0.40931930095845287        5.0491150911696946E-002
   8.0400000000000009       0.40730145666603862        5.1255190811075726E-002
   8.0600000000000005       0.40739994818828906        5.1405810748515891E-002
   8.0800000000000001       0.40542503830108917        5.1995745855475652E-002
   8.0999999999999996       0.40547094429405328        5.1983566657673355E-002
   8.1200000000000010       0.40354968931654295        5.2398859929599736E-002
   8.1400000000000006       0.40354320341337707        5.2225508855370070E-002
   8.1600000000000001       0.40168626549673458        5.2466671561189782E-002
   8.1799999999999997       0.40162747999466586        5.2134772178162092E-002
   8.1999999999999993       0.39984541411774777        5.2203344931882820E-002
   8.2200000000000006       0.39973430592460563        5.1716490127360168E-002
   8.2400000000000002       0.39803751153040567        5.1615018087390739E-002
   8.2599999999999998       0.39787392981233022        5.0977737509257798E-002
   8.2799999999999994       0.39627260311170109        5.0709739967176641E-002
   8.3000000000000007       0.39605625876596645        4.9927462149316967E-002
   8.3200000000000003       0.39456034591451106        4.9497396761921608E-002
   8.3399999999999999       0.39429080297862834        4.8576406217338483E-002
   8.3599999999999994       0.39290995432588971        4.7989628164150970E-002
   8.3800000000000008       0.39258662342062639        4.6937017755781206E-002
   8.4000000000000004       0.39133014902307900        4.6199734130559410E-002
   8.4199999999999999       0.39095228291282841        4.5023353054488804E-002
   8.4399999999999995       0.38982910949375271        4.4142572823567990E-002
   8.4600000000000009       0.38939580083289704        4.2850970561875167E-002
   8.4800000000000004       0.38841443036306506        4.1834450444219316E-002
   8.5000000000000000       0.38792461168168457        4.0436817064880316E-002
   8.5199999999999996       0.38709308174496138        3.9293003708452033E-002
   8.5400000000000009       0.38654552771154271        3.7799106907533742E-002
   8.5600000000000005       0.38587137380908115        3.6537075753904344E-002
   8.5800000000000001       0.38526470579186456        3.4957195050577851E-002
   8.5999999999999996       0.38475492572760678        3.3586586294518626E-002
   8.6200000000000010       0.38408761865997798        3.1931444802166212E-002
   8.6400000000000006       0.38374863913874763        3.0462396865226424E-002
   8.6600000000000001       0.38301903067772552        2.8743091072045944E-002
   8.6799999999999997       0.38285667623536990        2.7186172018786880E-002
   8.7000000000000011       0.38206297818585938        2.5414100018778071E-002
   8.7200000000000006       0.38208244255875146        2.3780237351364773E-002
   8.7400000000000002       0.38122275451992427        2.1967025971392440E-002
   8.7599999999999998       0.38142857454873497        2.0267435242631179E-002
   8.7799999999999994       0.38050089972276208        1.8424866513395758E-002
   8.8000000000000007       0.38089693187283413        1.6670979200046190E-002
   8.8200000000000003       0.37989919496032276        1.4810916618263354E-002
   8.8399999999999999       0.38048859452829170        1.3014307695566624E-002
   8.8599999999999994       0.37941866161926818        1.1148622721491017E-002
   8.8800000000000008       0.38020386468285278        9.3209383763702379E-003
   8.9000000000000004       0.37905956503707744        7.4614376050363054E-003
   8.9199999999999999       0.38004227319227291        5.6143235193909912E-003
   8.9399999999999995       0.37882142278815933        3.7726769556430686E-003
   8.9600000000000009       0.38000259070547854        1.9177075826356236E-003
   8.9800000000000004       0.37870301742300994        1.0537843925192926E-004
   9.0000000000000000       0.38008284324199509       -1.7460123154519548E-003
   9.0199999999999996       0.37870241353186418       -3.5178358903850985E-003
   9.0400000000000009       0.38028033210090062       -5.3544221837200116E-003
   9.0600000000000005       0.37881697897972966       -7.0748930594572495E-003
   9.0800000000000001       0.38059165793629057       -8.8857224391843733E-003
   9.0999999999999996       0.37904341013628717       -1.0544397761866282E-002
   9.1200000000000010       0.38101274881118391       -1.2318853942288814E-002
   9.1400000000000006       0.37937776090202935       -1.3905755347899658E-002
   9.1600000000000001       0.38153889202008706       -1.5633618087002126E-002
   9.1799999999999997       0.37981547531129961       -1.7139288535811564E-002
   9.2000000000000011       0.38216476945017486       -1.8810790289170747E-002
   9.2200000000000006       0.38035142347370288       -2.0226347213049650E-002
   9.2400000000000002       0.38288449623235110       -2.1832226262976245E-002
   9.2599999999999998       0.38097994059778173       -2.3149410741905921E-002
   9.2799999999999994       0.38369166241641234       -2.4680960524931690E-002
   9.3000000000000007       0.38169486882497894       -2.5892182235402763E-002
   9.3200000000000003       0.38457937738923970       -2.7341296617265472E-002
   9.3399999999999999       0.38248960158781770       -2.8439674322917566E-002
   9.3599999999999994       0.38554031674146000       -2.9798888597447178E-002
   9.3800000000000008       0.38335713019398837       -3.0778285981058227E-002
   9.4000000000000004       0.38656677127641031       -3.2040813397658512E-002
   9.4199999999999999       0.38429009232769468       -3.2895870063272437E-002
   9.4399999999999995       0.38765069784556061       -3.4055633716844169E-002
   9.4600000000000009       0.38528082215122267       -3.4781791221244016E-002
   9.4800000000000004       0.38878377168683592       -3.5833451168227629E-002
   9.5000000000000000       0.38632140168328855       -3.6426973971931481E-002
   9.5199999999999996       0.38995743993655979       -3.7365949466474903E-002
   9.5400000000000009       0.38740371312631272       -3.7823940725766073E-002
   9.5600000000000005       0.39116297598203009       -3.8646427500662564E-002
   9.5800000000000001       0.38851949181236706       -3.8966839653675429E-002
   9.5999999999999996       0.39239153432003909       -3.9669822201481776E-002
   9.6200000000000010       0.38966037943714898       -3.9851462332862839E-002
   9.6400000000000006       0.39363420558695500       -4.0432721173316817E-002
   9.6600000000000001       0.39081797725292827       -4.0475251173281220E-002
   9.6799999999999997       0.39488207142827109       -4.0933365123606701E-002
   9.7000000000000011       0.39198389889497132       -4.0837296688131103E-002
   9.7200000000000006       0.39612625887977004       -4.1171640182871429E-002
   9.7400000000000002       0.39314982252142683       -4.0938324732125587E-002
   9.7599999999999998       0.39735799393860288       -4.1149060268606111E-002
   9.7799999999999994       0.39430754195401541       -4.0780673890354127E-002
   9.8000000000000007       0.39856865401058988       -4.0868739704573678E-002
   9.8200000000000003       0.39544901651603509       -4.0368263258002891E-002
   9.8399999999999999       0.39974981892985390       -4.0335356363528002E-002
   9.8599999999999994       0.39656641927511421       -3.9706550906627919E-002
   9.8800000000000008       0.40089332025841617       -3.9555105655755797E-002
   9.9000000000000004       0.39765218341072489       -3.8802483385816891E-002
   9.9199999999999999       0.40199128858654393       -3.8535645737734783E-002
   9.9399999999999995       0.39869904644063053       -3.7664436659621964E-002
   9.9600000000000009       0.40303619856933931       -3.7286034364380494E-002
   9.9800000000000004       0.39970009205607965       -3.6302148924822059E-002
   10.000000000000000       0.40402091145120483       -3.5816657854527319E-002
   10.020000000000000       0.40064878933256975       -3.4726645802620519E-002
   10.040000000000001       0.40493871484730043       -3.4139152682212473E-002
   10.060000000000000       0.40153902910127776       -3.2950158436565243E-002
   10.080000000000000       0.40578335956980471       -3.2266320245777233E-002
   10.100000000000000       0.40236515728566319       -3.0986035067077405E-002
   10.120000000000001       0.40654909330659034       -3.0212035402563637E-002
   10.140000000000001       0.40312200502817758       -2.8848646686798117E-002
   10.160000000000000       0.40723069098068643       -2.7991149388884716E-002
   10.180000000000000       0.40380491545331865       -2.6553287410841075E-002
   10.200000000000001       0.40782348164050275       -2.5619387772825599E-002
   10.220000000000001       0.40440976693532360       -2.4116070221828070E-002
   10.240000000000000       0.40832337175309008       -2.3113244111159083E-002
   10.260000000000000       0.40493299276145445       -2.1553818771164589E-002
   10.279999999999999       0.40872686479557047       -2.0489870001126280E-002
   10.300000000000001       0.40537159710495557       -1.8883955935290984E-002
   10.320000000000000       0.40903107706314690       -1.7766962232960728E-002
   10.340000000000000       0.40572316724520813       -1.6124389838554565E-002
   10.359999999999999       0.40923374963565057       -1.4962647759769590E-002
   10.380000000000001       0.40598588199622854       -1.3293398062849307E-002
   10.400000000000000       0.40933325646825985       -1.2095367207701614E-002
   10.420000000000000       0.40615851632831013       -1.0409510768249693E-002
   10.440000000000000       0.40932860859568565       -9.1837576512288459E-003
   10.460000000000001       0.40624044219114525       -7.4913934485372619E-003
   10.480000000000000       0.40921945446261893       -6.2465353758745677E-003
   10.500000000000000       0.40623162557004838       -4.5577300408228558E-003
   10.520000000000000       0.40900607641643671       -3.3023793438868984E-003
   10.540000000000001       0.40613261982978682       -1.6271070994707706E-003
   10.560000000000000       0.40868938342092614       -3.6981606726520016E-004
   10.580000000000000       0.40594455542287994        1.2821002686752123E-003
   10.600000000000000       0.40827090007197692        2.5328934227009585E-003
   10.620000000000001       0.40566912606091954        4.1518400280629985E-003
   10.640000000000001       0.40775275201768335        5.3878638394943175E-003
   10.660000000000000       0.40530857146836258        6.9644917387511798E-003
   10.680000000000000       0.40713764790596124        8.1776924922962683E-003
   10.700000000000001       0.40486565685823722        9.7029713478672900E-003
   10.720000000000001       0.40642885800250922        1.0885562103888189E-002
   10.740000000000000       0.40434364928816596        1.2350831643442228E-002
   10.760000000000000       0.40563018964061287        1.3495339005993246E-002
   10.779999999999999       0.40374629107293986        1.4892357797902961E-002
   10.800000000000001       0.40474595968180449        1.5991666156169617E-002
   10.820000000000000       0.40307777044647891        1.7312657463727021E-002
   10.840000000000000       0.40378096418265436        1.8360050457070301E-002
   10.859999999999999       0.40234268968129022        1.9597744921919041E-002
   10.880000000000001       0.40274044547789484        2.0586943898398970E-002
   10.900000000000000       0.40154603088741198        2.1734618824805457E-002
   10.920000000000000       0.40163005690358927        2.2659818083952229E-002
   10.940000000000000       0.40069311972522925        2.3711333117888214E-002
   10.960000000000001       0.40045582539608610        2.4567231750469938E-002
   10.980000000000000       0.39978958727741076        2.5517060770870070E-002
   11.000000000000000       0.39922411221298604        2.6298890931329481E-002
   11.020000000000000       0.39884133033448543        2.7142149995170124E-002
   11.040000000000001       0.39794157203124786        2.7845701466120309E-002
   11.060000000000000       0.39785447035621585        2.8578172673988166E-002
   11.080000000000000       0.39661511068482946        2.9199813606517765E-002
   11.100000000000000       0.39683531137689826        2.9817964780943083E-002
   11.120000000000001       0.39525184180987594        3.0354658519330356E-002
   11.140000000000001       0.39579029712700287        3.0855658614192080E-002
   11.160000000000000       0.39385904266940852        3.1304976538809176E-002
   11.180000000000000       0.39472596764615531        3.1686706724419478E-002
   11.200000000000001       0.39244410943173003        3.2046837071966830E-002
   11.220000000000001       0.39364891566334470        3.2307897466851088E-002
   11.240000000000000       0.39101451217734512        3.2577650112441424E-002
   11.260000000000000       0.39256574301943858        3.2717362159188253E-002
   11.279999999999999       0.38957774990811173        3.2896169370045442E-002
   11.300000000000001       0.39148301740460623        3.2914573878753205E-002
   11.320000000000000       0.38814130582961437        3.3002487074250651E-002
   11.340000000000000       0.39040722967913055        3.2900337982887537E-002
   11.359999999999999       0.38671260317341299        3.2898020560174684E-002
   11.380000000000001       0.38934475204035990        3.2676774486447693E-002
   11.400000000000000       0.38529896181991458        3.2585490794855808E-002
   11.420000000000000       0.38830179729126646        3.2247292478803140E-002
   11.440000000000000       0.38390755597518722        3.2068893049441841E-002
   11.460000000000001       0.38728437945728944        3.1616556809781281E-002
   11.480000000000000       0.38254537314614961        3.1353459969100078E-002
   11.500000000000000       0.38629827598791738        3.0790447319246753E-002
   11.520000000000000       0.38121917464828581        3.0445617336711615E-002
   11.540000000000001       0.38534899176787596        2.9776010928192483E-002
   11.560000000000000       0.37993545786843430        2.9352932868494136E-002
   11.580000000000000       0.38444172514991398        2.8581406950111399E-002
   11.600000000000000       0.37870042049236075        2.8084058419364736E-002
   11.620000000000001       0.38358133620711404        2.7215846019781532E-002
   11.640000000000001       0.37751992689283587        2.6648666012887845E-002
   11.660000000000000       0.38277231738748252        2.5689523072221370E-002
   11.680000000000000       0.37639947685889669        2.5057378144849301E-002
   11.700000000000001       0.38201876673740137        2.4013544837262240E-002
   11.720000000000001       0.37534417683097254        2.3321692840671236E-002
   11.740000000000000       0.38132436384345342        2.2199852344764914E-002
   11.760000000000000       0.37435871378971075        2.1453903974867891E-002
   11.779999999999999       0.38069234862427581        2.0261138961823386E-002
   11.800000000000001       0.37344733192875157        1.9467017385395167E-002
   11.820000000000000       0.38012550308556353        1.8210764506215324E-002
   11.840000000000000       0.37261381222348861        1.7374663336942417E-002
   11.859999999999999       0.37962613613225660        1.6062665999763116E-002
   11.880000000000001       0.37186145498912759        1.5191005904851982E-002
   11.900000000000000       0.37919607151241702        1.3831265641071282E-002
   11.920000000000000       0.37119306550224029        1.2930649865350639E-002
   11.940000000000000       0.37883663894745995        1.1531376589236770E-002
   11.960000000000001       0.37061094274061990        1.0608545688080465E-002
   11.980000000000000       0.37854866848336405        9.1781071585434418E-003
   12.000000000000000       0.37011687127670245        8.2398932334910163E-003
   12.020000000000000       0.37833248807737913        6.7867640288283727E-003
   12.040000000000001       0.36971211634024204        5.8400447604891369E-003
   12.060000000000000       0.37818792441469001        4.3727550771465677E-003
   12.080000000000000       0.36939742204643983        3.4244078488494464E-003
   12.100000000000000       0.37811430692960957        1.9514924335858048E-003
   12.120000000000001       0.36917301276644221        1.0083488363025433E-003
   12.140000000000001       0.37811047498627820       -4.6170364235889215E-004
   12.160000000000000       0.36903859759816027       -1.3929026380035663E-003
   12.180000000000000       0.37817478815465988       -2.8516994784828415E-003
   12.200000000000001       0.36899337787683240       -3.7643474037510677E-003
   12.220000000000001       0.37830513949895744       -5.2036407268231197E-003
   12.240000000000000       0.36903605764676672       -6.0913082787248819E-003
   12.260000000000000       0.37849897177753433       -7.5030425649937355E-003
   12.280000000000001       0.36916485699836021       -8.3595187909948371E-003
   12.300000000000001       0.37875329643612765       -9.7358768262499288E-003
   12.320000000000000       0.36937752815790331       -1.0555208579655747E-002
   12.340000000000000       0.37906471525967300       -1.1888655545959918E-002
   12.359999999999999       0.36967137420193380       -1.2665184974573352E-002
   12.380000000000001       0.37942944453252286       -1.3948510438445276E-002
   12.400000000000000       0.37004327025309114       -1.4676910283243926E-002
   12.420000000000000       0.37984334154232080       -1.5903267847199566E-002
   12.440000000000000       0.37048968700062768       -1.6578574343203232E-002
   12.460000000000001       0.38030193324937073       -1.7741518743109287E-002
   12.480000000000000       0.37100671637602844       -1.8359161931209737E-002
   12.500000000000000       0.38080044693108894       -1.9452683379267845E-002
