   0.0000000000000000        1.0000000000000000        0.0000000000000000     
   2.0000000000000000E-002   1.0000000000000000        0.0000000000000000     
   4.0000000000000001E-002  0.99944048528751284        2.0000000000000000E-002
   5.9999999999999998E-002  0.99776179912922169        4.0000000000000001E-002
   8.0000000000000002E-002  0.99608484714064216        5.9934414959172941E-002
  0.10000000000000001       0.99329246510199676        7.9868830179204278E-002
  0.12000000000000000       0.99050372649519280        9.9672302671325902E-002
  0.14000000000000001       0.98660702918287169       0.11947580209829058     
  0.16000000000000000       0.98271604789342093       0.13908346757396217     
  0.17999999999999999       0.97772828433423964       0.15869123915102470     
  0.20000000000000001       0.97274845791739573       0.17803898917524108     
  0.22000000000000000       0.96668669260566142       0.19738700270419385     
  0.23999999999999999       0.96063521630882798       0.21641174497835655     
  0.26000000000000001       0.95352026015363467       0.23543701154431002     
  0.28000000000000003       0.94641805497244291       0.25407692553585853     
  0.29999999999999999       0.93827438045073353       0.27271775227962464     
  0.32000000000000001       0.93014600549575588       0.29091253930208372     
  0.34000000000000002       0.92100164639000415       0.30910877838721901     
  0.35999999999999999       0.91187519596367583       0.32679990499857864     
  0.38000000000000000       0.90176163213442018       0.34449319564715886     
  0.40000000000000002       0.89166861798854669       0.36162412926503396     
  0.41999999999999998       0.88062064570140675       0.37875813176874940     
  0.44000000000000000       0.86959586501437192       0.39527456743660033     
  0.46000000000000002       0.85765145340825744       0.41179518808756871     
  0.47999999999999998       0.84573284308737395       0.42764526536727415     
  0.50000000000000000       0.83293297743502170       0.44350087129591714     
  0.52000000000000002       0.82016145541305463       0.45863538030801326     
  0.54000000000000004       0.80654996788646860       0.47377700326325783     
  0.56000000000000005       0.79296926214187835       0.48814957894701205     
  0.57999999999999996       0.77859265085338170       0.50253110710675264     
  0.59999999999999998       0.76424911694095288       0.51609841082770480     
  0.62000000000000000       0.74915635408506920       0.52967676778466455     
  0.64000000000000001       0.73409878201700585       0.54239865547709998     
  0.66000000000000003       0.71834111198897010       0.55513396560668937     
  0.68000000000000005       0.70262052335593950       0.56697364170243125     
  0.70000000000000007       0.68625125176900970       0.57882938118463301     
  0.71999999999999997       0.66992068803573079       0.58975353764724914     
  0.73999999999999999       0.65299496260136358       0.60069667048362763     
  0.76000000000000001       0.63610926555188807       0.61067561033830742     
  0.78000000000000003       0.61868384982400471       0.62067670877760761     
  0.80000000000000004       0.60129943516759787       0.62968445360121550     
  0.82000000000000006       0.58343247618439054       0.63871780246229726     
  0.83999999999999997       0.56560710136366377       0.64673218337506799     
  0.85999999999999999       0.54735789224747444       0.65477586783372221     
  0.88000000000000000       0.52915041951597142       0.66177859961332219     
  0.90000000000000002       0.51057915811356713       0.66881457609941786     
  0.92000000000000004       0.49204931397020579       0.67479131411923010     
  0.94000000000000006       0.47321685863214230       0.68080546405220821     
  0.95999999999999996       0.45442499071464870       0.68574584382826786     
  0.97999999999999998       0.43539261432326903       0.69072801000178796     
   1.0000000000000000       0.41639944687192115       0.69462566921635038     
   1.0200000000000000       0.39722859023282658       0.69856967472644749     
   1.0400000000000000       0.37809497923941293       0.70142225768025301     
   1.0600000000000001       0.35884700495094812       0.70432590737522505     
   1.0800000000000001       0.33963369410582595       0.70613505190467285     
   1.1000000000000001       0.32036964201525892       0.70800011641862848     
   1.1200000000000001       0.30113702055779973       0.70877142339783494     
   1.1400000000000001       0.28191736590150906       0.70960360591293592     
   1.1599999999999999       0.26272522946610571       0.70934659154356927     
   1.1799999999999999       0.24360964477429717       0.70915547750805696     
   1.2000000000000000       0.22451696030558002       0.70788350868147631     
   1.2200000000000000       0.20556408212997196       0.70668249879114509     
   1.2400000000000000       0.18662875791706779       0.70441271188729293     
   1.2600000000000000       0.16789595941276000       0.70221893871674357     
   1.2800000000000000       0.14917462126349323       0.69897214228203930     
   1.3000000000000000       0.13071779162405409       0.69580637102841869     
   1.3200000000000001       0.11226556616612279       0.69160693285017849     
   1.3400000000000001        9.4138897874003188E-002  0.68749344672580548     
   1.3600000000000001        7.6009203931579838E-002  0.68236916589310359     
   1.3800000000000001        5.8264988744523141E-002  0.67733563677403907     
   1.4000000000000001        4.0509337695670472E-002  0.67131760138407504     
   1.4199999999999999        2.3197772244088234E-002  0.66539494638898811     
   1.4399999999999999        5.8655782171028251E-003  0.65851737762360885     
   1.4600000000000000       -1.0965419962302034E-002  0.65173960236090933     
   1.4800000000000000       -2.7827019246726488E-002  0.64403968571965808     
   1.5000000000000000       -4.4131984469199213E-002  0.63644371500052721     
   1.5200000000000000       -6.0478295457969899E-002  0.62796141953417339     
   1.5400000000000000       -7.6214374725714448E-002  0.61958691640457475     
   1.5600000000000001       -9.2003303701702774E-002  0.61036480284627470     
   1.5800000000000001      -0.10713040496046858       0.60125397684203175     
   1.6000000000000001      -0.12232260098670407       0.59133699558185282     
   1.6200000000000001      -0.13680352821143521       0.58153440115723298     
   1.6400000000000001      -0.15136251278257445       0.57096968104954515     
   1.6600000000000001      -0.16516308736475147       0.56052200717130762     
   1.6799999999999999      -0.17905537026363721       0.54935863620333125     
   1.7000000000000000      -0.19214453824022265       0.53831448813871841     
   1.7200000000000000      -0.20533971916577912       0.52660328702216108     
   1.7400000000000000      -0.21768964389876744       0.51501296138070651     
   1.7600000000000000      -0.23016049950163303       0.50280625115679556     
   1.7800000000000000      -0.24174663948777067       0.49072150527196373     
   1.8000000000000000      -0.25346919552160996       0.47807287004318300     
   1.8200000000000001      -0.26427036708355850       0.46554668680066086     
   1.8400000000000001      -0.27522395545258066       0.45251073272003600     
   1.8600000000000001      -0.28522238013530982       0.43959708195488773     
   1.8800000000000001      -0.29538968069180566       0.42622919361568118     
   1.9000000000000001      -0.30457101726098595       0.41298279121050380     
   1.9199999999999999      -0.31393808428033665       0.39933888658562994     
   1.9399999999999999      -0.32229144529261572       0.38581495240628366     
   1.9600000000000000      -0.33084771862687534       0.37195123748762360     
   1.9800000000000000      -0.33836567161482933       0.35820525329204411     
   2.0000000000000000      -0.34610397259929387       0.34417797757513036     
   2.0200000000000000      -0.35278252598620685       0.33026544602417851     
   2.0400000000000000      -0.35969903824600707       0.31613065997346174     
   2.0600000000000001      -0.36553761217710967       0.30210686586076713     
   2.0800000000000001      -0.37163184755245626       0.28792018147492282     
   2.1000000000000001      -0.37663322989951198       0.27383995627529156     
   2.1200000000000001      -0.38190797977843660       0.25965631185085220     
   2.1400000000000001      -0.38607826764326741       0.24557380266412404     
   2.1600000000000001      -0.39053954005919822       0.23144723282923613     
   2.1800000000000002      -0.39388806716855845       0.21741567676860224     
   2.2000000000000002      -0.39754501008650844       0.20339908882703750     
   2.2200000000000002      -0.40008426053532425       0.18947059386790754     
   2.2400000000000002      -0.40294907181452400       0.17561555145676233     
   2.2600000000000002      -0.40469458067659531       0.16184088472446062     
   2.2800000000000002      -0.40678240525874632       0.14819739974744203     
   2.3000000000000003      -0.40775264664325150       0.13462578417951121     
   2.3199999999999998      -0.40908146157390352       0.12124211793154611     
   2.3399999999999999      -0.40929772476215659       0.10792103820345930     
   2.3599999999999999      -0.40988821270771980        9.4843512551812531E-002
   2.3799999999999999      -0.40937446705732267        8.1818531103688419E-002
   2.3999999999999999      -0.40924987903163629        6.9091350536106877E-002
   2.4199999999999999      -0.40803262838417825        5.6405934482855580E-002
   2.4399999999999999      -0.40721863644610157        4.4071019774757164E-002
   2.4600000000000000      -0.40532676381963439        3.1766379423253742E-002
   2.4800000000000000      -0.40385130454656515        1.9863213613970313E-002
   2.5000000000000000      -0.40131590793499972        7.9781532486760537E-003
   2.5200000000000000      -0.39920901751633392       -3.4563594484232144E-003
   2.5400000000000000      -0.39606323765445828       -1.4885577915156111E-002
   2.5600000000000001      -0.39335687948358966       -2.5817239711833261E-002
   2.5800000000000001      -0.38963572046841921       -3.6757019696371421E-002
   2.6000000000000001      -0.38636360614176790       -4.7154452851590589E-002
   2.6200000000000001      -0.38210374982825512       -5.7573972204250673E-002
   2.6400000000000001      -0.37830115448486962       -6.7408718255250161E-002
   2.6600000000000001      -0.37354076959649901       -7.7280024127856034E-002
   2.6800000000000002      -0.36924434255188432       -8.6526628390457591E-002
   2.7000000000000002      -0.36402288946426320       -9.5824717553416858E-002
   2.7200000000000002      -0.35927046110716959      -0.10446079862718481     
   2.7400000000000002      -0.35362849327533374      -0.11316368299785344     
   2.7600000000000002      -0.34845887920624402      -0.12116998708791817     
   2.7800000000000002      -0.34243784221399426      -0.12925874430727660     
   2.8000000000000003      -0.33689064560895365      -0.13661918425124822     
   2.8199999999999998      -0.33053267482112114      -0.14407799322143683     
   2.8399999999999999      -0.32464808800437739      -0.15077967218644195     
   2.8599999999999999      -0.31799580580050918      -0.15759583355709228     
   2.8799999999999999      -0.31181441200420790      -0.16362905344815920     
   2.8999999999999999      -0.30491072556482363      -0.16979299511430965     
   2.9199999999999999      -0.29847330184381154      -0.17515124981070523     
   2.9399999999999999      -0.29136120244819119      -0.18065651755901196     
   2.9600000000000000      -0.28470852470291291      -0.18533647116930335     
   2.9800000000000000      -0.27743088948044337      -0.19017970468186957     
   3.0000000000000000      -0.27060354052110175      -0.19418115508106856     
   3.0200000000000000      -0.26320293757667257      -0.19836204957714632     
   3.0400000000000000      -0.25624111913740905      -0.20168787755992895     
   3.0600000000000001      -0.24875961694536133      -0.20520913142464553     
   3.0800000000000001      -0.24170296652837217      -0.20786523587697647     
   3.1000000000000001      -0.23418194845925083      -0.21073248469276229     
   3.1200000000000001      -0.22706936185568347      -0.21272770424996390     
   3.1400000000000001      -0.21954934666572079      -0.21494944171019290     
   3.1600000000000001      -0.21241880696310239      -0.21629546343227091     
   3.1800000000000002      -0.20493927603818793      -0.21788294967746383     
   3.2000000000000002      -0.19782768988325780      -0.21859420533204543     
   3.2200000000000002      -0.19042692198735972      -0.21956136330655238     
   3.2400000000000002      -0.18336996382875284      -0.21965491390583794     
   3.2600000000000002      -0.17608487806159781      -0.22001821438694533     
   3.2800000000000002      -0.16911684304911978      -0.21951362367737234     
   3.3000000000000003      -0.16198285066967311      -0.21929195967903212     
   3.3200000000000003      -0.15513651683618745      -0.21821115733067320     
   3.3399999999999999      -0.14818738255737648      -0.21742570863030794     
   3.3599999999999999      -0.14149388285587744      -0.21579284391716663     
   3.3799999999999999      -0.13476159616235056      -0.21446693249606552     
   3.3999999999999999      -0.12825030087491071      -0.21230821929821075     
   3.4199999999999999      -0.12176495785971482      -0.21046715652372172     
   3.4399999999999999      -0.11546336783697701      -0.20781071051745195     
   3.4600000000000000      -0.10925306399516745      -0.20548163692833862     
   3.4800000000000000      -0.10318671512520269      -0.20235730586115042     
   3.5000000000000000       -9.7277449482876088E-002 -0.19956902444598754     
   3.5200000000000000       -9.1469828726866820E-002 -0.19600821241892244     
   3.5400000000000000       -8.5885419623243101E-002 -0.19279101630113751     
   3.5600000000000001       -8.0357892892893260E-002 -0.18882650300200102     
   3.5800000000000001       -7.5119905671181472E-002 -0.18521199846404743     
   3.6000000000000001       -6.9891657759323905E-002 -0.18087775431096267     
   3.6200000000000001       -6.5019344559509709E-002 -0.17689868010406329     
   3.6400000000000001       -6.0107331271401804E-002 -0.17222967826979077     
   3.6600000000000001       -5.5617583055112357E-002 -0.16791972216468146     
   3.6800000000000002       -5.1036495623711299E-002 -0.16295174845807947     
   3.7000000000000002       -4.6943806498269590E-002 -0.15834536199619073     
   3.7200000000000002       -4.2706048302684665E-002 -0.15311482357810868     
   3.7400000000000002       -3.9022492148683099E-002 -0.14824703598165725     
   3.7600000000000002       -3.5138167691342231E-002 -0.14279076988846884     
   3.7800000000000002       -3.1873387035865237E-002 -0.13769700208202271     
   3.8000000000000003       -2.8350303071029846E-002 -0.13205208452096551     
   3.8200000000000003       -2.5511510087356040E-002 -0.12676796420625142     
   3.8399999999999999       -2.2355188731793138E-002 -0.12097152157281893     
   3.8599999999999999       -1.9947178186322832E-002 -0.11553270028294291     
   3.8799999999999999       -1.7160881782511368E-002 -0.10962172283187095     
   3.8999999999999999       -1.5186055691102018E-002 -0.10406369587082931     
   3.9199999999999999       -1.2770823134619282E-002  -9.8074854948856302E-002
   3.9399999999999999       -1.1229226833769312E-002  -9.2432785097358389E-002
   3.9600000000000000       -9.1839210197721521E-003  -8.6402254818066127E-002
   3.9800000000000000       -8.0732903034613328E-003  -8.0710800657430290E-002
   4.0000000000000000       -6.3946562927339277E-003  -7.4674084866262300E-002
   4.0200000000000005       -5.7104752134835256E-003  -6.8967234538665545E-002
   4.0400000000000000       -4.3932086666440065E-003  -6.2958999879870817E-002
   4.0600000000000005       -4.1287775497656914E-003  -5.7269911065737276E-002
   4.0800000000000001       -3.1656029291689432E-003  -5.1323826922718335E-002
   4.0999999999999996       -3.3121161024755271E-003  -4.5684673774751383E-002
   4.1200000000000001       -2.6938740953636421E-003  -3.9833259811349414E-002
   4.1399999999999997       -3.2405067930476239E-003  -3.4275087539897463E-002
   4.1600000000000001       -2.9562503668091639E-003  -2.8549569522785367E-002
   4.1799999999999997       -3.8902542259677758E-003  -2.3102157279152793E-002
   4.2000000000000002       -3.9273526871792435E-003  -1.7532331811011142E-002
   4.2199999999999998       -5.2341592187678809E-003  -1.2224064464271820E-002
   4.2400000000000002       -5.5784096121914324E-003  -6.8381732040897550E-003
   4.2599999999999998       -7.2417409951895289E-003  -1.6959225532356629E-003
   4.2800000000000002       -7.8774861472536532E-003   3.4794635557782415E-003
   4.2999999999999998       -9.8794726656738253E-003   8.4304476485987795E-003
   4.3200000000000003       -1.0789725149308895E-002   1.3370533681067304E-002
   4.3399999999999999       -1.3111028566493073E-002   1.8106721808568281E-002
   4.3600000000000003       -1.4277599840647677E-002   2.2788583286450750E-002
   4.3799999999999999       -1.6897541984170060E-002   2.7288254297616429E-002
   4.4000000000000004       -1.8301175941988799E-002   3.1690920406104009E-002
   4.4199999999999999       -2.1197871755496873E-002   3.5934238184243836E-002
   4.4400000000000004       -2.2818381900062825E-002   4.0038763495597575E-002
   4.4600000000000000       -2.5968876205581436E-002   4.4007842468421293E-002
   4.4800000000000004       -2.7785285661358915E-002   4.7797366958745431E-002
   4.5000000000000000       -3.1165692866980659E-002   5.1476326158586598E-002
   4.5200000000000005       -3.3156376428653753E-002   5.4936123366441353E-002
   4.5400000000000000       -3.6742022412139141E-002   5.8311128921801500E-002
   4.5600000000000005       -3.8884849830421848E-002   6.1428642161593203E-002
   4.5800000000000001       -4.2650415229008427E-002   6.4487938164164815E-002
   4.6000000000000005       -4.4922894935172618E-002   6.7252804771061409E-002
   4.6200000000000001       -4.8842559075793518E-002   6.9986732524973505E-002
   4.6399999999999997       -5.1221981553067480E-002   7.2390796171339825E-002
   4.6600000000000001       -5.5269566265134677E-002   7.4791801893219961E-002
   4.6799999999999997       -5.7733146285692309E-002   7.6829113078917946E-002
   4.7000000000000002       -6.1882258850514120E-002   7.8891744178152576E-002
   4.7199999999999998       -6.4407275811405415E-002   8.0558549058183868E-002
   4.7400000000000002       -6.8631450318067957E-002   8.2279439186168743E-002
   4.7599999999999998       -7.1195385928018412E-002   8.3574156958738904E-002
   4.7800000000000002       -7.5468222325033071E-002   8.4952000073639303E-002
   4.7999999999999998       -7.8048894916426581E-002   8.5875189209494260E-002
   4.8200000000000003       -8.2344195071479290E-002   8.6910702958789110E-002
   4.8399999999999999       -8.4919889837881429E-002   8.7465016608329546E-002
   4.8600000000000003       -8.9211789944446354E-002   8.8160895384918073E-002
   4.8799999999999999       -9.1761384433551738E-002   8.8351026352864223E-002
   4.9000000000000004       -9.6024483132768484E-002   8.8711884431506446E-002
   4.9199999999999999       -9.8527567357479626E-002   8.8544500159507253E-002
   4.9400000000000004      -0.10273704897634131        8.8576805368605502E-002
   4.9600000000000000      -0.10517403954260561        8.8060473413922813E-002
   4.9800000000000004      -0.10930579188495353        8.7772471842901753E-002
   5.0000000000000000      -0.11165803957378372        8.6917576385928411E-002
   5.0200000000000005      -0.11568876573863039        8.6319208670524838E-002
   5.0400000000000000      -0.11793865602118453        8.5137858625209867E-002
   5.0600000000000005      -0.12184597976325555        8.4240668391648857E-002
   5.0800000000000001      -0.12397702577171517        8.2746597730715923E-002
   5.1000000000000005      -0.12773958996156826        8.1563632814852571E-002
   5.1200000000000001      -0.12973651748457801        7.9772093755842141E-002
   5.1399999999999997      -0.13333407526997182        7.8317800844734498E-002
   5.1600000000000001      -0.13518289938933112        7.6245450573226195E-002
   5.1799999999999997      -0.13859639770541671        7.4535563944141250E-002
   5.2000000000000002      -0.14028449074027607        7.2200345576893310E-002
   5.2199999999999998      -0.14349614586340378        7.0251770632320187E-002
   5.2400000000000002      -0.14501229633914048        6.7672789145390169E-002
   5.2599999999999998      -0.14800566122734232        6.5503481462151861E-002
   5.2800000000000002      -0.14934012363829183        6.2700875327250438E-002
   5.2999999999999998      -0.15210014685053896        6.0329715953196465E-002
   5.3200000000000003      -0.15324468203855415        5.7324525239510968E-002
   5.3399999999999999      -0.15575775807442180        5.4771192982489947E-002
   5.3600000000000003      -0.15670566409853287        5.1585224690954112E-002
   5.3799999999999999      -0.15895967504965194        4.8870066151782139E-002
   5.4000000000000004      -0.15970580847561713        4.5525757554244817E-002
   5.4199999999999999      -0.16169015692997252        4.2669655658199371E-002
   5.4400000000000004      -0.16223094452195033        3.9189936415162031E-002
   5.4600000000000000      -0.16393657771142378        3.6214178195161796E-002
   5.4800000000000004      -0.16427001856107470        3.2622332022740064E-002
   5.5000000000000000      -0.16568944379134964        2.9548476401861888E-002
   5.5200000000000005      -0.16581510197210103        2.5868003051431263E-002
   5.5400000000000000      -0.16694239342187858        2.2717749362832183E-002
   5.5600000000000005      -0.16686138130757960        1.8972227665516497E-002
   5.5800000000000001      -0.16769217833073646        1.5767285634260081E-002
   5.6000000000000005      -0.16740713076821584        1.1980238347110653E-002
   5.6200000000000001      -0.16793862787780944        8.7422002409538423E-003
   5.6399999999999997      -0.16745366745165893        4.9369614124670103E-003
   5.6600000000000001      -0.16768459620830994        1.6871770474788002E-003
   5.6799999999999997      -0.16700528988329436       -2.1132374028486811E-003
   5.7000000000000002      -0.16693589295221523       -5.3537821407384986E-003
   5.7199999999999998      -0.16606920042380902       -9.1267999606504495E-003
   5.7400000000000002      -0.16570119810438069       -1.2337600445262151E-002
   5.7599999999999998      -0.16465541223081873       -1.6061214067551597E-002
   5.7800000000000002      -0.16399196179993800       -1.9222359511726156E-002
   5.7999999999999998      -0.16277664152962495       -2.2875241946521966E-002
   5.8200000000000003      -0.16182228977486246       -2.5967522663975062E-002
   5.8399999999999999      -0.16044818602080929       -2.9529137696540024E-002
   5.8600000000000003      -0.15920881537155748       -3.2534146516433909E-002
   5.8799999999999999      -0.15768779031951805       -3.5984852680380597E-002
   5.9000000000000004      -0.15617055901361518       -3.8885080024506712E-002
   5.9199999999999999      -0.15451549938261419       -4.2206227861712402E-002
   5.9400000000000004      -0.15272877613226568       -4.4985150036231075E-002
   5.9600000000000000      -0.15095350093509138       -4.8159172198349608E-002
   5.9800000000000004      -0.14890679457915759       -5.0801332496118373E-002
   6.0000000000000000      -0.14702595795600981       -5.3811826288174672E-002
   6.0200000000000005      -0.14472984260579061       -5.6302908543541627E-002
   6.0400000000000000      -0.14275883232651840       -5.9134710557374529E-002
   6.0600000000000005      -0.14022486852896374       -6.1461604842638254E-002
   6.0800000000000001      -0.13817970077810743       -6.4100857376644130E-002
   6.1000000000000005      -0.13542035323386170       -6.6251717577902866E-002
   6.1200000000000001      -0.13331756430796476       -6.8685926589335672E-002
   6.1400000000000006      -0.13034611669177645       -7.0650219648877952E-002
   6.1600000000000001      -0.12820265225010471       -7.2868304035588596E-002
   6.1799999999999997      -0.12503311968788516       -7.4636850698025906E-002
   6.2000000000000002      -0.12286622220575873       -7.6629182757680908E-002
   6.2199999999999998      -0.11951326196595943       -7.8194189707402023E-002
   6.2400000000000002      -0.11734035704435940       -7.9952626673616259E-002
   6.2599999999999998      -0.11381917800138040       -8.1307710001564809E-002
   6.2800000000000002      -0.11165776018735046       -8.2825616607724611E-002
   6.2999999999999998      -0.10798403161143674       -8.3965816595683709E-002
   6.3200000000000003      -0.10585155038109283       -8.5238078668239597E-002
   6.3399999999999999      -0.10204131060268223       -8.6159865928470747E-002
   6.3600000000000003       -9.9955057152421506E-002  -8.7182895061862317E-002
   6.3799999999999999       -9.6024622639256610E-002  -8.7884168118818967E-002
   6.4000000000000004       -9.4001618121090716E-002  -8.8655897533684996E-002
   6.4199999999999999       -8.9967493493694456E-002  -8.9135971982339413E-002
   6.4400000000000004       -8.8024379317606621E-002  -8.9655843716998695E-002
   6.4600000000000000       -8.3903168813060119E-002  -8.9915433138828701E-002
   6.4800000000000004       -8.2056099623005890E-002  -9.0184376770935840E-002
   6.5000000000000000       -7.7864420498484549E-002  -9.0225565633570343E-002
   6.5200000000000005       -7.6128960409239999E-002  -9.0245968774110702E-002
   6.5400000000000000       -7.1883358755602714E-002  -9.0072177583795029E-002
   6.5600000000000005       -7.0274381415246584E-002  -8.9847848428950605E-002
   6.5800000000000001       -6.5991250827288878E-002  -8.9463791446142388E-002
   6.6000000000000005       -6.4522843844835018E-002  -8.8999913713815021E-002
   6.6200000000000001       -6.0218347368777736E-002  -8.8411549581149121E-002
   6.6400000000000006       -5.8903721618512941E-002  -8.7714630197861382E-002
   6.6600000000000001       -5.4593717369084208E-002  -8.6929105866232481E-002
   6.6799999999999997       -5.3445121652689082E-002  -8.6006915806547582E-002
   6.7000000000000002       -4.9145092461958625E-002  -8.5032504178970653E-002
   6.7199999999999998       -4.8173733976681413E-002  -8.3894012893302436E-002
   6.7400000000000002       -4.3898721404823204E-002  -8.2740044637358595E-002
   6.7599999999999998       -4.3114692431035669E-002  -8.1395348534919670E-002
   6.7800000000000002       -3.8879235435635762E-002  -8.0072138542828838E-002
   6.7999999999999998       -3.8291446620232678E-002  -7.8532384024344565E-002
   6.8200000000000003       -3.4109525145840355E-002  -7.7051153024893890E-002
   6.8399999999999999       -3.3725645719365621E-002  -7.5328454584464272E-002
   6.8600000000000003       -2.9610629432929955E-002  -7.3701246433047873E-002
   6.8799999999999999       -2.9437034658245403E-002  -7.1808600370059525E-002
   6.9000000000000004       -2.5401637019114045E-002  -7.0048195561853821E-002
   6.9199999999999999       -2.5443363128101529E-002  -6.7999389862039059E-002
   6.9400000000000004       -2.1499600943615801E-002  -6.6119215828770672E-002
   6.9600000000000000       -2.1760307776053506E-002  -6.3928736788309320E-002
   6.9800000000000004       -1.7919466355688422E-002  -6.1942775551110288E-002
   7.0000000000000000       -1.8401407871307496E-002  -5.9625711729019745E-002
   7.0200000000000005       -1.4674011854013444E-002  -5.7548405488468776E-002
   7.0400000000000000       -1.5378014645062270E-002  -5.5120349580397868E-002
   7.0600000000000005       -1.1773804536203098E-002  -5.2966504829996465E-002
   7.0800000000000001       -1.2699254423866477E-002  -5.0443454060916680E-002
   7.1000000000000005       -9.2271688401518170E-003  -4.8228144811946504E-002
   7.1200000000000001       -1.0372005594133581E-002  -4.5626400446129152E-002
   7.1400000000000006       -7.0401691774439569E-003  -4.3364871150102388E-002
   7.1600000000000001       -8.4008893541649993E-003  -4.0700937714211058E-002
   7.1799999999999997       -5.2166062783950305E-003  -3.8408506463999709E-002
   7.2000000000000002       -6.7882741298223061E-003  -3.5698991273163033E-002
   7.2199999999999998       -3.7580270890430817E-003  -3.3390953855436424E-002
   7.2400000000000002       -5.5342934513821860E-003  -3.0652467422865561E-002
   7.2599999999999998       -2.6637479829646499E-003  -2.8344002782758174E-002
   7.2800000000000002       -4.6368770125465916E-003  -2.5593060680924672E-002
   7.2999999999999998       -1.9308909756012233E-003  -2.3299138344996910E-002
   7.3200000000000003       -4.0917945584930003E-003  -2.0552065070696374E-002
   7.3399999999999999       -1.5544325562652102E-003  -1.8287355056356657E-002
   7.3600000000000003       -3.8927121786452743E-003  -1.5560190433276687E-002
   7.3799999999999999       -1.5272646835477891E-003  -1.3338976152037912E-002
   7.4000000000000004       -4.0312605119128403E-003  -1.0647384782866517E-002
   7.4199999999999999       -1.8402674238508594E-003  -8.4834794212643276E-003
   7.4400000000000004       -4.4971143078500536E-003  -5.8426636770749071E-003
   7.4600000000000000       -2.4823926505637261E-003  -3.7493305129449456E-003
   7.4800000000000004       -5.2780827268684750E-003  -1.1739475207480452E-003
   7.5000000000000000       -3.4407581633276773E-003   8.3617539597597833E-004
   7.5200000000000005       -6.3602097066048496E-003   3.3320923358301537E-003
   7.5400000000000000       -4.7007515331756004E-003   5.2470627393837004E-003
   7.5600000000000005       -7.7278836700902407E-003   7.6501779056372078E-003
   7.5800000000000001       -6.2461429303667243E-003   9.4588147421007067E-003
   7.6000000000000005       -9.3639558047339134E-003   1.1756558547863397E-002
   7.6200000000000001       -8.0592061476949198E-003   1.3448501943142743E-002
   7.6400000000000006       -1.1249866099550480E-002   1.5629133962082393E-002
   7.6600000000000001       -1.0120846993136987E-002   1.7194899435217275E-002
   7.6799999999999997       -1.3365776291709174E-002   1.9247565603310257E-002
   7.7000000000000002       -1.2410738192096383E-002   2.0678592267606089E-002
   7.7199999999999998       -1.5690708842525412E-002   2.2593376002951870E-002
   7.7400000000000002       -1.4907459911325881E-002   2.3882068536015662E-002
   7.7599999999999998       -1.8202691037569007E-002   2.5650035558123015E-002
   7.7800000000000002       -1.7588644993983958E-002   2.6789799761342440E-002
   7.7999999999999998       -2.0878903285718637E-002   2.8403036431008777E-002
   7.8200000000000003       -2.0431127978264931E-002   2.9388308239107250E-002
   7.8399999999999999       -2.3695830677803099E-002   3.0839953280295047E-002
   7.8600000000000003       -2.3411096960679060E-002   3.1666221122083005E-002
   7.8799999999999999       -2.6629416856957643E-002   3.2950490627808929E-002
   7.9000000000000004       -2.6504247359350003E-002   3.3614311079892628E-002
   7.9199999999999999       -2.9655219249976529E-002   3.4726516744846704E-002
   7.9400000000000004       -2.9685936632614488E-002   3.5225523460612307E-002
   7.9600000000000000       -3.2748564711716902E-002   3.6162084023780024E-002
   7.9800000000000004       -3.2931339013692426E-002   3.6494989960207426E-002
   8.0000000000000000       -3.5884704642928610E-002   3.7253435880944076E-002
   8.0199999999999996       -3.6215599333153270E-002   3.7420028885490959E-002
   8.0400000000000009       -3.9038968655643429E-002   3.7999000316067282E-002
   8.0600000000000005       -3.9513985017214710E-002   3.8000132174773833E-002
   8.0800000000000001       -4.2186915879319289E-002   3.8399370331153003E-002
   8.0999999999999996       -4.2802035371421861E-002   3.8236939417033232E-002
   8.1200000000000010       -4.5304483025136490E-002   3.8457271487336825E-002
   8.1400000000000006       -4.6055707285790573E-002   3.8134199184832164E-002
   8.1600000000000001       -4.8368128354990880E-002   3.8177516951400141E-002
   8.1799999999999997       -4.9251516528851819E-002   3.7697718067972986E-002
   8.1999999999999993       -5.1354970735606430E-002   3.7566950453922526E-002
   8.2200000000000006       -5.2366673833974635E-002   3.6935297863568937E-002
   8.2400000000000002       -5.4242922996552846E-002   3.6634377648121087E-002
   8.2599999999999998       -5.5379215021618265E-002   3.5856661443501185E-002
   8.2799999999999994       -5.7010818853537197E-002   3.5390486421896510E-002
   8.3000000000000007       -5.8268124445492425E-002   3.4473367881747818E-002
   8.3200000000000003       -5.9638532704853420E-002   3.3847756775146981E-002
   8.3399999999999999       -6.1013451098690268E-002   3.2798717481501843E-002
   8.3599999999999994       -6.2107091659012049E-002   3.2020360929712208E-002
   8.3800000000000008       -6.3596416767383687E-002   3.0847647395041047E-002
   8.4000000000000004       -6.4398779205007237E-002   2.9924054390086434E-002
   8.4199999999999999       -6.5999515674300610E-002   2.8636618577702815E-002
   8.4399999999999995       -6.6497229993065635E-002   2.7576058719035467E-002
   8.4600000000000009       -6.8206605111587604E-002   2.6183494860810563E-002
   8.4800000000000004       -6.8387515252703659E-002   2.4994936833241530E-002
   8.5000000000000000       -7.0202986622434932E-002   2.3507414966783886E-002
   8.5199999999999996       -7.0056218436124168E-002   2.2200461659885280E-002
   8.5400000000000009       -7.1975477352628228E-002   2.0628658322761471E-002
   8.5600000000000005       -7.1491500738029554E-002   1.9213479025491878E-002
   8.5800000000000001       -7.3512471256606579E-002   1.7568505556726344E-002
   8.5999999999999996       -7.2683156207424562E-002   1.6055765673286055E-002
   8.6200000000000010       -7.4803989907257978E-002   1.4349094582231929E-002
   8.6400000000000006       -7.3622656232532710E-002   1.2749883324621044E-002
   8.6600000000000001       -7.5841722724172597E-002   1.0993273194303767E-002
   8.6799999999999997       -7.4303183246154772E-002   9.3190297137040485E-003
   8.7000000000000011       -7.6619056501002522E-002   7.5244491098880872E-003
   8.7200000000000006       -7.4719653565255215E-002   5.7868875328063677E-003
   8.7400000000000002       -7.7131094178543469E-002   3.9664383913226593E-003
   8.7599999999999998       -7.4868729344872209E-002   2.1774722274240342E-003
   8.7799999999999994       -7.7374662875763001E-002   3.4331319073905870E-004
   8.8000000000000007       -7.4748819692213336E-002  -1.4850204225160223E-003
   8.8200000000000003       -7.7348311255858934E-002  -3.3207502528750754E-003
   8.8399999999999999       -7.4360071051631824E-002  -5.1763660082559740E-003
   8.8599999999999994       -7.7052296368156303E-002  -7.0016224439300549E-003
   8.8800000000000008       -7.3704347034696818E-002  -8.8724615718808290E-003
   8.9000000000000004       -7.6488560168868305E-002  -1.0675369384887071E-002
   8.9199999999999999       -7.2785197931405005E-002  -1.2549473167079717E-002
   8.9399999999999995       -7.5660695984093335E-002  -1.4318398374745588E-002
   8.9600000000000009       -7.1607820198375013E-002  -1.6183980032914689E-002
   8.9800000000000004       -7.4573905236550886E-002  -1.7907599998214577E-002
   9.0000000000000000       -7.0179006277278883E-002  -1.9753114542382672E-002
   9.0199999999999996       -7.3234944813142661E-002  -2.1420485484676847E-002
   9.0400000000000009       -6.8507085151474689E-002  -2.3234697122152422E-002
   9.0600000000000005       -7.1652065503151535E-002  -2.4835318652919158E-002
   9.0800000000000001       -6.6601854100508631E-002  -2.6607365378929573E-002
   9.0999999999999996       -6.9834941986469182E-002  -2.8131241698799450E-002
   9.1200000000000010       -6.4474502160571379E-002  -2.9850696711168734E-002
   9.1400000000000006       -6.7794594897405441E-002  -3.1288394128264792E-002
   9.1600000000000001       -6.2137525843865678E-002  -3.2945323732009285E-002
   9.1799999999999997       -6.5543305532134680E-002  -3.4288024187106012E-002
   9.2000000000000011       -5.9604637710934757E-002  -3.5873041880037572E-002
   9.2200000000000006       -6.3094523806456693E-002  -3.7112592191204830E-002
   9.2400000000000002       -5.6890668427107008E-002  -3.8616908648431543E-002
   9.2599999999999998       -6.0462770105099921E-002  -3.9745865216447497E-002
   9.2799999999999994       -5.4011462967149072E-002  -4.1161333919867205E-002
   9.3000000000000007       -5.7663531694105395E-002  -4.2173002665581646E-002
   9.3200000000000003       -5.0983771660832643E-002  -4.3492160953889900E-002
   9.3399999999999999       -5.4713154393762564E-002  -4.4380632289704298E-002
   9.3599999999999994       -4.7825136796282350E-002  -4.5596737634895947E-002
   9.3800000000000008       -5.1628730231011527E-002  -4.6356916304403951E-002
   9.4000000000000004       -4.4553775517584389E-002  -4.7463977652042785E-002
   9.4199999999999999       -4.8427981807097224E-002  -4.8091607304445678E-002
   9.4399999999999995       -4.1188459768126393E-002  -4.9084411346913416E-002
   9.4600000000000009       -4.5129144128504578E-002  -4.9576093745888589E-002
   9.4800000000000004       -3.7748394041465634E-002  -5.0450226030204701E-002
   9.5000000000000000       -4.1750844656792414E-002  -5.0803434830260279E-002
   9.5199999999999996       -3.4253091707169635E-002  -5.1555295634689746E-002
   9.5400000000000009       -3.8311982335879027E-002  -5.1768384691484010E-002
   9.5600000000000005       -3.0722250680052764E-002  -5.2395199637823291E-002
   9.5800000000000001       -3.4831606353641124E-002  -5.2467405852263921E-002
   9.5999999999999996       -2.7175629197583859E-002  -5.2967231253220490E-002
   9.6200000000000010       -3.1328795388425569E-002  -5.2898671982189352E-002
   9.6400000000000006       -2.3632922462029176E-002  -5.3270394955453944E-002
   9.6600000000000001       -2.7822538080320827E-002  -5.3062060054534635E-002
   9.6799999999999997       -2.0113640891213640E-002  -5.3305393466798918E-002
   9.7000000000000011       -2.4331615451898322E-002  -5.2959132062228340E-002
   9.7200000000000006       -1.6636990704748403E-002  -5.3074604397339624E-002
   9.7400000000000002       -2.0874485983744567E-002  -5.2593106515378144E-002
   9.7599999999999998       -1.3221757551325019E-002  -5.2582046790868663E-002
   9.7799999999999994       -1.7469174026617122E-002  -5.1968820002710067E-002
   9.8000000000000007       -9.8861938573804528E-003  -5.1833337887919280E-002
   9.8200000000000003       -1.4133162204648856E-002  -5.1092679156972479E-002
   9.8399999999999999       -6.6479105482794279E-003  -5.0835640473732985E-002
   9.8599999999999994       -1.0883288432894524E-002  -4.9972603419441826E-002
   9.8800000000000008       -3.5237737603486005E-003  -4.9597601232666863E-002
   9.9000000000000004       -7.7356481378804739E-003  -4.8617959050841174E-002
   9.9199999999999999       -5.2980712585865399E-004  -4.8129280581188219E-002
   9.9399999999999995       -4.7055022319210668E-003  -4.7039484884956920E-002
   9.9600000000000009        2.3188998263685276E-003  -4.6442074498911190E-002
   9.9800000000000004       -1.8071913510598380E-003  -4.5249210366746138E-002
   10.000000000000000        5.0082766543865856E-003  -4.4548628920844630E-002
   10.020000000000000        9.4594317714782059E-004  -4.3260366458522950E-002
   10.040000000000001        7.5253499152188701E-003  -4.2462747293909926E-002
   10.060000000000000        3.5416312158840892E-003  -4.1087290035675600E-002
   10.080000000000000        9.8583135975739630E-003  -4.0199291936642866E-002
   10.100000000000000        5.9687381794635112E-003  -3.8745322427100957E-002
   10.120000000000001        1.1996591716497525E-002  -3.7774079872631726E-002
   10.140000000000001        8.2173215500644693E-003  -3.6250702784979924E-002
   10.160000000000000        1.3930892762362047E-002  -3.5203773835508136E-002
   10.180000000000000        1.0278679280585118E-002  -3.3620456993512897E-002
   10.200000000000001        1.5653255749084480E-002  -3.2505769166068697E-002
   10.220000000000001        1.2145389866199004E-002  -3.0872282846673794E-002
   10.240000000000000        1.7157087660021730E-002  -2.9698077340263029E-002
   10.260000000000000        1.3811343920831620E-002  -2.8024432240838365E-002
   10.279999999999999        1.8437192144291025E-002  -2.6799206880265714E-002
   10.300000000000001        1.5271767148947901E-002  -2.5095591139239471E-002
   10.320000000000000        1.9489789370959649E-002  -2.3828042409613021E-002
   10.340000000000000        1.6523234657395740E-002  -2.2104758071571234E-002
   10.359999999999999        2.0312527003309367E-002  -2.0803722617416424E-002
   10.380000000000001        1.7563676606256164E-002  -1.9071121933706543E-002
   10.400000000000000        2.0904482309870551E-002  -1.7745517895980202E-002
   10.420000000000000        1.8392375251375132E-002  -1.6013939849438986E-002
   10.440000000000000        2.1266155482808875E-002  -1.4672708410794559E-002
   10.460000000000001        1.9009953484167792E-002  -1.2952415848470265E-002
   10.480000000000000        2.1399454287209442E-002  -1.1604463351922572E-002
   10.500000000000000        1.9418355026074835E-002  -9.9055811026256338E-003
   10.520000000000000        2.1307670216523723E-002  -8.5597221013504823E-003
   10.540000000000001        1.9620816485402238E-002  -6.8921764456079532E-003
   10.560000000000000        2.0995446379618359E-002  -5.5570780320553324E-003
   10.580000000000000        1.9621831532892674E-002  -3.9305378806377966E-003
   10.600000000000000        2.0468737393199082E-002  -2.6146656315162169E-003
   10.620000000000001        1.9427107498974132E-002  -1.0384857552398702E-003
   10.640000000000001        1.9734761599598853E-002   2.4994838466462464E-004
   10.660000000000000        1.9043514739939638E-002   1.7667817465836953E-003
   10.680000000000000        1.8801945973754095E-002   3.0198693342544745E-003
   10.700000000000001        1.8479029162078279E-002   4.4687901772909062E-003
   10.720000000000001        1.7679864124400837E-002   5.6789736047149503E-003
   10.740000000000000        1.7742668331767509E-002   7.0518848825681327E-003
   10.760000000000000        1.6379167832877097E-002   8.2120019019325755E-003
   10.779999999999999        1.6844421635534630E-002   9.5013210001006383E-003
   10.800000000000001        1.4911512608211566E-002   1.0604646189881483E-002
   10.820000000000000        1.5795174986906458E-002   1.1803346900927424E-002
   10.840000000000000        1.3289477769225781E-002   1.2843629843515812E-002
   10.859999999999999        1.4606630606317417E-002   1.3945280619044688E-002
   10.880000000000001        1.1526481593013003E-002   1.4916780583485391E-002
   10.900000000000000        1.3291222426286629E-002   1.5915578862376469E-002
   10.920000000000000        9.6366920942401353E-003   1.6813095809783341E-002
   10.940000000000000        1.1862027696375605E-002   1.7703898247745990E-002
   10.960000000000001        7.6349340211302914E-003   1.8522800001852038E-002
   10.980000000000000        1.0332675380995575E-002   1.9301148453736181E-002
   11.000000000000000        5.5365926716276093E-003   2.0037393904670086E-002
   11.020000000000000        8.7172519578658514E-003   2.0699537037995128E-002
   11.040000000000001        3.3575151470507320E-003   2.1349695273586603E-002
   11.060000000000000        7.0302052357749441E-003   2.1892605719288444E-002
   11.080000000000000        1.1139096704588180E-003   2.2453871004825567E-002
   11.100000000000000        5.2862468172310308E-003   2.2875257979089625E-002
   11.120000000000001       -1.1777563970403453E-003   2.3345460533314759E-002
   11.140000000000001        3.5002538345983653E-003   2.3643777892393695E-002
   11.160000000000000       -3.5008592067176194E-003   2.4021390434463538E-002
   11.180000000000000        1.6871705874153572E-003   2.4195840152401782E-002
   11.200000000000001       -5.8387211058600575E-003   2.4479980221385641E-002
   11.220000000000001       -1.3808929618420486E-004   2.4530511308420648E-002
   11.240000000000000       -8.1747127267361042E-003   2.4720939383504718E-002
   11.260000000000000       -1.9607395596127832E-003   2.4648242290421458E-002
   11.279999999999999       -1.0492353862425734E-002   2.4745355766164844E-002
   11.300000000000001       -3.7662162775176648E-003   2.4550852346882628E-002
   11.320000000000000       -1.2775412524160546E-002   2.4555675443475557E-002
   11.340000000000000       -5.5402704889450771E-003   2.4241504574486875E-002
   11.359999999999999       -1.5008001591503619E-002   2.4155674287840372E-002
   11.380000000000001       -7.2690579373541281E-003   2.3724673268646621E-002
   11.400000000000000       -1.7174672486829551E-002   2.3550421489148682E-002
   11.420000000000000       -8.9392253736564238E-003   2.3006103372400159E-002
   11.440000000000000       -1.9260505328990724E-002   2.2746235324165386E-002
   11.460000000000001       -1.0537992904450086E-002   2.2092762347672049E-002
   11.480000000000000       -2.1251195047606974E-002   2.1750631521956002E-002
   11.500000000000000       -1.2053231896618383E-002   2.0992784836958156E-002
   11.520000000000000       -2.3133132968905422E-002   2.0572264613978618E-002
   11.540000000000001       -1.3473537981273482E-002   1.9715410524927628E-002
   11.560000000000000       -2.4893483416261634E-002   1.9220862697515186E-002
   11.580000000000000       -1.4788298734429267E-002   1.8270915647997883E-002
   11.600000000000000       -2.6520254903333804E-002   1.7707156078179700E-002
   11.620000000000001       -1.5987755648553655E-002   1.6670538635419334E-002
   11.640000000000001       -2.8002365534705354E-002   1.6042800291124731E-002
   11.660000000000000       -1.7063060048036947E-002   1.4926400397610329E-002
   11.680000000000000       -2.9329702268013368E-002   1.4240294031086844E-002
   11.700000000000001       -1.8006322642363754E-002   1.3051419806235710E-002
   11.720000000000001       -3.0493173732384072E-002   1.2312892548403277E-002
   11.740000000000000       -1.8810656453126698E-002   1.1059224935674140E-002
   11.760000000000000       -3.1484756340356926E-002   1.0274517091457311E-002
   11.779999999999999       -1.9470212894697456E-002   8.9640606569416359E-003
   11.800000000000001       -3.2297533474082381E-002   8.1396609955521025E-003
   11.820000000000000       -1.9980210833094463E-002   6.7806931927278224E-003
   11.840000000000000       -3.2925727571145959E-002   5.9232930338803304E-003
   11.859999999999999       -2.0336958493072176E-002   4.5243122558777261E-003
   11.880000000000001       -3.3364724980619702E-002   3.6407586579828969E-003
   11.900000000000000       -2.0537868129416308E-002   2.2104314033609628E-003
   11.920000000000000       -3.3611093505585693E-002   1.3076797628318298E-003
   11.940000000000000       -2.0581463424574009E-002  -1.4521275651760944E-004
   11.960000000000001       -3.3662592594129195E-002  -1.0601463845863342E-003
   11.980000000000000       -2.0467379620789195E-002  -2.5267618642003248E-003
   12.000000000000000       -3.3518176186376557E-002  -3.4468484145617497E-003
   12.020000000000000       -2.0196356440565746E-002  -4.9183369790554319E-003
   12.040000000000001       -3.3177988270274059E-002  -5.8365816874126741E-003
   12.060000000000000       -1.9770223894263736E-002  -7.3041389886580755E-003
   12.080000000000000       -3.2643351243192280E-002  -8.2136280633945281E-003
   12.100000000000000       -1.9191881117671356E-002  -9.6685476362463347E-003
   12.120000000000001       -3.1916747219827138E-002  -1.0562493995395191E-002
   12.140000000000001       -1.8465268425220810E-002  -1.1996218559262086E-002
   12.160000000000000       -3.1001792468992831E-002  -1.2868006345690262E-002
   12.180000000000000       -1.7595332805872922E-002  -1.4272177749376841E-002
   12.200000000000001       -2.9903205202513525E-002  -1.5115405347263531E-002
   12.220000000000001       -1.6587987128336427E-002  -1.6481912865407865E-002
   12.240000000000000       -2.8626766978280697E-002  -1.7290434152866643E-002
   12.260000000000000       -1.5450063359980533E-002  -1.8611460854890283E-002
   12.280000000000001       -2.7179278016426903E-002  -1.9379424440928831E-002
   12.300000000000001       -1.4189260139324176E-002  -2.0647491367607726E-002
   12.320000000000000       -2.5568506762263115E-002  -2.1369377576444276E-002
   12.340000000000000       -1.2814085075138365E-002  -2.2577385474899937E-002
   12.359999999999999       -2.3803134061940859E-002  -2.3248040856856004E-002
   12.380000000000001       -1.1333792175791692E-002  -2.4389309241847186E-002
   12.400000000000000       -2.1892692346553722E-002  -2.5003978407499339E-002
   12.420000000000000       -9.7583148403331838E-003  -2.6072281735248993E-002
   12.440000000000000       -1.9847500247424744E-002  -2.6626636328129387E-002
   12.460000000000001       -8.0981948677894561E-003  -2.7616237088426275E-002
   12.480000000000000       -1.7678593089494384E-002  -2.8106401731187093E-002
   12.500000000000000       -6.3645079631215670E-003  -2.9012080284027162E-002
